-15376 
0 
262180 
32761 
-221139120 
14 
0 
0 
-2145979060 
1 
-221249536 
32761 
-217987728 
32761 
-221160800 
32761 
-14704 
0 
-1806268268 
23410 
-220316912 
32761 
0 
0 
-15248 
0 
0 
0 
0 
0 
-13424 
0 
-2143963392 
1 
-15376 
0 
-15680 
0 
262180 
0 
-15120 
0 
257 
32 
68 
5 
99180 
8 
0 
2 
5505102 
4259872 
5505109 
5177416 
4784210 
5832788 
0 
0 
0 
0 
0 
0 
0 
0 
0 
0 
-15592 
0 
568 
384 
0 
0 
1 
0 
0 
0 
0 
0 
0 
0 
0 
0 
0 
0 
7149792 
0 
0 
0 
0 
0 
0 
0 
0 
0 
0 
0 
-15248 
0 
-218005248 
32761 
0 
0 
0 
0 
0 
0 
0 
0 
-13816 
0 
0 
0 
1 
0 
0 
0 
3076096 
0 
0 
0 
0 
0 
758197587 
875965749 
3552045 
842151223 
3748149 
859321645 
825046070 
875968568 
909521453 
842151729 
758329394 
926496049 
959526965 
908931888 
943141173 
909193778 
825766445 
925972789 
758330932 
909324856 
959788085 
808594739 
859189817 
926233907 
943206701 
859189557 
3748920 
0 
0 
0 
0 
0 
-15344 
0 
7145064 
0 
7145040 
0 
7145108 
0 
0 
0 
60 
0 
0 
0 
1 
0 
0 
0 
0 
0 
0 
0 
0 
0 
0 
0 
0 
0 
0 
0 
-218338320 
32761 
7077955 
7667823 
2097252 
6488129 
7274595 
7209077 
2097268 
7667777 
6815860 
7209061 
6881396 
6357091 
6881396 
7209071 
0 
0 
448 
2 
0 
0 
0 
0 
0 
0 
0 
0 
0 
0 
0 
0 
0 
0 
-13248 
0 
-2147071248 
1 
0 
0 
-27048 
0 
0 
0 
0 
0 
-13816 
0 
0 
0 
0 
0 
0 
0 
0 
0 
0 
0 
-14704 
0 
0 
0 
0 
0 
0 
0 
0 
0 
0 
0 
7151232 
0 
404 
0 
-1806267468 
23410 
-14824 
0 
0 
0 
-13816 
0 
0 
0 
0 
0 
-218005112 
32761 
0 
0 
-218003552 
32761 
-220317616 
32761 
-218003552 
32761 
0 
0 
0 
0 
-218005112 
32761 
-14704 
0 
-13816 
0 
1903232307 
0 
-199358544 
32761 
-217921614 
32761 
-217987760 
32761 
2 
0 
-217987728 
32761 
-13816 
0 
512 
0 
1716604420 
4037 
-217921620 
32761 
0 
0 
-2146619762 
1 
-14544 
0 
-2146506771 
1 
7152048 
0 
-199531375 
32761 
0 
0 
0 
0 
7149120 
0 
392 
0 
67 
32761 
481 
0 
48 
7667823 
0 
0 
0 
0 
0 
0 
0 
0 
0 
0 
0 
0 
0 
0 
303840 
8 
-2145116848 
1 
0 
0 
-2146619218 
1 
1 
0 
-13696 
0 
1 
0 
-2147198918 
1 
-14096 
0 
7149120 
0 
11 
0 
-2145615163 
1 
481 
0 
11 
0 
0 
0 
11 
0 
-14032 
0 
-2143844192 
1 
-2143846120 
1 
-2145190791 
1 
16 
8 
-2147202347 
1 
528 
0 
17 
8 
0 
0 
-2147199789 
1 
-2143844328 
1 
0 
0 
-2144872137 
1 
-14032 
0 
17 
8 
-2144821912 
1 
-2143844312 
1 
-2143846136 
1 
17 
8 
-2144821912 
1 
16 
8 
-2147202551 
1 
7 
0 
-14032 
0 
-2144872137 
1 
-2146473625 
1 
-14032 
0 
-2146470715 
1 
2240 
0 
-2145684739 
1 
-13504 
0 
0 
0 
-13504 
0 
-2146506395 
1 
-13216 
0 
-2144537984 
1 
-13424 
0 
0 
0 
-13744 
0 
-13752 
0 
-2145128704 
1 
-2146502650 
1 
0 
0 
-2145166944 
1 
0 
0 
0 
0 
7151248 
0 
-2145933643 
1 
64 
0 
784 
769 
764 
770 
795 
852 
926 
1008 
1093 
1162 
1209 
1217 
1204 
1157 
1094 
1017 
951 
919 
896 
880 
874 
868 
865 
872 
875 
880 
877 
872 
860 
837 
822 
816 
811 
811 
813 
819 
825 
828 
828 
825 
817 
811 
804 
803 
805 
810 
814 
801 
813 
827 
837 
843 
842 
836 
829 
822 
816 
816 
818 
818 
821 
830 
836 
842 
843 
841 
838 
825 
809 
810 
810 
795 
799 
806 
810 
822 
828 
827 
817 
807 
797 
791 
791 
809 
868 
948 
1037 
1125 
1210 
1269 
1295 
1295 
1264 
1215 
1163 
1098 
1044 
998 
974 
958 
943 
924 
902 
879 
862 
853 
855 
857 
863 
856 
852 
855 
855 
853 
843 
825 
816 
810 
808 
810 
813 
816 
823 
832 
836 
832 
829 
826 
818 
808 
800 
797 
800 
808 
810 
815 
818 
827 
829 
825 
817 
809 
803 
798 
825 
837 
846 
861 
870 
858 
839 
810 
791 
784 
783 
784 
790 
802 
812 
825 
837 
844 
862 
907 
975 
1066 
1150 
1252 
1332 
1407 
1459 
1496 
1503 
1490 
1426 
1351 
1248 
1142 
1050 
989 
953 
935 
924 
915 
910 
909 
900 
887 
873 
852 
832 
823 
819 
819 
824 
832 
837 
842 
842 
835 
823 
810 
802 
798 
799 
804 
792 
792 
800 
809 
821 
828 
828 
815 
804 
797 
793 
792 
794 
796 
804 
815 
824 
828 
830 
821 
807 
790 
781 
775 
777 
789 
803 
813 
821 
825 
821 
812 
803 
790 
781 
779 
775 
775 
784 
791 
798 
807 
807 
812 
810 
799 
787 
773 
765 
763 
764 
773 
784 
795 
804 
811 
809 
799 
783 
772 
762 
758 
759 
766 
775 
784 
796 
803 
801 
793 
781 
768 
758 
754 
752 
755 
765 
772 
782 
789 
790 
785 
772 
767 
761 
756 
756 
754 
755 
758 
759 
764 
773 
776 
775 
772 
769 
765 
759 
756 
752 
744 
743 
752 
743 
736 
732 
725 
717 
708 
699 
686 
680 
675 
685 
733 
839 
983 
1150 
1316 
1471 
1614 
1724 
1813 
1869 
1907 
1902 
1875 
1810 
1721 
1580 
1421 
1265 
1131 
1044 
981 
933 
897 
872 
859 
851 
835 
829 
812 
788 
777 
769 
765 
755 
743 
727 
718 
714 
711 
711 
717 
727 
729 
739 
747 
743 
745 
744 
732 
720 
712 
708 
711 
719 
730 
742 
753 
757 
764 
753 
737 
723 
712 
708 
714 
721 
725 
728 
738 
741 
729 
722 
715 
702 
699 
701 
699 
696 
699 
695 
704 
695 
704 
729 
767 
830 
890 
933 
960 
969 
972 
957 
914 
873 
840 
827 
825 
830 
831 
822 
822 
813 
798 
787 
780 
780 
790 
786 
782 
777 
782 
794 
786 
784 
776 
764 
756 
750 
746 
747 
752 
762 
767 
771 
777 
779 
783 
781 
775 
764 
755 
752 
760 
764 
767 
772 
780 
795 
797 
799 
798 
791 
782 
772 
759 
758 
759 
766 
779 
786 
781 
785 
785 
783 
779 
764 
754 
748 
743 
759 
759 
760 
760 
768 
775 
785 
797 
835 
901 
964 
1028 
1096 
1147 
1170 
1189 
1179 
1136 
1085 
1027 
980 
953 
937 
918 
898 
878 
852 
829 
828 
837 
848 
861 
870 
866 
865 
861 
850 
835 
822 
811 
804 
803 
809 
819 
827 
836 
845 
851 
847 
836 
825 
815 
813 
811 
815 
823 
831 
839 
848 
856 
855 
848 
833 
822 
816 
811 
815 
819 
827 
837 
847 
847 
841 
844 
837 
809 
798 
791 
787 
793 
795 
805 
817 
829 
834 
838 
834 
839 
878 
940 
1017 
1098 
1178 
1242 
1283 
1309 
1306 
1266 
1204 
1121 
1042 
981 
943 
922 
912 
909 
907 
903 
897 
892 
886 
873 
862 
840 
824 
824 
829 
836 
843 
845 
848 
849 
839 
828 
813 
806 
803 
804 
811 
817 
825 
839 
842 
840 
836 
826 
816 
801 
795 
792 
793 
802 
812 
822 
816 
824 
835 
846 
855 
858 
854 
850 
845 
830 
815 
796 
795 
797 
800 
815 
827 
835 
836 
827 
818 
814 
830 
880 
960 
1067 
1161 
1271 
1359 
1431 
1475 
1498 
1485 
1452 
1383 
1313 
1221 
1136 
1063 
1012 
983 
963 
947 
933 
914 
894 
873 
859 
844 
832 
823 
823 
827 
836 
848 
850 
844 
831 
814 
797 
790 
787 
790 
798 
807 
821 
833 
836 
833 
820 
808 
797 
787 
783 
784 
787 
793 
802 
815 
825 
827 
820 
805 
795 
787 
782 
783 
787 
788 
797 
800 
808 
814 
811 
802 
791 
784 
778 
776 
779 
782 
788 
794 
800 
800 
797 
794 
783 
775 
771 
771 
772 
778 
785 
791 
796 
799 
798 
789 
779 
768 
759 
756 
759 
761 
767 
774 
781 
787 
791 
790 
783 
771 
765 
759 
752 
751 
754 
760 
770 
779 
786 
789 
786 
777 
764 
751 
743 
739 
740 
747 
759 
768 
780 
790 
791 
783 
770 
754 
740 
735 
732 
737 
747 
757 
769 
779 
779 
771 
770 
740 
710 
692 
684 
679 
683 
694 
695 
697 
703 
712 
755 
848 
974 
1132 
1296 
1445 
1588 
1710 
1819 
1888 
1934 
1928 
1898 
1828 
1724 
1574 
1402 
1233 
1098 
1019 
975 
933 
905 
890 
879 
864 
856 
842 
813 
772 
751 
738 
732 
726 
732 
740 
749 
755 
756 
751 
746 
736 
719 
709 
707 
697 
707 
722 
727 
735 
740 
744 
753 
751 
741 
730 
720 
717 
720 
716 
718 
725 
731 
745 
754 
760 
758 
750 
749 
734 
699 
687 
674 
677 
687 
690 
703 
707 
722 
736 
734 
731 
723 
725 
751 
790 
845 
899 
943 
975 
985 
984 
958 
915 
879 
843 
822 
805 
796 
795 
793 
789 
795 
795 
804 
808 
815 
822 
807 
786 
777 
766 
760 
755 
757 
764 
762 
767 
776 
784 
788 
791 
781 
768 
751 
747 
750 
743 
753 
762 
774 
788 
796 
804 
804 
796 
788 
780 
771 
765 
767 
765 
779 
785 
794 
803 
813 
814 
811 
795 
763 
749 
743 
739 
748 
1821 
1892 
1938 
1947 
1915 
1833 
1723 
1575 
1399 
1235 
1103 
1019 
974 
941 
920 
909 
888 
873 
855 
837 
812 
778 
759 
747 
744 
747 
749 
753 
756 
759 
759 
755 
748 
738 
730 
729 
735 
733 
734 
736 
741 
747 
749 
751 
749 
743 
741 
739 
733 
731 
733 
742 
747 
751 
758 
767 
771 
767 
755 
744 
737 
731 
712 
698 
703 
702 
713 
730 
735 
742 
740 
740 
738 
727 
723 
732 
761 
810 
866 
921 
967 
992 
1019 
1015 
987 
936 
884 
855 
836 
814 
809 
806 
808 
812 
818 
824 
832 
841 
848 
846 
825 
798 
787 
779 
780 
775 
775 
781 
789 
799 
807 
810 
806 
800 
792 
786 
782 
784 
778 
778 
783 
789 
791 
807 
818 
818 
811 
803 
794 
793 
793 
795 
804 
807 
802 
812 
820 
823 
826 
820 
810 
799 
783 
778 
774 
778 
787 
796 
803 
803 
798 
793 
790 
792 
799 
827 
890 
959 
1032 
1112 
1172 
1210 
1233 
1224 
1188 
1137 
1068 
1003 
957 
923 
899 
886 
875 
872 
875 
877 
881 
887 
885 
876 
857 
828 
819 
817 
816 
821 
828 
836 
845 
851 
857 
855 
846 
832 
818 
809 
802 
800 
803 
812 
825 
835 
846 
853 
852 
848 
835 
822 
812 
804 
806 
812 
820 
831 
845 
858 
862 
857 
835 
813 
805 
795 
775 
776 
782 
787 
797 
811 
820 
821 
815 
804 
794 
788 
800 
853 
924 
1009 
1091 
1179 
1249 
1285 
1299 
1278 
1222 
1150 
1076 
1011 
953 
923 
910 
904 
897 
891 
882 
864 
849 
842 
835 
834 
823 
815 
816 
816 
818 
820 
817 
807 
799 
793 
789 
785 
813 
812 
819 
829 
839 
850 
856 
852 
852 
850 
839 
826 
815 
809 
810 
815 
819 
829 
843 
853 
858 
855 
845 
833 
820 
810 
811 
820 
828 
836 
828 
829 
832 
829 
822 
810 
799 
787 
780 
785 
796 
825 
886 
975 
1088 
1180 
1280 
1350 
1403 
1433 
1450 
1444 
1429 
1375 
1305 
1218 
1138 
1066 
1010 
971 
941 
912 
888 
869 
858 
848 
846 
844 
838 
828 
825 
824 
818 
809 
795 
789 
787 
788 
787 
788 
790 
795 
800 
803 
801 
790 
782 
775 
766 
760 
763 
768 
775 
775 
790 
799 
793 
791 
784 
775 
764 
755 
755 
758 
768 
775 
787 
794 
798 
795 
785 
770 
751 
743 
746 
751 
753 
762 
770 
778 
784 
779 
778 
774 
765 
756 
748 
748 
749 
748 
752 
759 
768 
772 
777 
783 
779 
770 
759 
747 
740 
734 
738 
743 
750 
759 
770 
778 
779 
769 
757 
746 
737 
729 
726 
725 
735 
747 
756 
761 
766 
751 
755 
760 
762 
756 
745 
738 
736 
736 
742 
749 
755 
741 
748 
761 
768 
770 
765 
755 
748 
742 
741 
740 
736 
741 
745 
749 
762 
752 
743 
732 
719 
703 
689 
679 
672 
672 
679 
688 
740 
850 
989 
1159 
1334 
1475 
1608 
1716 
1894 
1823 
1727 
1590 
1425 
1270 
1153 
1067 
1016 
978 
950 
922 
892 
865 
844 
829 
813 
787 
780 
780 
785 
794 
797 
792 
785 
767 
753 
743 
733 
736 
744 
753 
772 
786 
794 
799 
794 
785 
770 
749 
738 
730 
734 
747 
753 
764 
777 
794 
807 
808 
800 
782 
764 
756 
752 
750 
758 
765 
756 
763 
776 
778 
777 
773 
762 
744 
736 
735 
728 
733 
751 
774 
799 
860 
934 
984 
1017 
1033 
1036 
1020 
978 
938 
906 
880 
861 
854 
856 
860 
867 
871 
862 
864 
860 
852 
850 
849 
838 
826 
826 
826 
824 
824 
827 
831 
829 
825 
820 
811 
804 
802 
804 
809 
819 
832 
845 
851 
855 
850 
837 
823 
811 
804 
802 
807 
819 
830 
841 
849 
851 
849 
843 
832 
818 
806 
804 
806 
813 
810 
806 
807 
810 
814 
817 
815 
809 
804 
801 
798 
798 
805 
815 
845 
913 
991 
1068 
1143 
1184 
1211 
1227 
1207 
1157 
1100 
1037 
987 
963 
953 
943 
926 
906 
882 
862 
848 
845 
844 
849 
860 
865 
863 
864 
857 
843 
828 
814 
803 
800 
799 
799 
804 
818 
825 
837 
847 
846 
833 
814 
799 
787 
786 
783 
786 
800 
815 
826 
836 
837 
829 
817 
805 
794 
786 
781 
775 
787 
797 
805 
813 
826 
826 
801 
785 
768 
755 
753 
749 
752 
758 
759 
771 
785 
795 
808 
852 
914 
983 
1054 
1128 
1185 
1221 
1245 
1244 
1211 
1158 
1083 
1011 
942 
900 
865 
847 
836 
828 
824 
822 
824 
826 
828 
830 
811 
791 
780 
771 
765 
764 
764 
764 
772 
777 
781 
783 
781 
772 
759 
747 
793 
794 
802 
812 
819 
827 
826 
823 
814 
806 
799 
792 
787 
790 
793 
800 
809 
814 
816 
814 
806 
798 
795 
797 
794 
795 
781 
778 
778 
780 
785 
781 
771 
762 
756 
756 
762 
788 
847 
932 
1038 
1134 
1239 
1313 
1370 
1402 
1419 
1410 
1386 
1328 
1272 
1188 
1103 
1025 
971 
935 
909 
881 
853 
829 
812 
802 
793 
792 
785 
780 
787 
793 
792 
786 
773 
758 
743 
733 
730 
730 
738 
744 
754 
765 
768 
768 
763 
753 
742 
733 
725 
724 
725 
727 
736 
747 
758 
765 
769 
765 
757 
749 
742 
739 
735 
733 
735 
739 
749 
760 
768 
768 
763 
756 
744 
734 
726 
719 
724 
731 
734 
740 
747 
755 
757 
759 
757 
752 
750 
737 
731 
730 
733 
736 
743 
751 
764 
778 
778 
766 
752 
738 
722 
719 
723 
727 
726 
739 
752 
768 
780 
783 
768 
757 
742 
732 
726 
729 
736 
743 
754 
757 
773 
779 
779 
775 
765 
754 
745 
737 
733 
734 
727 
741 
758 
754 
766 
770 
779 
787 
780 
770 
757 
739 
741 
735 
729 
732 
747 
746 
735 
740 
746 
743 
739 
726 
697 
679 
671 
680 
731 
826 
974 
1150 
1338 
1503 
1644 
1756 
1844 
1900 
1938 
1930 
837 
821 
809 
804 
805 
803 
807 
815 
823 
831 
838 
839 
832 
821 
807 
795 
788 
784 
787 
798 
810 
825 
840 
848 
845 
837 
822 
809 
795 
792 
796 
802 
814 
825 
832 
837 
841 
835 
828 
808 
779 
766 
764 
768 
778 
774 
787 
794 
801 
801 
798 
794 
788 
797 
826 
873 
936 
996 
1037 
1060 
1070 
1057 
1028 
975 
926 
894 
876 
871 
870 
868 
874 
877 
881 
879 
873 
867 
859 
854 
838 
825 
824 
824 
828 
833 
832 
833 
829 
822 
810 
802 
800 
797 
798 
802 
807 
814 
817 
819 
816 
811 
804 
793 
791 
791 
791 
794 
800 
807 
816 
824 
822 
815 
804 
794 
783 
777 
776 
779 
786 
793 
786 
787 
788 
783 
774 
760 
746 
737 
736 
743 
749 
763 
785 
825 
891 
959 
1024 
1084 
1124 
1145 
1155 
1139 
1092 
1044 
990 
945 
917 
907 
886 
863 
836 
814 
800 
793 
793 
795 
803 
811 
811 
808 
801 
794 
779 
766 
752 
747 
748 
750 
754 
761 
765 
769 
769 
768 
760 
747 
739 
738 
736 
740 
747 
754 
755 
764 
771 
775 
773 
763 
754 
747 
739 
734 
733 
739 
747 
757 
760 
759 
765 
760 
730 
715 
703 
694 
693 
693 
703 
716 
733 
748 
756 
758 
766 
804 
860 
929 
996 
1072 
1133 
1174 
1206 
1203 
1169 
1122 
1054 
979 
910 
860 
832 
811 
801 
795 
795 
799 
810 
804 
800 
803 
784 
764 
749 
743 
745 
731 
728 
729 
734 
747 
763 
765 
767 
762 
748 
744 
743 
732 
726 
725 
732 
743 
753 
762 
770 
769 
768 
767 
756 
739 
728 
723 
728 
742 
726 
735 
731 
736 
732 
737 
742 
743 
742 
738 
728 
716 
709 
707 
714 
747 
811 
895 
1002 
1098 
1203 
1280 
1336 
1366 
1386 
1382 
1358 
1296 
1232 
1143 
1056 
982 
938 
912 
892 
869 
843 
819 
799 
785 
767 
756 
748 
745 
750 
768 
778 
779 
771 
759 
749 
741 
727 
719 
720 
728 
737 
747 
755 
763 
768 
766 
760 
749 
736 
729 
717 
724 
732 
739 
745 
742 
751 
764 
762 
764 
755 
744 
747 
737 
733 
735 
736 
748 
750 
756 
766 
773 
782 
784 
775 
760 
744 
739 
735 
738 
742 
751 
768 
775 
781 
787 
785 
782 
773 
759 
750 
746 
750 
761 
761 
771 
781 
789 
802 
801 
796 
790 
778 
768 
762 
759 
761 
765 
775 
784 
792 
803 
801 
804 
806 
795 
784 
776 
770 
774 
768 
775 
789 
801 
816 
823 
826 
822 
812 
800 
792 
788 
774 
778 
784 
792 
806 
820 
813 
823 
823 
818 
820 
816 
802 
791 
792 
777 
768 
769 
780 
781 
784 
788 
783 
769 
756 
755 
793 
891 
1013 
1184 
1364 
1527 
1680 
1801 
1900 
1963 
2003 
1994 
1961 
1887 
1780 
1636 
1471 
1320 
1197 
1127 
1082 
1045 
1010 
978 
947 
921 
902 
889 
874 
854 
851 
852 
852 
851 
928 
916 
906 
897 
887 
865 
851 
836 
819 
803 
791 
784 
783 
785 
786 
792 
798 
802 
802 
798 
791 
780 
774 
769 
766 
767 
772 
774 
781 
792 
798 
796 
788 
779 
768 
758 
755 
750 
752 
760 
769 
779 
786 
786 
781 
767 
736 
723 
720 
717 
717 
714 
721 
730 
742 
747 
752 
749 
739 
738 
758 
796 
855 
908 
949 
975 
996 
986 
959 
919 
877 
843 
819 
804 
796 
793 
796 
800 
806 
810 
812 
808 
801 
788 
763 
741 
733 
732 
736 
742 
748 
754 
754 
755 
756 
754 
747 
744 
740 
739 
735 
736 
741 
744 
750 
754 
756 
755 
749 
741 
732 
730 
729 
724 
725 
731 
739 
749 
757 
760 
756 
747 
735 
728 
725 
717 
704 
702 
705 
705 
717 
728 
738 
735 
723 
715 
707 
704 
708 
736 
804 
881 
952 
1032 
1092 
1127 
1144 
1131 
1086 
1028 
951 
887 
853 
833 
819 
813 
804 
800 
802 
803 
801 
799 
797 
783 
763 
739 
740 
746 
737 
736 
741 
753 
767 
770 
762 
755 
744 
737 
735 
731 
731 
733 
744 
762 
774 
776 
773 
760 
752 
746 
734 
724 
715 
721 
741 
739 
750 
755 
773 
786 
779 
772 
755 
740 
744 
737 
717 
716 
689 
706 
722 
735 
754 
764 
776 
769 
752 
739 
746 
798 
870 
943 
1024 
1104 
1175 
1225 
1241 
1232 
1191 
1143 
1075 
1000 
932 
891 
864 
844 
827 
823 
827 
826 
839 
846 
843 
841 
815 
799 
791 
774 
768 
766 
774 
781 
786 
787 
786 
783 
798 
806 
797 
790 
785 
782 
783 
784 
773 
777 
792 
805 
816 
823 
821 
811 
785 
775 
764 
752 
747 
747 
742 
749 
756 
771 
785 
781 
785 
789 
789 
778 
760 
736 
731 
728 
735 
740 
745 
754 
759 
768 
773 
772 
789 
835 
912 
1018 
1108 
1210 
1292 
1362 
1411 
1446 
1447 
1429 
1362 
1296 
1200 
1094 
1004 
943 
911 
892 
874 
869 
870 
874 
873 
860 
843 
819 
795 
778 
778 
777 
782 
787 
796 
804 
817 
822 
825 
815 
802 
788 
782 
780 
779 
780 
789 
798 
806 
817 
826 
821 
814 
805 
794 
787 
786 
791 
803 
807 
799 
813 
825 
829 
832 
826 
819 
813 
807 
803 
805 
810 
813 
818 
823 
821 
818 
818 
816 
820 
823 
826 
829 
824 
820 
816 
816 
819 
822 
827 
839 
851 
859 
862 
860 
850 
836 
825 
818 
815 
814 
820 
825 
832 
841 
846 
848 
845 
836 
828 
823 
821 
827 
835 
842 
850 
858 
860 
858 
851 
837 
824 
815 
811 
810 
813 
817 
829 
844 
857 
866 
867 
859 
843 
827 
819 
813 
811 
802 
813 
827 
844 
860 
867 
865 
853 
833 
823 
793 
771 
763 
765 
771 
784 
796 
795 
792 
784 
779 
805 
895 
1027 
1195 
1373 
1537 
1683 
1792 
1891 
1967 
2012 
2003 
1963 
1877 
1766 
1620 
1455 
1298 
1177 
1110 
1068 
1905 
1874 
1807 
1720 
1590 
1432 
1274 
1139 
1052 
992 
939 
899 
874 
858 
845 
838 
834 
817 
786 
766 
760 
758 
757 
753 
746 
741 
729 
721 
717 
715 
715 
719 
728 
737 
747 
755 
754 
736 
729 
719 
709 
707 
710 
703 
709 
721 
728 
738 
744 
745 
747 
743 
727 
718 
712 
709 
712 
722 
727 
714 
715 
719 
717 
712 
706 
702 
692 
681 
675 
675 
683 
699 
722 
758 
808 
869 
924 
960 
972 
973 
953 
920 
876 
843 
821 
808 
809 
816 
819 
819 
810 
800 
786 
780 
777 
767 
768 
756 
755 
765 
763 
768 
768 
772 
770 
756 
741 
735 
731 
734 
740 
746 
754 
766 
776 
781 
779 
770 
754 
745 
741 
736 
735 
737 
748 
765 
769 
775 
779 
784 
782 
766 
757 
746 
744 
749 
753 
758 
763 
758 
764 
764 
763 
763 
752 
742 
743 
735 
727 
727 
737 
759 
797 
863 
942 
1022 
1100 
1152 
1174 
1180 
1157 
1114 
1059 
987 
931 
906 
899 
892 
891 
879 
858 
840 
824 
824 
825 
818 
816 
811 
807 
817 
831 
832 
826 
816 
804 
786 
785 
786 
776 
778 
785 
800 
820 
834 
845 
844 
833 
812 
799 
791 
785 
789 
800 
812 
803 
816 
829 
832 
831 
827 
819 
810 
807 
810 
813 
816 
820 
834 
843 
835 
828 
822 
810 
803 
793 
789 
787 
795 
805 
815 
825 
851 
905 
972 
1045 
1111 
1177 
1227 
1260 
1282 
1276 
1242 
1195 
1135 
1075 
1021 
985 
953 
925 
904 
881 
868 
862 
866 
869 
875 
881 
880 
872 
862 
855 
851 
846 
839 
834 
830 
829 
830 
838 
842 
847 
848 
833 
839 
835 
829 
822 
814 
798 
800 
804 
807 
813 
823 
833 
840 
840 
826 
825 
823 
817 
810 
808 
807 
810 
813 
820 
833 
842 
847 
853 
851 
836 
822 
802 
794 
793 
796 
801 
810 
817 
821 
826 
829 
828 
840 
889 
966 
1067 
1159 
1265 
1340 
1415 
1468 
1503 
1506 
1486 
1415 
1337 
1237 
1138 
1050 
993 
959 
946 
938 
930 
924 
918 
902 
886 
868 
846 
827 
822 
820 
821 
832 
844 
854 
861 
854 
840 
826 
811 
796 
785 
791 
803 
813 
826 
835 
843 
844 
837 
828 
818 
809 
806 
805 
807 
810 
819 
828 
834 
838 
834 
823 
812 
805 
799 
792 
794 
801 
808 
820 
827 
830 
828 
819 
809 
796 
792 
790 
791 
797 
807 
818 
829 
829 
824 
816 
802 
784 
774 
768 
775 
785 
795 
808 
820 
827 
826 
818 
803 
785 
773 
768 
769 
774 
783 
792 
807 
823 
830 
823 
806 
782 
764 
755 
755 
758 
766 
779 
792 
803 
810 
805 
795 
785 
774 
763 
755 
754 
758 
766 
780 
790 
796 
802 
803 
795 
781 
768 
756 
751 
752 
750 
754 
765 
774 
779 
786 
762 
735 
717 
706 
691 
685 
690 
695 
702 
708 
727 
777 
878 
1007 
1157 
1312 
1455 
703 
709 
713 
718 
715 
710 
740 
830 
960 
1126 
1293 
1451 
1602 
1727 
1833 
1903 
1948 
1942 
1901 
1820 
1715 
1574 
1401 
1235 
1099 
1030 
990 
943 
921 
903 
893 
883 
860 
839 
808 
772 
761 
756 
753 
754 
760 
771 
776 
774 
768 
755 
738 
729 
721 
714 
715 
725 
745 
757 
761 
763 
768 
771 
757 
739 
730 
726 
731 
739 
748 
754 
758 
770 
774 
774 
771 
764 
757 
754 
748 
737 
715 
708 
719 
725 
727 
732 
742 
753 
754 
743 
733 
731 
730 
741 
774 
825 
889 
949 
994 
1017 
1029 
1014 
976 
924 
884 
859 
837 
825 
822 
825 
841 
841 
843 
843 
842 
839 
837 
832 
815 
800 
794 
777 
786 
799 
810 
819 
822 
817 
809 
802 
796 
791 
786 
782 
785 
790 
804 
820 
832 
831 
823 
810 
793 
783 
778 
781 
787 
800 
816 
828 
837 
846 
847 
836 
819 
804 
794 
788 
792 
795 
794 
795 
803 
811 
813 
813 
812 
803 
789 
784 
780 
782 
795 
831 
900 
978 
1061 
1143 
1203 
1235 
1243 
1215 
1163 
1099 
1029 
971 
940 
928 
920 
915 
907 
899 
886 
869 
862 
852 
853 
852 
850 
846 
852 
862 
866 
865 
851 
837 
826 
815 
807 
804 
808 
816 
829 
846 
854 
852 
844 
833 
824 
821 
816 
813 
813 
817 
823 
835 
843 
843 
838 
830 
820 
815 
809 
808 
810 
813 
814 
816 
829 
834 
815 
806 
794 
780 
778 
775 
778 
782 
792 
801 
808 
820 
836 
878 
935 
1000 
1065 
1136 
1194 
1236 
1266 
1267 
1237 
1182 
1111 
1041 
974 
925 
891 
866 
854 
846 
849 
847 
849 
859 
893 
885 
862 
838 
825 
822 
826 
833 
839 
845 
852 
855 
854 
843 
832 
820 
814 
808 
807 
811 
819 
830 
835 
844 
849 
849 
840 
826 
814 
808 
806 
810 
819 
824 
830 
838 
842 
842 
834 
823 
819 
819 
809 
805 
795 
795 
798 
799 
803 
805 
804 
797 
790 
788 
792 
815 
870 
957 
1062 
1159 
1264 
1339 
1395 
1426 
1441 
1439 
1418 
1360 
1300 
1215 
1124 
1046 
992 
958 
931 
905 
878 
857 
842 
830 
824 
828 
820 
810 
811 
811 
811 
805 
792 
778 
765 
758 
753 
753 
758 
771 
781 
787 
794 
794 
783 
772 
763 
753 
745 
742 
746 
755 
765 
779 
790 
790 
786 
778 
764 
750 
739 
734 
732 
723 
727 
744 
761 
775 
782 
780 
771 
758 
748 
745 
739 
740 
746 
751 
758 
766 
772 
775 
774 
765 
755 
734 
726 
725 
723 
720 
723 
731 
743 
758 
765 
770 
767 
761 
751 
740 
732 
727 
729 
735 
741 
749 
758 
767 
766 
758 
746 
737 
729 
728 
731 
737 
749 
762 
767 
759 
762 
756 
750 
740 
733 
733 
739 
745 
746 
750 
753 
759 
760 
765 
767 
766 
758 
749 
738 
733 
727 
735 
747 
754 
754 
754 
760 
748 
731 
715 
700 
688 
753 
761 
770 
777 
778 
775 
768 
754 
746 
737 
737 
740 
735 
739 
729 
732 
740 
745 
745 
739 
731 
723 
718 
716 
719 
746 
808 
899 
1008 
1107 
1208 
1282 
1332 
1366 
1387 
1386 
1366 
1303 
1241 
1151 
1064 
987 
933 
891 
872 
855 
838 
819 
802 
784 
772 
773 
759 
763 
775 
769 
767 
765 
757 
741 
737 
734 
731 
721 
715 
719 
729 
743 
752 
753 
750 
748 
752 
751 
743 
731 
728 
727 
730 
736 
744 
751 
759 
768 
774 
771 
759 
746 
734 
728 
729 
723 
724 
729 
746 
765 
775 
779 
775 
769 
763 
752 
742 
735 
737 
744 
753 
763 
772 
781 
782 
782 
774 
759 
748 
743 
749 
753 
751 
754 
766 
778 
781 
779 
776 
773 
771 
768 
765 
762 
765 
769 
772 
776 
782 
787 
794 
794 
785 
776 
765 
761 
769 
771 
769 
772 
784 
802 
811 
806 
795 
788 
783 
781 
775 
774 
774 
782 
798 
807 
814 
819 
820 
815 
805 
792 
777 
771 
773 
785 
796 
789 
801 
793 
773 
779 
778 
764 
751 
744 
737 
727 
734 
747 
789 
901 
1045 
1218 
1396 
1548 
1684 
1789 
1876 
1930 
1967 
1960 
1939 
1877 
1789 
1655 
1497 
1335 
1200 
1114 
1055 
1007 
970 
945 
931 
920 
916 
915 
905 
884 
868 
851 
837 
823 
815 
804 
798 
792 
788 
787 
791 
796 
804 
812 
824 
833 
836 
830 
821 
815 
809 
807 
807 
811 
820 
826 
830 
834 
836 
832 
819 
807 
799 
798 
799 
801 
805 
814 
825 
829 
814 
806 
805 
802 
792 
784 
780 
778 
776 
777 
784 
795 
802 
818 
845 
883 
937 
982 
1015 
1037 
1049 
1042 
1021 
985 
951 
930 
910 
893 
876 
854 
849 
840 
851 
854 
868 
885 
895 
896 
877 
850 
831 
813 
801 
795 
796 
805 
812 
828 
838 
841 
843 
836 
821 
810 
797 
792 
793 
795 
803 
810 
819 
824 
825 
822 
816 
805 
798 
794 
792 
793 
797 
800 
804 
812 
814 
814 
810 
805 
797 
787 
769 
764 
764 
767 
772 
776 
782 
786 
784 
775 
761 
753 
758 
785 
847 
928 
1009 
1096 
1162 
1198 
1210 
1181 
1121 
1053 
979 
920 
888 
873 
867 
866 
862 
854 
850 
839 
827 
813 
799 
785 
776 
767 
769 
778 
783 
790 
799 
794 
783 
768 
758 
749 
743 
746 
748 
756 
766 
779 
786 
785 
782 
768 
752 
743 
735 
735 
740 
743 
749 
759 
771 
780 
780 
773 
761 
751 
745 
742 
734 
727 
743 
748 
741 
747 
750 
738 
733 
718 
710 
705 
704 
696 
702 
715 
742 
803 
883 
964 
1042 
1120 
742 
739 
743 
749 
762 
765 
779 
788 
791 
794 
789 
773 
755 
743 
742 
742 
745 
750 
764 
786 
799 
803 
800 
787 
777 
769 
759 
755 
756 
762 
778 
789 
799 
804 
803 
803 
796 
779 
767 
756 
763 
779 
776 
779 
786 
795 
807 
815 
762 
766 
773 
786 
796 
799 
796 
787 
772 
762 
747 
747 
749 
754 
759 
771 
784 
790 
789 
783 
775 
761 
749 
742 
741 
744 
752 
756 
757 
749 
751 
752 
746 
739 
727 
720 
717 
716 
716 
718 
726 
741 
781 
848 
918 
990 
1059 
1104 
1125 
1135 
1117 
1073 
1009 
949 
903 
883 
873 
862 
845 
826 
805 
789 
778 
773 
775 
780 
784 
789 
789 
787 
778 
766 
753 
740 
731 
725 
724 
719 
722 
733 
745 
757 
762 
757 
748 
735 
729 
731 
733 
736 
733 
735 
741 
745 
751 
753 
759 
757 
749 
737 
736 
734 
730 
729 
731 
733 
722 
739 
749 
739 
737 
735 
722 
727 
731 
736 
735 
738 
741 
746 
747 
762 
811 
874 
946 
1019 
1094 
1153 
1191 
1213 
1204 
1171 
1123 
1052 
984 
923 
877 
844 
819 
803 
794 
792 
796 
804 
813 
817 
819 
803 
780 
762 
749 
741 
734 
725 
723 
733 
744 
754 
765 
767 
767 
760 
747 
733 
729 
727 
729 
735 
735 
737 
743 
747 
752 
749 
757 
761 
758 
746 
734 
729 
727 
728 
736 
745 
746 
762 
778 
775 
769 
749 
736 
721 
705 
695 
689 
699 
715 
723 
739 
754 
784 
840 
916 
1002 
1075 
1171 
1246 
1318 
1359 
1391 
1400 
1391 
1340 
1278 
1183 
1079 
983 
916 
882 
863 
844 
825 
819 
825 
833 
826 
816 
789 
777 
767 
752 
743 
737 
737 
745 
752 
763 
774 
780 
786 
782 
768 
749 
736 
732 
730 
732 
735 
744 
761 
773 
782 
782 
778 
773 
766 
753 
745 
742 
751 
759 
763 
771 
778 
783 
791 
794 
785 
768 
747 
749 
762 
758 
757 
758 
765 
775 
783 
787 
794 
799 
797 
793 
784 
775 
769 
771 
775 
776 
780 
791 
802 
810 
814 
813 
800 
785 
775 
774 
782 
783 
784 
792 
797 
808 
823 
829 
823 
809 
799 
792 
791 
793 
791 
797 
806 
816 
820 
831 
841 
835 
822 
813 
801 
794 
789 
797 
809 
823 
836 
837 
843 
843 
839 
830 
821 
815 
811 
808 
814 
820 
829 
839 
850 
857 
853 
843 
838 
805 
778 
764 
759 
759 
767 
776 
782 
781 
786 
795 
835 
926 
1049 
1209 
1370 
1518 
1667 
1791 
1903 
1977 
2028 
2031 
2001 
1921 
1810 
1658 
1484 
1317 
1187 
1107 
1062 
1033 
1008 
987 
970 
953 
935 
917 
892 
861 
845 
836 
831 
835 
835 
839 
839 
833 
824 
820 
815 
811 
805 
802 
802 
807 
804 
813 
823 
827 
829 
825 
817 
805 
798 
797 
797 
801 
811 
819 
826 
831 
829 
821 
812 
799 
789 
785 
787 
786 
775 
779 
787 
789 
789 
787 
777 
763 
756 
751 
748 
751 
761 
786 
828 
883 
948 
998 
1023 
1024 
1024 
1004 
967 
924 
890 
871 
866 
871 
875 
873 
862 
849 
837 
828 
822 
818 
820 
823 
819 
814 
816 
815 
810 
799 
787 
778 
772 
770 
772 
773 
772 
753 
744 
733 
724 
720 
724 
736 
743 
750 
755 
757 
762 
760 
751 
741 
736 
731 
733 
739 
742 
749 
757 
765 
775 
770 
761 
757 
754 
747 
746 
728 
721 
717 
723 
736 
744 
747 
742 
740 
736 
739 
757 
811 
898 
1004 
1100 
1208 
1290 
1359 
1397 
1419 
1408 
1378 
1313 
1249 
1165 
1076 
995 
940 
911 
900 
884 
862 
840 
826 
814 
806 
796 
782 
772 
773 
772 
777 
781 
788 
788 
783 
772 
759 
748 
746 
755 
755 
756 
763 
776 
790 
790 
784 
777 
767 
763 
762 
759 
764 
774 
783 
793 
793 
796 
796 
791 
788 
780 
766 
760 
761 
765 
779 
795 
800 
802 
793 
798 
811 
809 
796 
785 
779 
774 
783 
792 
796 
805 
814 
822 
826 
830 
822 
812 
799 
790 
786 
786 
792 
805 
809 
817 
827 
833 
833 
831 
824 
816 
811 
807 
803 
794 
790 
804 
817 
832 
843 
850 
850 
842 
832 
821 
815 
812 
810 
811 
812 
818 
829 
839 
840 
840 
838 
831 
825 
823 
822 
825 
831 
835 
846 
859 
868 
869 
862 
850 
837 
828 
822 
818 
815 
821 
836 
828 
817 
816 
808 
793 
775 
769 
759 
754 
756 
770 
822 
935 
1080 
1256 
1432 
1576 
1702 
1801 
1891 
1954 
1997 
2002 
1980 
1915 
1821 
1680 
1513 
1346 
1203 
1110 
1048 
1006 
976 
962 
957 
951 
941 
931 
911 
879 
852 
826 
808 
801 
799 
803 
810 
816 
823 
829 
831 
825 
813 
801 
790 
783 
780 
779 
783 
794 
804 
815 
826 
827 
820 
805 
791 
774 
770 
768 
770 
776 
788 
798 
803 
811 
811 
805 
795 
777 
752 
742 
739 
738 
741 
747 
753 
760 
766 
765 
762 
759 
757 
761 
782 
827 
891 
942 
981 
1008 
1021 
1006 
979 
933 
890 
859 
841 
833 
827 
823 
823 
819 
820 
825 
828 
824 
819 
812 
793 
773 
766 
761 
763 
766 
770 
777 
779 
776 
767 
757 
749 
745 
743 
747 
753 
762 
771 
775 
776 
771 
759 
742 
732 
728 
729 
734 
743 
751 
752 
757 
762 
762 
762 
756 
748 
744 
739 
738 
739 
738 
730 
727 
731 
737 
741 
736 
727 
715 
708 
704 
700 
701 
714 
753 
824 
907 
990 
1070 
1122 
1146 
1147 
1115 
1061 
1002 
938 
884 
858 
849 
845 
842 
835 
821 
805 
782 
768 
761 
758 
760 
762 
762 
769 
771 
770 
765 
752 
738 
728 
729 
729 
725 
728 
735 
735 
742 
750 
755 
761 
756 
750 
747 
746 
744 
734 
731 
731 
733 
742 
747 
753 
758 
764 
766 
763 
753 
742 
734 
726 
723 
730 
737 
733 
740 
738 
742 
737 
729 
720 
715 
712 
716 
724 
747 
802 
875 
953 
1022 
1098 
1162 
1200 
1212 
1196 
1146 
1081 
1010 
943 
891 
866 
854 
846 
836 
827 
818 
801 
786 
771 
764 
767 
758 
746 
746 
750 
762 
770 
773 
770 
758 
742 
730 
719 
716 
740 
733 
736 
740 
748 
752 
758 
760 
765 
771 
772 
765 
754 
742 
739 
744 
748 
750 
750 
755 
769 
780 
779 
770 
769 
773 
764 
753 
730 
731 
734 
739 
748 
753 
758 
760 
761 
758 
750 
762 
816 
905 
1008 
1097 
1200 
1288 
1367 
1406 
1427 
1426 
1403 
1341 
1270 
1170 
1079 
1003 
952 
925 
910 
896 
884 
870 
855 
833 
809 
796 
785 
781 
786 
789 
791 
798 
807 
804 
795 
785 
774 
773 
771 
761 
762 
771 
780 
789 
798 
807 
811 
806 
801 
795 
788 
779 
771 
767 
766 
776 
792 
806 
815 
815 
815 
816 
812 
804 
790 
783 
783 
786 
793 
804 
819 
824 
830 
833 
828 
816 
798 
790 
793 
796 
803 
804 
814 
820 
827 
835 
838 
834 
825 
816 
800 
794 
796 
800 
805 
814 
820 
829 
838 
841 
838 
831 
820 
814 
811 
810 
811 
816 
823 
831 
843 
850 
854 
852 
843 
833 
823 
821 
820 
824 
827 
830 
839 
853 
862 
867 
862 
850 
838 
830 
827 
826 
831 
836 
841 
851 
856 
856 
851 
840 
827 
821 
818 
820 
820 
823 
833 
825 
823 
822 
819 
807 
790 
774 
760 
751 
750 
765 
819 
930 
1077 
1248 
1406 
1563 
1702 
1806 
1895 
1949 
1981 
1974 
1952 
1889 
1798 
1669 
1515 
1362 
1225 
1128 
1058 
1005 
967 
938 
920 
910 
907 
903 
897 
874 
857 
844 
826 
808 
798 
793 
791 
792 
795 
798 
803 
806 
805 
798 
793 
783 
777 
776 
777 
780 
782 
788 
790 
793 
795 
790 
779 
772 
770 
767 
767 
772 
775 
777 
782 
788 
789 
787 
781 
768 
740 
729 
723 
722 
723 
727 
736 
742 
750 
751 
749 
745 
738 
742 
763 
805 
866 
922 
966 
993 
1012 
1008 
974 
923 
875 
836 
809 
798 
791 
788 
789 
799 
810 
823 
828 
823 
812 
797 
770 
748 
740 
738 
742 
752 
763 
773 
781 
779 
772 
759 
743 
729 
719 
718 
724 
729 
734 
742 
753 
758 
763 
759 
749 
740 
733 
728 
726 
726 
730 
738 
748 
756 
762 
761 
758 
750 
738 
726 
709 
700 
692 
695 
704 
717 
732 
740 
735 
732 
724 
713 
701 
697 
691 
729 
804 
887 
965 
1051 
1117 
1154 
1165 
1142 
1086 
1020 
940 
875 
840 
824 
818 
823 
823 
812 
812 
806 
797 
789 
782 
759 
746 
739 
743 
749 
757 
761 
763 
766 
766 
768 
760 
746 
739 
732 
727 
730 
730 
732 
739 
750 
762 
773 
773 
768 
759 
749 
745 
739 
734 
727 
733 
748 
761 
773 
779 
780 
780 
769 
749 
734 
731 
730 
716 
720 
726 
727 
740 
730 
716 
702 
692 
686 
694 
712 
744 
806 
879 
964 
1044 
1117 
1163 
1188 
1199 
1180 
1135 
1082 
1018 
962 
919 
897 
872 
857 
837 
815 
797 
785 
777 
768 
764 
765 
765 
770 
779 
784 
779 
767 
761 
757 
746 
734 
725 
725 
732 
739 
770 
768 
757 
748 
745 
747 
753 
743 
743 
741 
750 
767 
760 
768 
772 
778 
775 
759 
751 
746 
744 
749 
754 
760 
774 
790 
801 
805 
801 
775 
755 
734 
731 
734 
735 
745 
761 
772 
771 
763 
762 
766 
790 
826 
910 
1014 
1109 
1220 
1291 
1344 
1391 
1431 
1444 
1438 
1380 
1312 
1209 
1105 
1019 
954 
911 
883 
866 
863 
867 
867 
865 
864 
859 
839 
816 
791 
776 
773 
775 
771 
787 
806 
809 
823 
825 
816 
804 
797 
789 
783 
775 
771 
773 
782 
799 
812 
827 
822 
821 
815 
808 
800 
793 
791 
798 
806 
815 
819 
810 
804 
815 
821 
824 
820 
813 
806 
803 
800 
804 
804 
802 
807 
818 
828 
838 
841 
832 
821 
811 
802 
802 
809 
815 
825 
840 
852 
858 
852 
839 
820 
804 
803 
805 
814 
829 
850 
860 
867 
868 
860 
843 
830 
815 
807 
809 
815 
816 
825 
832 
838 
845 
852 
853 
850 
841 
833 
826 
825 
822 
817 
822 
834 
845 
856 
861 
859 
853 
844 
832 
822 
818 
818 
826 
836 
844 
855 
861 
861 
854 
842 
829 
812 
802 
810 
795 
788 
784 
792 
796 
797 
793 
782 
767 
754 
755 
796 
902 
1044 
1219 
1395 
1550 
1696 
1808 
1896 
1947 
1975 
1967 
1939 
1870 
1779 
1642 
1483 
1329 
1205 
1120 
1059 
1006 
962 
933 
914 
897 
889 
883 
872 
853 
845 
835 
819 
801 
788 
778 
768 
764 
766 
770 
778 
782 
789 
794 
791 
782 
769 
760 
756 
753 
753 
759 
767 
769 
773 
777 
780 
775 
767 
754 
745 
743 
744 
748 
752 
755 
756 
762 
769 
762 
738 
725 
718 
711 
710 
710 
711 
710 
714 
718 
726 
733 
735 
742 
766 
807 
859 
906 
939 
960 
974 
970 
942 
902 
869 
845 
826 
810 
798 
789 
786 
785 
788 
793 
801 
807 
812 
811 
789 
760 
742 
730 
725 
724 
729 
738 
747 
756 
761 
759 
755 
746 
737 
731 
728 
728 
724 
727 
735 
744 
753 
756 
757 
751 
743 
734 
726 
723 
720 
711 
717 
725 
736 
746 
755 
765 
765 
750 
742 
727 
704 
692 
692 
699 
702 
707 
720 
733 
744 
750 
745 
733 
724 
740 
790 
861 
943 
1015 
1080 
1126 
1159 
1156 
1114 
1050 
968 
892 
850 
829 
807 
799 
794 
795 
804 
804 
809 
811 
809 
807 
793 
768 
755 
747 
743 
744 
743 
748 
753 
760 
770 
774 
771 
763 
754 
749 
742 
735 
735 
743 
755 
763 
774 
780 
782 
781 
773 
756 
746 
738 
737 
743 
739 
753 
766 
777 
790 
787 
780 
766 
763 
759 
738 
741 
739 
740 
739 
730 
723 
711 
708 
705 
703 
700 
707 
714 
748 
806 
885 
970 
1051 
1124 
1168 
1187 
1191 
1171 
1131 
1087 
1031 
967 
915 
888 
877 
866 
842 
817 
798 
785 
782 
781 
781 
790 
788 
786 
790 
791 
786 
775 
763 
756 
747 
733 
738 
741 
746 
754 
767 
782 
789 
790 
778 
766 
762 
752 
744 
743 
750 
760 
777 
777 
783 
788 
790 
790 
787 
770 
758 
754 
757 
767 
773 
779 
787 
794 
805 
788 
774 
765 
757 
751 
740 
738 
743 
751 
763 
773 
806 
870 
959 
1060 
1147 
1238 
1305 
1355 
1381 
1407 
1417 
1402 
1348 
1289 
1209 
1131 
1063 
997 
955 
924 
899 
871 
857 
852 
834 
833 
838 
825 
820 
827 
834 
823 
824 
814 
802 
789 
787 
793 
799 
789 
791 
799 
807 
814 
818 
821 
825 
823 
816 
811 
805 
790 
790 
799 
805 
814 
825 
834 
842 
837 
824 
813 
802 
796 
792 
795 
803 
811 
821 
832 
837 
835 
829 
822 
814 
808 
803 
804 
811 
824 
835 
846 
859 
866 
860 
850 
834 
824 
816 
811 
808 
814 
822 
833 
844 
850 
852 
846 
837 
825 
816 
816 
819 
822 
831 
840 
853 
862 
861 
856 
845 
834 
825 
822 
819 
815 
820 
829 
839 
848 
856 
854 
841 
829 
824 
821 
820 
821 
825 
831 
839 
846 
850 
851 
849 
839 
829 
816 
813 
816 
821 
826 
829 
833 
837 
836 
832 
833 
809 
787 
776 
769 
764 
764 
758 
756 
762 
766 
777 
823 
919 
1046 
1204 
1372 
1520 
1660 
1775 
1875 
1941 
1981 
1990 
1961 
1885 
1778 
1629 
1460 
1299 
1167 
1087 
1035 
996 
966 
951 
936 
920 
898 
879 
850 
814 
798 
789 
785 
784 
788 
792 
791 
789 
783 
774 
763 
753 
747 
746 
750 
757 
764 
774 
781 
783 
780 
767 
751 
738 
730 
729 
735 
743 
753 
763 
774 
779 
776 
768 
755 
738 
729 
722 
727 
728 
717 
722 
727 
732 
733 
725 
714 
702 
693 
691 
695 
701 
699 
717 
758 
814 
881 
934 
965 
976 
979 
962 
926 
883 
845 
818 
808 
803 
807 
812 
815 
805 
796 
784 
772 
767 
765 
766 
761 
757 
763 
771 
773 
764 
744 
746 
742 
734 
727 
723 
719 
722 
731 
742 
755 
759 
760 
756 
749 
738 
727 
720 
717 
723 
725 
726 
734 
743 
749 
756 
761 
758 
747 
737 
726 
723 
722 
726 
734 
735 
735 
741 
749 
747 
740 
727 
709 
695 
692 
694 
697 
706 
720 
761 
844 
916 
999 
1075 
1113 
1135 
1142 
1117 
1068 
1010 
951 
906 
880 
866 
859 
852 
841 
822 
804 
789 
781 
781 
784 
783 
780 
777 
784 
784 
780 
770 
759 
756 
751 
749 
750 
750 
758 
762 
766 
770 
776 
780 
777 
770 
763 
758 
752 
751 
741 
745 
752 
765 
781 
776 
789 
792 
793 
791 
774 
761 
753 
747 
745 
742 
753 
756 
742 
738 
734 
714 
703 
696 
695 
701 
714 
726 
735 
749 
774 
828 
890 
953 
1018 
1088 
1142 
1177 
1198 
1190 
1154 
1109 
1050 
991 
930 
886 
859 
840 
827 
812 
804 
798 
799 
804 
804 
809 
802 
792 
786 
777 
760 
747 
743 
749 
839 
826 
819 
816 
818 
821 
828 
840 
847 
855 
856 
852 
841 
830 
821 
813 
810 
813 
823 
833 
841 
844 
849 
849 
842 
833 
824 
812 
801 
800 
810 
799 
788 
786 
787 
783 
783 
774 
762 
749 
741 
748 
796 
897 
1037 
1211 
1388 
1544 
1691 
1796 
1885 
1933 
1961 
1955 
1926 
1858 
1766 
1634 
1477 
1326 
1198 
1111 
1048 
996 
954 
921 
897 
877 
869 
866 
857 
840 
833 
823 
809 
790 
777 
761 
753 
749 
751 
752 
760 
768 
776 
785 
786 
778 
767 
753 
741 
734 
734 
737 
744 
755 
766 
772 
774 
770 
760 
747 
733 
727 
726 
729 
733 
734 
741 
749 
758 
754 
729 
715 
707 
700 
695 
691 
684 
688 
695 
706 
720 
730 
735 
745 
767 
802 
853 
898 
930 
950 
961 
956 
933 
896 
863 
836 
812 
800 
790 
778 
772 
766 
759 
762 
770 
779 
794 
803 
794 
778 
763 
745 
734 
725 
723 
722 
723 
730 
740 
749 
754 
753 
745 
736 
730 
728 
723 
718 
724 
730 
737 
736 
740 
754 
764 
755 
744 
742 
736 
726 
722 
724 
723 
725 
730 
738 
748 
761 
769 
762 
740 
723 
707 
698 
695 
694 
700 
708 
721 
739 
739 
749 
758 
777 
829 
891 
949 
1022 
1078 
1114 
1141 
1128 
1093 
1045 
982 
928 
894 
864 
839 
820 
808 
797 
790 
789 
796 
802 
813 
817 
811 
794 
780 
770 
757 
745 
739 
741 
750 
752 
762 
772 
781 
786 
779 
772 
762 
753 
750 
744 
743 
751 
762 
779 
785 
791 
798 
795 
788 
774 
754 
750 
745 
748 
756 
761 
777 
788 
795 
798 
800 
793 
710 
716 
724 
730 
744 
742 
741 
733 
725 
718 
717 
720 
732 
783 
850 
939 
1028 
1101 
1164 
1208 
1237 
1232 
1182 
1111 
1031 
955 
896 
861 
844 
836 
838 
838 
843 
838 
829 
814 
796 
792 
772 
751 
745 
752 
767 
778 
784 
787 
785 
779 
764 
747 
738 
738 
747 
754 
772 
784 
791 
797 
793 
778 
763 
750 
746 
748 
757 
765 
772 
780 
787 
779 
780 
780 
784 
791 
784 
774 
776 
779 
774 
769 
758 
762 
771 
779 
789 
792 
782 
767 
758 
753 
758 
777 
833 
926 
1049 
1155 
1251 
1335 
1398 
1430 
1445 
1431 
1403 
1342 
1280 
1192 
1117 
1039 
995 
970 
950 
929 
906 
882 
860 
838 
826 
825 
822 
823 
829 
818 
820 
821 
813 
810 
815 
814 
807 
800 
797 
797 
798 
798 
807 
818 
827 
829 
826 
822 
815 
804 
799 
798 
797 
799 
803 
799 
804 
819 
824 
837 
838 
832 
824 
810 
803 
800 
789 
797 
809 
820 
828 
837 
843 
848 
844 
832 
819 
812 
810 
810 
817 
824 
835 
846 
853 
851 
846 
838 
828 
819 
813 
811 
814 
819 
830 
843 
855 
864 
866 
861 
853 
836 
819 
809 
808 
810 
816 
824 
839 
853 
862 
864 
855 
846 
836 
827 
802 
802 
807 
825 
847 
863 
873 
872 
858 
839 
819 
809 
803 
810 
824 
833 
842 
850 
852 
853 
849 
838 
825 
819 
819 
819 
822 
820 
814 
816 
807 
797 
794 
791 
783 
774 
766 
757 
744 
745 
758 
806 
912 
1056 
1223 
1390 
1538 
1663 
1763 
1860 
1927 
1972 
1977 
1951 
1884 
1788 
1641 
1475 
1309 
1170 
1080 
1025 
985 
955 
931 
914 
905 
895 
887 
870 
839 
818 
799 
786 
774 
765 
763 
762 
764 
768 
774 
778 
781 
779 
773 
762 
756 
747 
743 
743 
744 
748 
756 
768 
777 
777 
773 
762 
747 
736 
730 
730 
729 
722 
734 
749 
763 
771 
774 
767 
749 
717 
698 
689 
687 
689 
694 
707 
716 
728 
730 
730 
724 
716 
719 
740 
784 
842 
892 
933 
963 
981 
981 
954 
908 
864 
830 
804 
790 
784 
778 
780 
786 
796 
800 
803 
804 
800 
792 
769 
747 
736 
731 
731 
735 
736 
740 
751 
759 
759 
751 
740 
728 
718 
715 
719 
727 
734 
743 
752 
759 
763 
760 
747 
739 
731 
723 
714 
716 
720 
725 
735 
749 
760 
755 
758 
760 
747 
730 
732 
729 
705 
698 
691 
694 
704 
713 
726 
735 
742 
747 
744 
731 
725 
742 
791 
862 
949 
1026 
1092 
1135 
1165 
1162 
1119 
1053 
973 
902 
858 
834 
814 
808 
810 
812 
819 
822 
822 
817 
809 
796 
779 
759 
749 
747 
753 
757 
759 
763 
771 
778 
774 
771 
763 
755 
753 
749 
747 
747 
754 
766 
772 
777 
782 
785 
784 
776 
760 
750 
742 
745 
754 
748 
761 
769 
781 
798 
794 
793 
779 
763 
765 
758 
738 
732 
721 
717 
713 
711 
707 
705 
713 
741 
809 
875 
961 
1038 
1114 
1170 
1195 
1204 
1189 
1148 
1099 
1035 
978 
926 
893 
874 
862 
844 
819 
799 
784 
784 
792 
785 
790 
774 
774 
785 
774 
774 
764 
759 
763 
755 
750 
751 
748 
756 
746 
746 
754 
765 
778 
783 
786 
782 
772 
769 
761 
751 
746 
746 
757 
767 
772 
778 
787 
798 
803 
791 
775 
764 
760 
767 
773 
773 
776 
775 
784 
789 
786 
777 
763 
758 
754 
742 
741 
749 
782 
853 
941 
1049 
1142 
1250 
1329 
1385 
1410 
1424 
1424 
1397 
1349 
1292 
1205 
1119 
1040 
988 
962 
938 
912 
887 
865 
849 
841 
842 
833 
819 
808 
808 
799 
815 
832 
831 
825 
819 
807 
797 
787 
789 
797 
798 
804 
813 
825 
829 
832 
830 
822 
813 
805 
800 
800 
795 
793 
802 
814 
824 
829 
833 
833 
825 
817 
806 
803 
804 
807 
812 
819 
828 
839 
845 
844 
838 
827 
816 
808 
808 
811 
818 
821 
824 
835 
845 
852 
854 
849 
840 
829 
826 
821 
822 
828 
833 
838 
847 
849 
848 
846 
838 
831 
826 
823 
822 
825 
831 
832 
842 
851 
856 
854 
846 
834 
826 
822 
821 
821 
825 
834 
844 
857 
859 
859 
853 
843 
828 
817 
816 
817 
821 
829 
838 
849 
857 
860 
856 
845 
835 
828 
820 
819 
819 
827 
838 
849 
848 
845 
848 
821 
794 
779 
766 
759 
758 
763 
764 
769 
778 
792 
840 
929 
1055 
1204 
1360 
1505 
1650 
1779 
1892 
1960 
2010 
2015 
1980 
1899 
1790 
1635 
1459 
1298 
1168 
1082 
1037 
1007 
983 
970 
951 
930 
906 
882 
851 
815 
802 
795 
795 
799 
805 
806 
807 
804 
794 
779 
767 
757 
755 
759 
761 
765 
772 
775 
775 
775 
777 
773 
766 
762 
758 
754 
752 
753 
755 
758 
765 
772 
776 
773 
767 
757 
747 
740 
739 
734 
721 
718 
724 
731 
732 
732 
729 
719 
714 
707 
701 
704 
710 
728 
768 
820 
887 
940 
973 
978 
973 
953 
915 
870 
835 
819 
812 
816 
819 
814 
811 
801 
793 
784 
779 
778 
780 
783 
774 
765 
767 
770 
768 
764 
758 
748 
739 
733 
730 
724 
719 
720 
723 
731 
738 
744 
751 
751 
744 
742 
742 
737 
735 
732 
720 
720 
726 
731 
742 
753 
762 
765 
759 
746 
739 
732 
723 
720 
726 
728 
715 
718 
721 
720 
728 
736 
735 
726 
716 
710 
700 
705 
714 
745 
812 
895 
985 
1072 
1130 
1151 
1151 
1122 
1074 
1012 
934 
880 
850 
842 
843 
842 
837 
826 
815 
803 
789 
778 
771 
770 
771 
769 
771 
779 
783 
785 
783 
771 
753 
738 
732 
734 
737 
741 
751 
760 
771 
779 
780 
773 
763 
756 
747 
744 
742 
747 
759 
765 
771 
776 
783 
790 
787 
773 
763 
755 
752 
754 
744 
738 
751 
763 
762 
763 
768 
763 
721 
721 
715 
708 
707 
709 
716 
726 
751 
809 
882 
961 
1035 
1108 
1158 
1182 
1192 
1179 
1148 
1103 
1029 
965 
913 
887 
871 
851 
828 
805 
792 
786 
787 
781 
782 
790 
784 
788 
786 
782 
773 
758 
753 
751 
736 
731 
729 
738 
755 
748 
752 
759 
770 
779 
767 
760 
755 
750 
749 
741 
737 
740 
748 
762 
765 
774 
788 
793 
792 
784 
766 
749 
737 
739 
752 
765 
767 
770 
772 
786 
778 
767 
755 
745 
738 
723 
721 
731 
735 
776 
839 
929 
1039 
1135 
1239 
1316 
1373 
1400 
1417 
1415 
1401 
1347 
1283 
1191 
1098 
1028 
981 
937 
918 
893 
875 
861 
852 
839 
829 
826 
818 
812 
820 
822 
816 
808 
799 
788 
782 
780 
770 
772 
774 
779 
799 
818 
830 
826 
818 
810 
797 
777 
778 
781 
780 
780 
793 
803 
818 
832 
829 
836 
834 
825 
811 
801 
795 
788 
782 
786 
798 
814 
827 
837 
840 
838 
831 
822 
810 
806 
805 
808 
819 
827 
828 
838 
849 
855 
855 
846 
836 
824 
812 
808 
810 
818 
826 
835 
843 
844 
849 
847 
832 
823 
815 
813 
814 
814 
820 
827 
834 
844 
845 
855 
863 
862 
851 
836 
825 
814 
811 
811 
819 
834 
858 
861 
851 
841 
829 
819 
815 
819 
818 
831 
840 
849 
856 
860 
855 
839 
835 
830 
829 
830 
830 
830 
836 
842 
846 
852 
849 
843 
841 
817 
794 
785 
777 
773 
777 
780 
777 
779 
783 
791 
829 
921 
1050 
1212 
1386 
1534 
1673 
1791 
1894 
1968 
2017 
2019 
1985 
1895 
1788 
1640 
1468 
1303 
1172 
1095 
1052 
1021 
981 
964 
951 
935 
916 
890 
863 
835 
821 
811 
803 
800 
801 
806 
811 
815 
812 
801 
791 
783 
774 
766 
763 
762 
768 
778 
788 
796 
798 
798 
793 
782 
770 
760 
755 
755 
759 
765 
774 
784 
789 
790 
784 
772 
757 
750 
745 
739 
723 
724 
731 
737 
742 
743 
738 
732 
724 
717 
717 
718 
723 
739 
775 
827 
890 
942 
971 
982 
984 
968 
935 
891 
857 
834 
821 
820 
819 
818 
818 
809 
798 
787 
779 
775 
779 
784 
770 
764 
769 
774 
775 
776 
762 
747 
733 
727 
721 
721 
719 
717 
729 
744 
758 
768 
772 
766 
754 
742 
731 
723 
714 
712 
712 
721 
733 
744 
754 
760 
761 
758 
747 
739 
731 
731 
730 
728 
721 
725 
715 
718 
720 
723 
725 
724 
720 
714 
706 
705 
707 
707 
721 
761 
824 
899 
980 
1057 
1106 
1137 
1149 
1124 
1073 
1011 
943 
892 
866 
837 
831 
832 
827 
819 
807 
790 
781 
767 
770 
778 
771 
765 
769 
774 
774 
768 
759 
751 
743 
738 
739 
741 
742 
745 
748 
756 
758 
760 
763 
763 
763 
756 
749 
745 
747 
750 
750 
752 
754 
763 
775 
778 
777 
771 
759 
753 
752 
743 
734 
733 
744 
756 
737 
747 
747 
726 
717 
708 
700 
702 
703 
710 
717 
731 
738 
742 
745 
758 
801 
859 
938 
1018 
1092 
1141 
1169 
1189 
1194 
1171 
1126 
1055 
982 
918 
876 
851 
822 
803 
791 
787 
789 
796 
807 
813 
816 
801 
785 
768 
744 
731 
726 
729 
743 
747 
758 
767 
777 
779 
771 
754 
737 
734 
735 
739 
749 
755 
766 
775 
779 
778 
771 
761 
750 
747 
742 
742 
743 
749 
762 
770 
773 
777 
781 
787 
783 
766 
756 
737 
735 
731 
731 
737 
747 
757 
763 
770 
775 
773 
791 
842 
907 
999 
1084 
1189 
1278 
1349 
1398 
1433 
1445 
1439 
1375 
1297 
1190 
1087 
999 
939 
902 
885 
881 
877 
879 
866 
862 
852 
838 
817 
796 
773 
763 
761 
767 
779 
787 
793 
801 
808 
811 
808 
799 
783 
770 
766 
770 
776 
789 
799 
809 
816 
814 
814 
815 
808 
795 
781 
775 
775 
781 
795 
807 
817 
810 
815 
819 
821 
819 
813 
806 
804 
804 
805 
808 
809 
814 
820 
829 
832 
832 
821 
808 
798 
792 
792 
799 
809 
820 
830 
839 
846 
845 
837 
827 
818 
812 
810 
813 
817 
824 
835 
844 
846 
846 
842 
825 
817 
809 
806 
806 
812 
823 
834 
848 
858 
866 
868 
852 
858 
855 
842 
828 
817 
808 
806 
811 
818 
828 
839 
850 
852 
858 
858 
848 
837 
831 
826 
829 
834 
837 
844 
852 
856 
855 
853 
839 
822 
823 
804 
791 
791 
790 
792 
794 
794 
792 
788 
780 
775 
809 
908 
1047 
1219 
1397 
1551 
1699 
1822 
1930 
1988 
2022 
2009 
1963 
1877 
1770 
1629 
1474 
1323 
1209 
1136 
1095 
1057 
1019 
980 
938 
905 
884 
872 
862 
836 
838 
846 
849 
853 
842 
822 
804 
788 
778 
773 
774 
778 
786 
798 
803 
812 
812 
807 
795 
780 
773 
771 
774 
777 
780 
780 
786 
794 
798 
798 
792 
783 
773 
769 
768 
768 
766 
768 
771 
770 
758 
756 
758 
756 
745 
733 
726 
721 
720 
722 
728 
740 
755 
776 
804 
846 
896 
931 
955 
969 
978 
971 
947 
915 
887 
865 
852 
841 
829 
813 
801 
788 
785 
787 
794 
792 
803 
815 
813 
801 
791 
772 
753 
739 
732 
730 
733 
739 
749 
755 
765 
770 
767 
759 
747 
733 
725 
722 
724 
729 
742 
753 
763 
769 
768 
762 
751 
735 
725 
720 
717 
716 
719 
722 
711 
721 
740 
753 
760 
759 
740 
723 
706 
692 
688 
687 
695 
709 
721 
737 
742 
742 
749 
770 
819 
876 
940 
1015 
1077 
1117 
1137 
1125 
1083 
1031 
967 
908 
876 
857 
829 
811 
794 
783 
757 
761 
771 
765 
772 
782 
791 
794 
795 
788 
768 
746 
727 
718 
717 
713 
722 
731 
743 
760 
769 
770 
766 
758 
744 
736 
731 
728 
720 
726 
744 
754 
766 
776 
773 
775 
768 
753 
738 
725 
723 
733 
734 
740 
742 
749 
770 
776 
715 
723 
729 
736 
738 
722 
729 
734 
749 
793 
854 
930 
1001 
1083 
1149 
1190 
1204 
1199 
1169 
1120 
1051 
979 
915 
872 
839 
809 
790 
777 
769 
776 
795 
810 
782 
793 
791 
778 
766 
752 
735 
726 
723 
729 
740 
754 
763 
763 
765 
754 
757 
757 
751 
740 
731 
728 
734 
743 
746 
745 
742 
755 
766 
754 
756 
757 
756 
752 
741 
738 
738 
742 
751 
752 
763 
775 
775 
777 
763 
749 
734 
721 
718 
723 
721 
721 
727 
739 
758 
780 
836 
918 
1020 
1108 
1198 
1270 
1329 
1375 
1409 
1403 
1386 
1334 
1279 
1198 
1104 
1019 
954 
905 
884 
870 
839 
819 
802 
804 
812 
807 
798 
789 
796 
805 
798 
788 
771 
759 
757 
747 
747 
751 
764 
779 
786 
795 
801 
801 
797 
789 
778 
763 
751 
749 
760 
776 
783 
792 
798 
792 
803 
811 
802 
794 
782 
772 
746 
758 
771 
757 
762 
782 
799 
806 
819 
829 
831 
824 
815 
797 
784 
781 
786 
796 
793 
802 
814 
826 
823 
826 
833 
831 
823 
810 
794 
789 
794 
795 
804 
815 
826 
839 
847 
846 
840 
827 
813 
804 
804 
805 
812 
822 
830 
840 
849 
851 
845 
834 
823 
815 
811 
809 
812 
819 
837 
836 
829 
822 
823 
823 
825 
830 
835 
840 
844 
849 
850 
847 
837 
834 
827 
818 
817 
820 
822 
822 
824 
827 
842 
833 
820 
812 
803 
787 
777 
775 
773 
767 
769 
775 
824 
936 
1079 
1248 
1417 
1559 
1685 
1790 
1887 
1951 
1996 
2004 
1981 
1917 
1830 
1693 
1521 
1346 
1202 
1111 
1058 
1019 
984 
966 
957 
948 
944 
936 
918 
889 
867 
845 
824 
812 
807 
801 
802 
807 
819 
829 
832 
830 
822 
815 
807 
797 
791 
790 
798 
806 
811 
817 
820 
818 
814 
803 
795 
791 
794 
798 
795 
798 
800 
802 
802 
806 
803 
794 
788 
780 
759 
754 
756 
761 
753 
753 
764 
771 
774 
771 
767 
762 
756 
762 
791 
840 
904 
961 
1001 
1025 
1035 
1025 
990 
936 
890 
857 
837 
828 
827 
829 
833 
838 
846 
852 
849 
838 
824 
807 
782 
764 
759 
763 
774 
791 
802 
807 
802 
786 
767 
753 
745 
741 
743 
752 
762 
772 
785 
787 
783 
772 
761 
749 
743 
741 
741 
744 
750 
757 
763 
768 
769 
769 
758 
760 
755 
751 
746 
744 
747 
744 
732 
729 
734 
736 
738 
734 
727 
721 
714 
710 
706 
700 
714 
750 
819 
900 
981 
1060 
1115 
1141 
1149 
1125 
1077 
1015 
936 
871 
841 
838 
841 
840 
838 
829 
816 
799 
783 
772 
766 
763 
758 
750 
749 
754 
762 
768 
766 
756 
746 
737 
729 
730 
734 
742 
747 
740 
745 
752 
758 
760 
755 
746 
738 
731 
727 
720 
723 
733 
739 
749 
760 
763 
768 
768 
757 
747 
737 
730 
726 
718 
731 
736 
730 
742 
756 
747 
745 
735 
760 
755 
743 
727 
715 
710 
723 
774 
849 
934 
1021 
1102 
1173 
1206 
1225 
1210 
1159 
1093 
1019 
948 
896 
861 
844 
835 
831 
824 
821 
812 
803 
806 
800 
792 
769 
748 
736 
732 
734 
744 
752 
758 
770 
770 
761 
747 
732 
725 
724 
722 
723 
729 
740 
750 
765 
771 
761 
750 
739 
731 
727 
728 
734 
742 
746 
749 
757 
765 
758 
754 
749 
741 
744 
751 
747 
742 
722 
711 
721 
732 
732 
735 
737 
740 
743 
738 
738 
755 
808 
890 
991 
1084 
1195 
1284 
1358 
1406 
1427 
1413 
1381 
1310 
1244 
1150 
1055 
974 
926 
910 
898 
881 
865 
848 
832 
813 
795 
780 
767 
763 
760 
764 
776 
782 
787 
786 
777 
766 
752 
747 
750 
744 
743 
744 
753 
768 
769 
774 
777 
782 
781 
768 
761 
756 
756 
759 
761 
765 
772 
786 
795 
800 
799 
785 
770 
762 
762 
765 
766 
769 
780 
793 
808 
807 
808 
798 
788 
778 
770 
764 
765 
772 
787 
802 
809 
819 
827 
822 
811 
802 
794 
785 
779 
772 
778 
794 
811 
829 
829 
832 
829 
823 
815 
805 
801 
797 
790 
792 
800 
810 
823 
828 
835 
841 
843 
834 
822 
812 
808 
803 
803 
807 
812 
819 
827 
822 
820 
820 
821 
823 
826 
835 
840 
844 
846 
844 
837 
828 
821 
819 
823 
827 
836 
844 
851 
857 
859 
859 
852 
835 
819 
819 
807 
796 
796 
796 
803 
809 
813 
807 
794 
778 
773 
808 
907 
1046 
1219 
1394 
1551 
1699 
1826 
1934 
1990 
2017 
2006 
1966 
1883 
1785 
1649 
1493 
1340 
1220 
1147 
1098 
1059 
1019 
983 
950 
920 
900 
885 
871 
854 
846 
849 
859 
867 
856 
841 
823 
802 
790 
787 
785 
791 
803 
816 
823 
817 
829 
831 
821 
806 
791 
779 
776 
778 
783 
798 
811 
824 
829 
825 
812 
791 
778 
776 
772 
775 
784 
797 
806 
809 
795 
788 
773 
757 
740 
727 
728 
734 
748 
758 
769 
779 
783 
792 
816 
851 
896 
939 
970 
992 
1007 
1004 
982 
944 
911 
883 
867 
855 
842 
826 
813 
807 
805 
807 
810 
817 
827 
835 
829 
812 
797 
783 
768 
760 
751 
751 
755 
763 
774 
783 
790 
793 
786 
776 
758 
743 
730 
724 
730 
741 
752 
767 
779 
788 
788 
780 
762 
745 
733 
728 
730 
736 
737 
747 
763 
774 
777 
772 
764 
747 
722 
707 
699 
698 
701 
709 
719 
727 
736 
740 
737 
737 
736 
755 
810 
876 
950 
1030 
1092 
1130 
1155 
1146 
1100 
1040 
971 
908 
872 
844 
817 
797 
785 
780 
779 
780 
786 
795 
805 
808 
794 
765 
747 
737 
731 
728 
729 
730 
740 
752 
746 
750 
759 
758 
752 
745 
738 
734 
727 
727 
727 
723 
730 
743 
754 
757 
757 
753 
747 
746 
738 
732 
728 
729 
735 
740 
747 
755 
756 
755 
767 
763 
732 
715 
701 
724 
731 
736 
742 
740 
737 
729 
721 
713 
709 
711 
729 
785 
865 
958 
1047 
1135 
1197 
1224 
1229 
1205 
1152 
1083 
1006 
939 
885 
857 
843 
833 
829 
825 
818 
806 
797 
788 
779 
779 
767 
752 
749 
750 
757 
764 
764 
767 
771 
764 
752 
738 
724 
715 
715 
722 
736 
747 
758 
762 
764 
769 
767 
754 
736 
725 
721 
722 
728 
739 
751 
763 
774 
777 
779 
772 
755 
738 
732 
736 
736 
738 
722 
724 
734 
747 
756 
754 
743 
730 
718 
716 
720 
742 
806 
898 
1011 
1101 
1202 
1282 
1354 
1398 
1420 
1412 
1383 
1317 
1251 
1165 
1064 
981 
928 
902 
895 
876 
859 
843 
828 
814 
793 
780 
768 
761 
770 
767 
773 
784 
790 
796 
787 
773 
757 
743 
742 
744 
740 
745 
748 
763 
780 
780 
784 
784 
783 
780 
764 
751 
747 
745 
755 
759 
763 
776 
790 
805 
804 
800 
794 
781 
771 
766 
756 
750 
753 
768 
788 
806 
817 
818 
812 
810 
802 
781 
768 
760 
762 
774 
790 
798 
808 
818 
827 
827 
824 
820 
802 
787 
780 
775 
771 
787 
804 
812 
820 
826 
831 
828 
824 
819 
812 
805 
793 
795 
799 
807 
816 
823 
834 
842 
846 
843 
837 
802 
801 
807 
819 
832 
842 
853 
857 
853 
845 
837 
828 
823 
825 
829 
840 
845 
851 
855 
857 
850 
840 
829 
821 
822 
823 
820 
828 
821 
813 
814 
814 
811 
806 
797 
783 
769 
755 
761 
808 
912 
1050 
1219 
1400 
1565 
1717 
1834 
1920 
1965 
1990 
1984 
1959 
1894 
1807 
1678 
1520 
1362 
1231 
1141 
1079 
1022 
974 
943 
927 
919 
921 
925 
914 
888 
880 
868 
848 
822 
803 
791 
786 
788 
791 
804 
818 
830 
835 
831 
823 
807 
793 
782 
775 
777 
787 
791 
801 
809 
814 
816 
815 
807 
795 
788 
783 
778 
778 
782 
785 
789 
792 
793 
796 
791 
767 
755 
751 
745 
740 
741 
745 
746 
750 
761 
769 
773 
770 
771 
791 
829 
884 
932 
969 
996 
1017 
1013 
987 
949 
908 
869 
838 
817 
80