-15376 
0 
262180 
32761 
-221139120 
14 
0 
0 
-2145979060 
1 
-221249536 
32761 
-217987728 
32761 
-221160800 
32761 
-14704 
0 
-206089815 
27425 
-220316912 
32761 
0 
0 
-15248 
0 
0 
0 
0 
0 
-13424 
0 
-2143963392 
1 
-15376 
0 
-15680 
0 
262180 
0 
-15120 
0 
257 
32 
68 
5 
99180 
8 
0 
2 
5505102 
4259872 
5505109 
5177416 
4784210 
5832788 
0 
0 
0 
0 
0 
0 
0 
0 
0 
0 
-15592 
0 
568 
384 
0 
0 
1 
0 
0 
0 
0 
0 
0 
0 
0 
0 
0 
0 
8318656 
0 
0 
0 
0 
0 
0 
0 
0 
0 
0 
0 
-15248 
0 
-218005248 
32761 
0 
0 
0 
0 
0 
0 
0 
0 
-13816 
0 
0 
0 
1 
0 
0 
0 
2973696 
0 
0 
0 
0 
0 
758197587 
875965749 
3552045 
842151223 
3748149 
859321645 
825046070 
875968568 
909521453 
842151729 
758329394 
926496049 
959526965 
908931888 
943141173 
909193778 
825766445 
925972789 
758330932 
909324856 
959788085 
808594739 
859189817 
926233907 
943206701 
859189557 
3748920 
0 
0 
0 
0 
0 
-15344 
0 
8294984 
0 
8294960 
0 
8295028 
0 
0 
0 
60 
0 
0 
0 
1 
0 
0 
0 
0 
0 
0 
0 
0 
0 
0 
0 
0 
0 
0 
0 
-218338320 
32761 
7077955 
7667823 
2097252 
6488129 
7274595 
7209077 
2097268 
7667777 
6815860 
7209061 
6881396 
6357091 
6881396 
7209071 
0 
0 
448 
2 
0 
0 
0 
0 
0 
0 
0 
0 
0 
0 
0 
0 
0 
0 
-13248 
0 
-2147071248 
1 
0 
0 
-27048 
0 
0 
0 
0 
0 
-13816 
0 
0 
0 
0 
0 
0 
0 
0 
0 
0 
0 
-14704 
0 
0 
0 
0 
0 
0 
0 
0 
0 
0 
0 
8322432 
0 
65 
0 
-206089591 
27425 
15 
0 
0 
0 
-13816 
0 
0 
0 
0 
0 
-218005112 
32761 
0 
0 
-218003552 
32761 
-220317616 
32761 
-218003552 
32761 
0 
0 
0 
0 
-218005112 
32761 
-14704 
0 
-13816 
0 
1903232307 
0 
-199358544 
32761 
-217921614 
32761 
-217987760 
32761 
2 
0 
-217987728 
32761 
-13816 
0 
512 
0 
-1198568364 
14268 
-217921620 
32761 
0 
0 
-2146619762 
1 
-14544 
0 
-2146506771 
1 
8323248 
0 
-199531375 
32761 
0 
0 
0 
0 
8321520 
0 
372 
0 
67 
32761 
14 
0 
48 
7667823 
0 
0 
0 
0 
0 
0 
0 
0 
0 
0 
0 
0 
0 
0 
303840 
8 
-2145116848 
1 
0 
0 
-2146619218 
1 
1 
0 
-13696 
0 
1 
0 
-2147198918 
1 
-14096 
0 
8321520 
0 
11 
0 
-2145615163 
1 
14 
0 
11 
0 
0 
0 
11 
0 
-14032 
0 
-2143942512 
1 
-2143944440 
1 
-2145190791 
1 
16 
8 
-2147202347 
1 
528 
0 
17 
8 
0 
0 
-2147199789 
1 
-2143942648 
1 
0 
0 
-2144872137 
1 
-14032 
0 
17 
8 
-2144821912 
1 
-2143942632 
1 
-2143944456 
1 
17 
8 
-2144821912 
1 
16 
8 
-2147202551 
1 
7 
0 
-14032 
0 
-2144872137 
1 
-2146473625 
1 
-14032 
0 
-2146470715 
1 
2240 
0 
-2145684739 
1 
-13504 
0 
0 
0 
-13504 
0 
-2146506395 
1 
-13216 
0 
-2144537984 
1 
-13424 
0 
0 
0 
-13744 
0 
-13752 
0 
-2145128704 
1 
-2146502650 
1 
0 
0 
-2145166944 
1 
0 
0 
0 
0 
8322448 
0 
-2145933643 
1 
64 
0 
706 
686 
672 
664 
658 
652 
649 
649 
648 
649 
647 
637 
629 
624 
619 
620 
627 
633 
639 
643 
645 
647 
652 
651 
642 
636 
631 
627 
629 
635 
642 
651 
666 
657 
646 
642 
642 
643 
646 
654 
658 
667 
671 
670 
663 
655 
649 
644 
643 
649 
655 
659 
662 
664 
665 
664 
661 
659 
654 
654 
655 
655 
651 
651 
653 
657 
663 
668 
671 
667 
663 
659 
629 
632 
640 
636 
643 
644 
647 
648 
643 
631 
614 
608 
608 
606 
604 
606 
614 
622 
627 
645 
721 
845 
1006 
1182 
1371 
1546 
1694 
1824 
1935 
2007 
2055 
2070 
2039 
1959 
1824 
1653 
1472 
1276 
1103 
998 
642 
647 
654 
657 
641 
651 
656 
654 
645 
648 
648 
640 
634 
628 
631 
627 
627 
629 
628 
632 
643 
695 
800 
946 
1116 
1291 
1456 
1621 
1776 
1914 
2031 
2121 
2182 
2218 
2221 
2193 
2142 
2060 
1948 
1829 
1622 
1447 
1259 
1097 
980 
913 
869 
833 
802 
776 
749 
724 
695 
670 
659 
648 
640 
633 
637 
641 
639 
635 
633 
629 
627 
621 
619 
621 
622 
625 
625 
627 
631 
636 
640 
642 
638 
633 
627 
620 
2147 
2069 
1959 
1830 
1679 
1508 
1334 
1163 
1037 
956 
901 
854 
814 
780 
755 
720 
685 
667 
663 
660 
656 
657 
656 
655 
650 
643 
634 
627 
625 
625 
625 
625 
628 
627 
633 
639 
646 
647 
644 
641 
1919 
1802 
1650 
1479 
1292 
1126 
1014 
933 
870 
823 
784 
756 
737 
725 
715 
698 
681 
680 
675 
666 
655 
644 
639 
627 
624 
621 
623 
631 
643 
650 
649 
643 
646 
643 
636 
630 
628 
625 
628 
629 
2071 
1971 
1853 
1703 
1522 
1338 
1155 
1020 
933 
875 
834 
801 
778 
761 
736 
711 
691 
676 
661 
648 
642 
633 
629 
624 
610 
620 
629 
637 
642 
643 
643 
637 
630 
626 
623 
624 
624 
628 
634 
640 
647 
651 
652 
647 
644 
641 
635 
633 
633 
638 
642 
646 
651 
655 
658 
658 
653 
647 
642 
639 
638 
638 
643 
650 
659 
664 
667 
668 
665 
659 
652 
647 
645 
646 
649 
651 
657 
664 
670 
672 
637 
641 
647 
652 
651 
647 
639 
635 
633 
632 
635 
638 
638 
639 
638 
624 
613 
611 
609 
605 
605 
597 
596 
588 
596 
652 
779 
923 
1089 
1271 
1437 
1587 
1725 
1832 
1921 
1977 
2016 
2019 
1997 
1934 
1672 
1503 
1333 
1152 
1025 
952 
899 
853 
818 
785 
757 
713 
677 
658 
647 
641 
644 
652 
660 
662 
655 
646 
637 
623 
618 
612 
612 
616 
625 
634 
635 
642 
650 
651 
644 
635 
627 
623 
621 
619 
634 
625 
623 
625 
632 
645 
657 
663 
664 
660 
649 
640 
617 
595 
585 
590 
590 
599 
602 
609 
610 
619 
673 
795 
930 
1086 
1259 
1422 
1569 
1710 
1826 
1924 
1994 
2039 
2045 
2021 
1946 
1846 
1719 
1556 
626 
620 
613 
604 
599 
601 
609 
618 
170 
164 
161 
163 
161 
162 
162 
161 
159 
157 
154 
154 
156 
158 
162 
168 
170 
169 
166 
162 
162 
160 
161 
163 
172 
178 
178 
179 
180 
183 
187 
188 
299 
282 
265 
263 
262 
259 
265 
266 
271 
269 
298 
450 
807 
1269 
1798 
2360 
2870 
3336 
3771 
3994 
4024 
4024 
4026 
4025 
4026 
4002 
3896 
3543 
3062 
2525 
1969 
1489 
1190 
995 
859 
747 
653 
577 
509 
453 
265 
262 
262 
251 
233 
227 
224 
231 
240 
246 
246 
247 
247 
290 
498 
894 
1401 
1956 
2536 
3078 
3542 
3926 
4018 
4026 
4026 
4028 
4025 
3958 
3662 
3214 
2696 
2123 
1600 
1244 
1017 
855 
730 
630 
554 
494 
297 
299 
300 
287 
268 
260 
259 
253 
256 
256 
261 
263 
291 
450 
812 
1275 
1809 
2366 
2868 
3332 
3770 
3995 
4025 
4025 
4025 
4027 
4026 
4003 
3898 
3539 
3056 
2518 
1959 
1482 
1187 
994 
854 
735 
644 
568 
290 
289 
286 
286 
276 
265 
265 
266 
264 
266 
264 
269 
264 
294 
454 
815 
1278 
1808 
2362 
2865 
3330 
3772 
3995 
4026 
4026 
4025 
4025 
4027 
3998 
3881 
3532 
3055 
2521 
1964 
1487 
1190 
998 
862 
747 
652 
211 
210 
214 
219 
263 
462 
873 
1393 
1948 
2488 
3027 
3531 
3949 
4026 
4026 
4026 
4026 
4026 
4026 
4028 
3967 
3663 
3216 
2683 
2102 
1584 
1220 
1002 
842 
712 
604 
516 
446 
386 
331 
288 
264 
246 
225 
208 
175 
173 
177 
211 
328 
562 
889 
1258 
1635 
1992 
2342 
2670 
2962 
3204 
3385 
3501 
3570 
3589 
3552 
3451 
3280 
3043 
2762 
2419 
2038 
1655 
1271 
991 
808 
678 
574 
491 
425 
368 
317 
274 
247 
232 
221 
210 
267 
236 
213 
196 
191 
182 
174 
164 
155 
150 
144 
139 
139 
141 
146 
148 
149 
147 
141 
138 
138 
137 
137 
139 
145 
153 
158 
159 
162 
160 
159 
160 
162 
167 
171 
175 
177 
176 
175 
174 
177 
178 
179 
180 
180 
181 
181 
180 
181 
183 
188 
193 
200 
204 
206 
208 
208 
205 
207 
205 
207 
209 
213 
218 
224 
226 
225 
222 
223 
216 
215 
218 
223 
230 
233 
234 
236 
237 
239 
240 
524 
458 
403 
351 
304 
274 
253 
233 
218 
208 
199 
191 
187 
183 
180 
176 
175 
174 
173 
174 
173 
174 
175 
175 
174 
175 
177 
179 
178 
176 
177 
179 
182 
189 
191 
197 
199 
200 
200 
197 
579 
518 
468 
418 
365 
330 
306 
290 
283 
269 
256 
247 
237 
232 
228 
229 
235 
238 
244 
243 
241 
238 
237 
235 
235 
238 
241 
245 
250 
251 
252 
251 
249 
246 
246 
247 
247 
251 
254 
256 
210 
217 
222 
214 
203 
190 
185 
184 
188 
192 
196 
200 
231 
346 
571 
887 
1239 
1604 
1963 
2318 
2646 
2922 
3150 
3316 
3434 
3515 
3542 
3498 
3388 
3220 
2989 
2714 
2389 
2018 
1644 
1269 
990 
811 
683 
583 
316 
317 
318 
320 
299 
282 
273 
267 
128 
115 
109 
105 
110 
117 
119 
117 
115 
115 
116 
114 
112 
113 
116 
121 
122 
124 
125 
126 
129 
128 
130 
128 
128 
130 
134 
138 
137 
137 
143 
150 
149 
150 
150 
150 
152 
150 
152 
158 
159 
163 
164 
164 
166 
168 
168 
168 
168 
169 
169 
172 
176 
180 
182 
183 
186 
190 
195 
194 
198 
200 
200 
202 
201 
201 
205 
206 
210 
213 
216 
218 
219 
209 
195 
192 
193 
206 
212 
212 
211 
209 
209 
262 
492 
922 
1466 
2060 
2681 
3251 
3744 
4004 
4025 
4025 
4025 
4026 
4027 
3999 
3783 
3318 
2779 
2177 
1620 
1244 
1007 
841 
716 
619 
539 
471 
415 
369 
330 
288 
260 
237 
223 
214 
210 
207 
201 
191 
186 
179 
171 
168 
166 
170 
179 
185 
187 
186 
185 
184 
179 
179 
180 
187 
197 
200 
198 
198 
197 
199 
199 
198 
199 
205 
210 
211 
206 
195 
389 
334 
302 
279 
262 
254 
240 
231 
224 
218 
215 
210 
207 
208 
209 
209 
207 
207 
206 
207 
210 
211 
216 
218 
217 
214 
213 
212 
212 
215 
217 
221 
223 
225 
226 
228 
232 
235 
238 
237 
215 
214 
213 
215 
219 
227 
284 
505 
915 
1433 
1998 
2589 
3144 
3632 
3966 
4026 
4026 
4026 
4026 
4026 
3978 
3720 
3260 
2732 
2146 
1609 
1241 
1007 
847 
726 
629 
546 
483 
431 
386 
337 
295 
270 
254 
241 
246 
245 
245 
251 
256 
254 
254 
254 
256 
260 
259 
262 
269 
275 
279 
278 
278 
277 
276 
277 
277 
278 
280 
287 
291 
294 
293 
293 
291 
291 
289 
288 
288 
291 
297 
301 
283 
267 
259 
258 
463 
406 
354 
305 
267 
244 
234 
230 
219 
204 
193 
177 
171 
166 
165 
170 
177 
180 
177 
172 
167 
164 
162 
159 
159 
163 
171 
179 
183 
183 
184 
185 
185 
184 
183 
185 
193 
201 
203 
202 
201 
195 
190 
194 
184 
169 
165 
170 
175 
177 
176 
177 
181 
226 
441 
882 
1440 
2032 
2620 
3195 
3726 
4013 
4026 
4025 
4024 
4026 
4026 
4028 
4028 
4000 
3763 
3311 
2759 
2151 
1607 
1209 
970 
806 
679 
577 
272 
274 
274 
274 
259 
241 
235 
239 
238 
244 
240 
243 
245 
275 
443 
819 
1308 
1868 
2456 
2986 
3466 
3921 
4024 
4025 
4024 
4026 
4025 
4026 
4026 
3956 
3634 
3143 
2587 
2004 
1508 
1192 
991 
846 
726 
634 
313 
261 
227 
207 
195 
182 
168 
157 
148 
140 
136 
131 
130 
134 
140 
144 
142 
139 
134 
129 
125 
126 
131 
141 
148 
149 
145 
138 
133 
131 
133 
140 
152 
162 
163 
164 
164 
163 
163 
169 
290 
245 
216 
202 
194 
183 
168 
155 
140 
132 
128 
123 
128 
138 
142 
140 
137 
128 
123 
119 
117 
121 
128 
135 
137 
138 
138 
133 
133 
135 
138 
147 
158 
162 
163 
161 
158 
155 
154 
154 
278 
264 
248 
243 
240 
240 
243 
241 
200 
205 
208 
207 
205 
205 
204 
206 
207 
215 
221 
225 
226 
225 
224 
220 
219 
217 
215 
221 
228 
232 
233 
232 
233 
233 
237 
237 
241 
248 
252 
255 
296 
294 
293 
293 
294 
295 
296 
299 
307 
316 
318 
317 
315 
311 
313 
298 
282 
280 
283 
285 
287 
284 
284 
281 
311 
468 
826 
1286 
1811 
2366 
2869 
3332 
3760 
3991 
4024 
4026 
4025 
4026 
4027 
3999 
4027 
3996 
3765 
3319 
2760 
2146 
1602 
1212 
984 
824 
692 
579 
489 
411 
351 
294 
245 
222 
211 
195 
177 
162 
145 
134 
125 
119 
123 
129 
131 
131 
127 
124 
121 
121 
120 
117 
118 
124 
129 
129 
124 
123 
123 
125 
130 
137 
140 
147 
149 
147 
148 
146 
146 
145 
148 
155 
160 
164 
166 
165 
164 
161 
159 
156 
160 
165 
170 
174 
177 
177 
179 
181 
182 
181 
184 
186 
191 
198 
203 
203 
3687 
3229 
2704 
2123 
1594 
1231 
1009 
858 
738 
636 
554 
486 
433 
388 
346 
309 
288 
271 
256 
241 
228 
218 
210 
204 
202 
199 
201 
201 
202 
201 
198 
195 
194 
195 
197 
199 
205 
210 
215 
218 
211 
207 
201 
201 
207 
214 
222 
223 
222 
223 
220 
228 
237 
235 
232 
220 
215 
210 
209 
207 
205 
209 
242 
359 
581 
884 
1222 
1557 
1875 
2199 
2505 
2775 
2999 
3162 
3265 
3332 
3356 
3329 
3237 
3080 
324 
325 
324 
325 
326 
329 
330 
337 
344 
349 
348 
351 
348 
346 
324 
308 
304 
304 
305 
301 
294 
292 
290 
295 
381 
621 
990 
1433 
1898 
2341 
2750 
3111 
3404 
3649 
3810 
3901 
3889 
3814 
3642 
3382 
1015 
870 
757 
667 
591 
530 
480 
436 
389 
347 
321 
307 
295 
284 
275 
269 
264 
261 
259 
260 
259 
259 
258 
255 
253 
252 
250 
251 
257 
263 
267 
269 
266 
262 
255 
251 
251 
255 
261 
267 
291 
294 
296 
296 
291 
283 
288 
281 
266 
263 
259 
261 
263 
263 
267 
273 
315 
494 
852 
1309 
1791 
2262 
2733 
3173 
3551 
3866 
3986 
4021 
4025 
4026 
4007 
3959 
3755 
3413 
3008 
2522 
1997 
1530 
1190 
987 
404 
407 
408 
407 
408 
410 
407 
407 
409 
411 
416 
420 
423 
422 
422 
420 
420 
421 
422 
420 
421 
427 
431 
431 
427 
424 
420 
419 
420 
429 
442 
447 
447 
444 
441 
439 
439 
440 
439 
442 
751 
704 
665 
615 
579 
561 
541 
539 
540 
539 
532 
526 
515 
504 
498 
493 
493 
496 
496 
501 
509 
513 
518 
520 
519 
512 
504 
497 
494 
494 
498 
506 
510 
518 
526 
528 
530 
527 
525 
523 
510 
507 
504 
519 
518 
508 
503 
497 
491 
481 
477 
476 
481 
510 
638 
893 
1209 
1542 
1874 
2198 
2496 
2756 
2968 
3124 
3227 
3295 
3312 
3267 
3155 
2972 
2728 
2439 
2095 
1725 
1392 
1148 
1003 
900 
821 
758 
684 
629 
586 
543 
505 
484 
477 
480 
128 
127 
129 
143 
155 
156 
151 
144 
135 
134 
134 
136 
145 
157 
163 
164 
163 
162 
159 
159 
164 
171 
185 
184 
176 
162 
154 
150 
147 
145 
144 
148 
145 
142 
147 
185 
308 
545 
873 
1243 
1618 
1971 
2322 
2653 
2938 
3177 
3351 
3466 
3543 
3567 
3531 
3424 
3250 
3013 
2735 
2401 
2022 
1634 
1251 
963 
776 
655 
562 
484 
419 
366 
309 
261 
229 
207 
196 
192 
179 
180 
188 
238 
449 
877 
1416 
1981 
2538 
3099 
3626 
3983 
4024 
4025 
4026 
4027 
4026 
4027 
4027 
3982 
3704 
3257 
2716 
2123 
1589 
1201 
975 
813 
686 
582 
497 
429 
372 
315 
267 
238 
219 
205 
186 
172 
253 
256 
260 
256 
255 
253 
253 
253 
256 
257 
262 
268 
272 
276 
278 
279 
279 
278 
279 
281 
285 
287 
290 
289 
290 
287 
285 
283 
287 
293 
295 
296 
295 
295 
275 
258 
251 
253 
255 
256 
247 
247 
248 
246 
245 
243 
243 
246 
249 
254 
254 
256 
255 
257 
261 
265 
268 
270 
273 
274 
275 
277 
279 
280 
278 
280 
282 
283 
284 
287 
289 
290 
285 
286 
286 
291 
296 
295 
273 
258 
233 
218 
214 
214 
217 
220 
224 
221 
225 
226 
280 
503 
911 
1430 
1991 
2580 
3123 
3595 
3955 
4024 
4024 
4027 
4026 
4026 
3971 
3701 
3247 
2723 
2139 
1603 
1237 
1004 
845 
729 
630 
545 
479 
425 
380 
331 
395 
347 
322 
307 
287 
269 
254 
235 
223 
215 
210 
215 
222 
224 
221 
218 
216 
215 
213 
213 
218 
224 
230 
231 
231 
228 
229 
228 
227 
226 
228 
229 
234 
238 
239 
238 
236 
234 
235 
235 
521 
482 
435 
385 
355 
337 
328 
315 
304 
293 
287 
284 
277 
273 
270 
270 
270 
266 
265 
266 
267 
271 
271 
277 
279 
281 
281 
279 
280 
280 
283 
287 
288 
289 
291 
291 
292 
291 
291 
288 
799 
704 
622 
556 
506 
464 
418 
367 
339 
320 
307 
294 
281 
271 
263 
256 
251 
249 
250 
247 
246 
246 
242 
243 
240 
241 
244 
245 
251 
258 
263 
262 
260 
260 
260 
259 
258 
260 
263 
270 
217 
216 
216 
216 
220 
221 
228 
225 
210 
206 
204 
204 
203 
206 
209 
214 
219 
273 
500 
919 
1447 
2019 
2616 
3172 
3664 
3980 
4026 
4025 
4027 
4026 
4026 
3985 
3741 
3277 
2740 
2147 
1606 
1237 
1005 
845 
287 
292 
296 
299 
300 
301 
300 
279 
259 
251 
249 
249 
247 
243 
245 
243 
250 
343 
605 
1008 
1486 
1981 
2463 
2924 
3326 
3638 
3895 
3976 
4000 
3994 
3967 
3848 
3567 
3194 
2736 
2224 
1717 
1328 
1085 
923 
155 
156 
155 
153 
152 
155 
154 
154 
162 
155 
139 
136 
133 
136 
141 
147 
153 
158 
206 
431 
895 
1485 
2112 
2731 
3345 
3907 
4025 
4024 
4026 
4027 
4026 
4025 
4027 
4026 
4024 
3856 
3395 
2830 
2199 
1630 
1065 
901 
777 
679 
595 
526 
469 
422 
336 
338 
338 
341 
344 
345 
345 
344 
343 
343 
342 
322 
304 
297 
301 
302 
305 
300 
302 
299 
306 
394 
639 
1013 
1459 
1925 
2377 
2803 
3177 
3465 
3701 
3855 
257 
258 
260 
265 
270 
269 
270 
269 
267 
267 
267 
269 
271 
274 
275 
273 
274 
273 
275 
267 
254 
251 
254 
261 
259 
261 
261 
261 
265 
315 
521 
898 
1370 
1880 
2411 
2906 
3341 
3703 
3951 
3999 
209 
217 
217 
217 
215 
212 
211 
211 
214 
223 
229 
234 
231 
231 
228 
225 
231 
234 
231 
228 
217 
212 
208 
207 
206 
204 
210 
245 
362 
584 
887 
1227 
1567 
1891 
2212 
2517 
2787 
3007 
3172 
3279 
265 
265 
264 
266 
267 
268 
269 
271 
275 
281 
285 
287 
289 
290 
289 
290 
293 
295 
295 
297 
297 
298 
301 
301 
300 
299 
297 
299 
298 
299 
301 
305 
308 
311 
312 
314 
315 
319 
322 
325 
4023 
4027 
4026 
4025 
4025 
3989 
3856 
3512 
3041 
2514 
1962 
1489 
1190 
998 
863 
746 
655 
581 
523 
477 
426 
375 
344 
322 
306 
292 
284 
277 
269 
261 
256 
249 
246 
245 
248 
248 
249 
248 
243 
242 
199 
198 
199 
200 
200 
207 
213 
214 
214 
212 
210 
208 
207 
206 
207 
211 
218 
219 
220 
219 
219 
220 
222 
225 
230 
237 
245 
245 
244 
242 
243 
242 
242 
241 
245 
252 
257 
258 
256 
254 
3908 
3958 
3958 
3920 
3742 
3467 
3114 
2678 
2188 
1705 
1332 
1096 
935 
821 
726 
647 
582 
530 
488 
443 
393 
363 
345 
337 
328 
317 
309 
302 
298 
291 
287 
287 
292 
294 
290 
287 
285 
286 
285 
283 
3767 
3919 
3958 
3957 
3929 
3757 
3487 
3121 
2681 
2187 
1702 
1330 
1096 
939 
821 
724 
647 
580 
528 
487 
440 
390 
358 
340 
331 
319 
310 
298 
290 
282 
278 
277 
279 
285 
291 
290 
287 
284 
282 
277 
221 
217 
215 
217 
220 
229 
240 
247 
246 
246 
236 
227 
233 
227 
217 
220 
223 
227 
224 
221 
221 
226 
268 
461 
855 
1354 
1887 
2411 
2924 
3398 
3820 
4005 
4025 
4025 
4026 
4027 
4026 
4014 
3927 
3586 
309 
312 
316 
318 
318 
319 
320 
319 
320 
321 
322 
324 
326 
327 
327 
325 
324 
325 
326 
307 
296 
292 
294 
298 
294 
289 
285 
280 
288 
378 
627 
1011 
1468 
1949 
2408 
2831 
3202 
3502 
3751 
3911 
191 
195 
194 
195 
192 
190 
187 
186 
187 
190 
195 
199 
203 
207 
210 
210 
214 
222 
218 
212 
199 
198 
196 
196 
196 
193 
197 
231 
347 
571 
879 
1230 
1585 
1925 
2255 
2557 
2830 
3060 
3233 
3351 
184 
180 
180 
182 
185 
192 
194 
194 
197 
196 
200 
201 
203 
210 
213 
216 
217 
216 
217 
218 
218 
218 
221 
224 
225 
229 
226 
224 
224 
224 
225 
226 
229 
237 
241 
246 
244 
245 
245 
249 
258 
258 
259 
260 
261 
263 
263 
266 
237 
233 
233 
235 
243 
247 
258 
257 
262 
271 
273 
274 
271 
256 
243 
245 
228 
220 
232 
233 
243 
250 
255 
261 
267 
295 
449 
776 
1201 
1658 
2102 
2543 
240 
253 
260 
265 
269 
270 
261 
263 
264 
257 
252 
248 
249 
257 
271 
285 
296 
301 
298 
292 
285 
280 
280 
283 
284 
276 
284 
296 
310 
322 
321 
322 
324 
321 
316 
311 
311 
312 
310 
312 
256 
245 
240 
240 
249 
265 
278 
285 
282 
272 
260 
248 
236 
237 
242 
245 
248 
254 
260 
264 
266 
266 
267 
270 
271 
269 
266 
262 
261 
258 
259 
265 
263 
256 
258 
260 
257 
248 
238 
234 
219 
214 
213 
216 
222 
230 
236 
241 
238 
231 
221 
215 
215 
209 
209 
220 
229 
238 
244 
251 
255 
253 
245 
237 
231 
230 
232 
240 
248 
257 
266 
273 
267 
267 
266 
260 
255 
252 
252 
258 
313 
323 
332 
340 
345 
345 
336 
328 
324 
324 
326 
329 
333 
341 
351 
360 
367 
367 
365 
361 
353 
345 
340 
338 
341 
346 
354 
365 
377 
390 
392 
384 
377 
370 
361 
362 
343 
329 
327 
334 
283 
288 
290 
294 
295 
323 
457 
751 
1124 
1558 
2013 
2423 
2796 
3135 
3412 
3644 
3795 
3879 
3879 
3813 
3644 
3414 
3099 
2685 
2228 
1751 
1346 
1091 
923 
803 
705 
629 
571 
526 
490 
440 
387 
351 
323 
304 
354 
344 
331 
322 
312 
300 
302 
303 
316 
399 
614 
919 
1295 
1684 
2053 
2389 
2688 
2934 
3144 
3283 
3366 
3364 
3303 
3159 
2944 
2659 
2300 
1891 
1484 
1177 
986 
858 
765 
693 
642 
603 
574 
546 
503 
447 
336 
321 
314 
312 
308 
301 
289 
274 
259 
249 
245 
247 
252 
253 
256 
261 
264 
264 
264 
259 
255 
252 
251 
252 
251 
250 
256 
263 
268 
275 
278 
282 
282 
278 
267 
259 
254 
253 
256 
252 
346 
322 
308 
296 
279 
257 
239 
224 
213 
209 
209 
211 
217 
228 
236 
240 
240 
236 
231 
223 
217 
216 
219 
226 
235 
238 
243 
251 
255 
256 
250 
239 
233 
237 
244 
244 
247 
246 
251 
258 
241 
246 
257 
268 
302 
458 
779 
1189 
1633 
2086 
2547 
2965 
3331 
3622 
3837 
3951 
3980 
3981 
3955 
3821 
3562 
3230 
2848 
2394 
1907 
1476 
1166 
973 
836 
724 
628 
548 
480 
426 
372 
328 
305 
293 
283 
278 
306 
304 
303 
308 
316 
325 
331 
343 
354 
361 
361 
352 
339 
330 
330 
333 
335 
340 
348 
358 
368 
378 
381 
379 
374 
367 
360 
351 
345 
348 
333 
323 
327 
335 
340 
343 
335 
331 
325 
322 
327 
311 
298 
296 
293 
300 
303 
340 
479 
783 
1160 
1584 
2023 
2422 
2792 
3145 
3426 
3659 
3807 
3897 
3895 
3822 
3656 
3427 
3114 
2697 
2239 
1767 
1362 
1102 
932 
814 
722 
656 
600 
546 
499 
448 
395 
359 
344 
322 
303 
289 
276 
272 
274 
277 
429 
409 
388 
371 
355 
346 
345 
347 
354 
366 
376 
383 
387 
382 
374 
362 
357 
353 
351 
353 
357 
366 
365 
375 
384 
389 
391 
385 
375 
363 
363 
367 
679 
615 
568 
531 
486 
440 
410 
387 
364 
350 
336 
330 
329 
328 
331 
335 
339 
339 
333 
322 
312 
304 
298 
298 
303 
314 
326 
337 
343 
339 
331 
320 
309 
305 
302 
302 
314 
321 
327 
334 
576 
514 
464 
426 
388 
359 
343 
334 
326 
316 
301 
286 
270 
258 
251 
248 
253 
258 
264 
270 
277 
278 
278 
270 
264 
256 
252 
250 
248 
251 
255 
265 
276 
283 
289 
287 
282 
275 
267 
263 
262 
261 
257 
254 
268 
269 
266 
272 
276 
271 
261 
250 
241 
239 
271 
434 
774 
1203 
1657 
2112 
2561 
2978 
3351 
3650 
3862 
3956 
3979 
3979 
3952 
3828 
3575 
3253 
2874 
2424 
1927 
1487 
1165 
959 
805 
687 
826 
691 
583 
497 
429 
362 
314 
286 
270 
259 
237 
228 
213 
198 
183 
168 
160 
160 
158 
163 
170 
174 
178 
182 
187 
184 
181 
181 
179 
174 
171 
171 
165 
162 
165 
172 
184 
205 
209 
219 
753 
673 
612 
565 
529 
491 
451 
432 
420 
403 
382 
363 
350 
338 
333 
330 
331 
334 
340 
347 
350 
346 
334 
326 
323 
321 
320 
321 
323 
327 
337 
350 
355 
351 
344 
335 
327 
320 
314 
319 
169 
179 
180 
190 
204 
216 
223 
222 
211 
201 
194 
191 
194 
205 
214 
226 
234 
232 
240 
238 
233 
226 
220 
223 
229 
231 
232 
234 
237 
246 
247 
250 
257 
262 
267 
268 
255 
249 
244 
242 
971 
860 
772 
705 
646 
593 
540 
489 
441 
411 
390 
377 
369 
370 
373 
373 
366 
355 
343 
328 
319 
317 
320 
330 
338 
350 
360 
356 
355 
354 
343 
330 
322 
320 
323 
328 
337 
348 
356 
360 
192 
193 
183 
185 
186 
191 
193 
196 
200 
195 
195 
202 
208 
219 
234 
235 
227 
215 
204 
198 
198 
203 
205 
216 
230 
247 
258 
259 
253 
243 
228 
222 
225 
226 
235 
241 
251 
262 
269 
275 
1195 
998 
862 
765 
685 
620 
566 
515 
467 
417 
374 
347 
328 
319 
318 
321 
320 
315 
309 
300 
288 
275 
263 
258 
257 
264 
276 
283 
289 
295 
296 
292 
284 
276 
273 
270 
272 
271 
275 
282 
264 
268 
275 
279 
272 
264 
258 
256 
255 
252 
256 
267 
275 
285 
295 
297 
299 
296 
290 
288 
280 
280 
281 
283 
292 
294 
299 
309 
323 
331 
331 
328 
323 
312 
305 
306 
303 
307 
311 
319 
330 
334 
345 
352 
350 
348 
338 
330 
329 
308 
295 
294 
299 
302 
306 
305 
305 
297 
299 
363 
554 
856 
1219 
1594 
1962 
2298 
2606 
2857 
3050 
3177 
3253 
3250 
3191 
3040 
2821 
2542 
2202 
1822 
1450 
1157 
1005 
861 
752 
668 
606 
558 
510 
482 
295 
306 
318 
328 
333 
328 
317 
303 
292 
292 
293 
288 
297 
307 
318 
330 
329 
335 
338 
334 
330 
325 
321 
320 
321 
323 
331 
339 
330 
323 
321 
320 
280 
279 
277 
277 
277 
279 
286 
292 
299 
306 
306 
301 
294 
288 
284 
286 
288 
293 
300 
306 
308 
314 
314 
311 
307 
304 
303 
304 
305 
304 
308 
313 
321 
331 
334 
336 
311 
285 
266 
258 
252 
261 
267 
273 
272 
270 
260 
248 
240 
238 
240 
246 
255 
263 
260 
272 
279 
281 
277 
271 
265 
257 
254 
255 
259 
265 
273 
285 
298 
304 
301 
289 
276 
267 
262 
259 
261 
269 
282 
292 
378 
367 
358 
344 
331 
323 
320 
320 
324 
331 
339 
350 
356 
357 
352 
340 
331 
326 
324 
319 
327 
339 
353 
365 
371 
372 
369 
358 
347 
341 
338 
341 
347 
347 
349 
364 
366 
357 
352 
344 
317 
315 
312 
310 
307 
334 
495 
834 
1267 
1726 
2176 
2632 
3047 
3407 
3692 
3893 
3964 
3989 
3988 
3965 
3863 
3623 
3305 
2926 
2476 
1989 
1546 
1218 
1015 
866 
752 
664 
587 
537 
497 
455 
419 
396 
383 
368 
358 
348 
335 
317 
298 
280 
275 
274 
277 
284 
294 
304 
312 
309 
306 
312 
311 
304 
297 
295 
302 
307 
309 
313 
318 
323 
320 
327 
334 
336 
331 
327 
321 
324 
329 
325 
319 
308 
311 
314 
312 
312 
311 
312 
315 
317 
314 
308 
296 
290 
285 
281 
282 
286 
294 
299 
306 
314 
318 
319 
316 
315 
309 
300 
294 
293 
294 
304 
316 
320 
328 
332 
329 
331 
331 
324 
304 
285 
277 
279 
279 
288 
292 
300 
305 
337 
457 
728 
1068 
1457 
1879 
2266 
2627 
2963 
3231 
3451 
3597 
3678 
3676 
3607 
3436 
3213 
2915 
2531 
2109 
1672 
1296 
1069 
915 
807 
721 
644 
594 
546 
502 
452 
401 
368 
351 
331 
290 
289 
291 
298 
309 
316 
326 
330 
331 
322 
313 
306 
298 
296 
302 
310 
317 
326 
333 
337 
339 
337 
328 
320 
313 
307 
308 
309 
314 
322 
331 
342 
342 
345 
346 
316 
289 
274 
266 
261 
271 
263 
259 
257 
256 
260 
264 
267 
264 
254 
247 
242 
236 
235 
234 
237 
242 
247 
253 
258 
262 
261 
258 
252 
246 
246 
248 
246 
252 
260 
267 
274 
282 
286 
282 
274 
264 
256 
255 
256 
318 
322 
324 
326 
322 
315 
308 
304 
301 
303 
310 
315 
320 
326 
330 
334 
334 
332 
326 
322 
318 
315 
308 
312 
320 
325 
334 
347 
352 
352 
343 
330 
320 
311 
314 
296 
287 
282 
289 
297 
299 
292 
287 
272 
269 
336 
530 
831 
1189 
1566 
1925 
2253 
2545 
2782 
2983 
3108 
3179 
3165 
3093 
2951 
2749 
2475 
2143 
1769 
1402 
1125 
947 
821 
724 
643 
578 
526 
487 
459 
430 
391 
371 
360 
348 
336 
335 
318 
298 
285 
279 
283 
298 
307 
182 
175 
176 
182 
190 
197 
199 
207 
205 
207 
209 
211 
213 
220 
220 
210 
203 
200 
204 
209 
213 
222 
240 
255 
261 
253 
243 
232 
225 
222 
223 
229 
239 
248 
259 
270 
276 
273 
268 
268 
262 
253 
248 
245 
250 
262 
264 
273 
279 
291 
305 
303 
302 
297 
288 
284 
278 
275 
278 
286 
299 
312 
323 
331 
327 
321 
317 
312 
298 
294 
295 
303 
194 
190 
188 
190 
196 
204 
210 
204 
192 
183 
176 
174 
168 
168 
178 
192 
205 
215 
221 
226 
222 
214 
207 
201 
194 
191 
196 
209 
220 
226 
230 
228 
242 
247 
243 
237 
231 
226 
228 
225 
304 
313 
318 
321 
331 
337 
349 
354 
347 
339 
332 
323 
327 
332 
333 
343 
356 
368 
342 
359 
375 
375 
371 
365 
359 
352 
355 
363 
368 
363 
363 
369 
348 
341 
350 
354 
346 
334 
320 
314 
331 
331 
333 
336 
340 
342 
334 
326 
317 
313 
311 
314 
316 
322 
326 
334 
344 
348 
345 
335 
323 
313 
309 
311 
315 
322 
329 
340 
347 
353 
348 
342 
324 
301 
290 
288 
292 
293 
298 
300 
279 
293 
307 
320 
354 
511 
835 
1244 
1682 
2122 
2571 
2989 
3350 
3642 
3862 
3962 
3985 
3988 
3965 
3862 
3602 
3255 
2859 
2401 
1910 
1477 
1167 
982 
852 
744 
653 
575 
506 
448 
390 
342 
316 
301 
294 
284 
259 
252 
248 
284 
429 
719 
1126 
1587 
2062 
2516 
2979 
3400 
3757 
3973 
4023 
4023 
4025 
4025 
4026 
4005 
3941 
3687 
3363 
2970 
2520 
2050 
1583 
1229 
995 
828 
693 
589 
506 
443 
387 
341 
302 
278 
266 
246 
256 
257 
252 
244 
235 
234 
232 
231 
236 
245 
259 
271 
275 
275 
276 
273 
266 
257 
253 
258 
269 
281 
288 
291 
297 
303 
305 
297 
291 
283 
277 
284 
291 
286 
285 
290 
299 
313 
321 
323 
344 
319 
301 
288 
281 
278 
276 
274 
265 
259 
247 
235 
227 
227 
228 
224 
227 
226 
229 
241 
251 
259 
263 
261 
252 
238 
232 
229 
227 
230 
236 
244 
254 
264 
269 
270 
267 
266 
265 
255 
304 
305 
304 
299 
294 
286 
276 
267 
260 
258 
261 
264 
263 
268 
273 
277 
284 
285 
283 
279 
275 
275 
274 
272 
271 
272 
275 
278 
281 
289 
301 
310 
307 
290 
273 
267 
255 
241 
244 
253 
280 
266 
258 
255 
258 
263 
269 
270 
265 
256 
243 
233 
224 
222 
226 
234 
247 
261 
267 
266 
263 
254 
243 
233 
231 
237 
244 
255 
263 
271 
279 
283 
278 
275 
269 
253 
239 
229 
225 
228 
358 
373 
376 
381 
379 
401 
514 
779 
1117 
1511 
1933 
2315 
2671 
3008 
3283 
3514 
3658 
3735 
3712 
3629 
3467 
3251 
2960 
2575 
2153 
1721 
1355 
1123 
972 
868 
776 
698 
637 
584 
538 
491 
445 
420 
406 
397 
271 
272 
270 
259 
246 
239 
236 
234 
1607 
2075 
2519 
2972 
3391 
3749 
3968 
4018 
4023 
4024 
4026 
4025 
4003 
3928 
3679 
3374 
2984 
2530 
2055 
1578 
1213 
971 
805 
683 
585 
517 
461 
403 
354 
323 
292 
267 
322 
328 
332 
331 
323 
318 
312 
314 
322 
324 
327 
337 
348 
360 
363 
358 
349 
340 
331 
331 
336 
334 
345 
356 
366 
376 
386 
381 
379 
372 
363 
357 
357 
360 
364 
375 
363 
355 
356 
358 
380 
363 
347 
335 
326 
324 
324 
331 
339 
346 
353 
351 
341 
330 
319 
311 
310 
311 
310 
319 
331 
342 
351 
357 
355 
346 
336 
326 
320 
317 
320 
325 
335 
344 
352 
361 
354 
331 
315 
297 
333 
334 
324 
316 
313 
314 
320 
316 
320 
330 
339 
350 
356 
353 
351 
345 
340 
342 
339 
340 
344 
351 
351 
366 
378 
386 
387 
385 
377 
367 
362 
358 
350 
351 
354 
367 
359 
357 
359 
351 
348 
343 
328 
319 
311 
319 
395 
591 
881 
1237 
1615 
1977 
2304 
2585 
2814 
3006 
3122 
3195 
3187 
3124 
2990 
2791 
2532 
2210 
1844 
1478 
1193 
1004 
871 
775 
696 
635 
593 
557 
537 
517 
486 
465 
447 
428 
263 
246 
238 
236 
226 
211 
201 
190 
181 
177 
163 
175 
183 
194 
204 
211 
215 
213 
205 
196 
189 
184 
186 
190 
195 
202 
203 
211 
224 
226 
229 
227 
222 
221 
215 
211 
214 
218 
226 
227 
421 
414 
404 
395 
386 
375 
367 
364 
365 
367 
374 
382 
385 
390 
397 
398 
391 
378 
368 
362 
361 
364 
371 
378 
389 
400 
407 
407 
403 
393 
386 
382 
379 
380 
382 
387 
396 
390 
381 
376 
373 
365 
359 
348 
345 
343 
368 
493 
772 
1127 
1527 
1946 
2327 
2673 
2993 
3254 
3467 
3598 
3670 
3669 
3607 
3461 
3259 
2971 
2584 
2155 
1711 
1332 
1093 
940 
834 
748 
673 
620 
577 
544 
501 
455 
422 
398 
307 
297 
301 
305 
304 
297 
290 
285 
284 
314 
474 
812 
1234 
1685 
2141 
2599 
3019 
3376 
3645 
3848 
3952 
3978 
3979 
3960 
3835 
3590 
3265 
2884 
2433 
1940 
1493 
1166 
961 
817 
711 
624 
552 
495 
452 
408 
422 
402 
392 
393 
389 
382 
374 
359 
340 
326 
316 
310 
313 
319 
325 
330 
336 
341 
343 
338 
329 
322 
316 
315 
315 
318 
323 
326 
331 
336 
340 
344 
343 
339 
333 
325 
323 
321 
322 
325 
232 
217 
212 
215 
206 
207 
206 
203 
203 
199 
191 
185 
180 
177 
180 
181 
188 
202 
212 
225 
225 
222 
215 
205 
195 
195 
187 
189 
197 
210 
224 
236 
239 
243 
243 
238 
230 
223 
218 
225 
310 
308 
298 
301 
309 
316 
324 
332 
341 
348 
346 
342 
338 
327 
325 
328 
331 
339 
351 
354 
358 
363 
365 
365 
367 
367 
366 
366 
364 
362 
360 
363 
369 
371 
379 
384 
387 
395 
375 
352 
398 
347 
314 
298 
291 
281 
270 
267 
279 
282 
276 
268 
261 
259 
260 
262 
265 
272 
277 
282 
286 
287 
283 
278 
273 
272 
272 
271 
274 
279 
284 
288 
293 
299 
299 
292 
285 
278 
276 
280 
309 
303 
303 
301 
310 
353 
517 
856 
1283 
1728 
2178 
2635 
3052 
3400 
3682 
3890 
3965 
3990 
3987 
3967 
3874 
3635 
3314 
2930 
2474 
1980 
1535 
1212 
1017 
877 
768 
682 
610 
555 
512 
467 
428 
405 
389 
365 
312 
322 
331 
328 
333 
366 
517 
841 
1258 
1705 
2152 
2607 
3027 
3392 
3693 
3911 
3973 
3997 
3997 
3971 
3872 
3617 
3281 
2897 
2451 
1969 
1538 
1216 
1024 
890 
777 
690 
615 
555 
506 
453 
403 
379 
362 
353 
349 
347 
343 
337 
325 
311 
301 
298 
297 
298 
301 
307 
314 
321 
326 
325 
321 
314 
306 
304 
306 
308 
313 
318 
324 
330 
331 
332 
337 
338 
332 
327 
324 
325 
329 
328 
323 
315 
314 
318 
327 
332 
328 
326 
359 
502 
793 
1202 
1664 
2136 
2597 
3049 
3463 
3821 
3988 
4025 
4024 
4026 
4025 
4026 
4010 
3953 
3727 
3411 
3025 
2576 
2107 
1632 
1273 
1035 
867 
741 
651 
580 
526 
470 
419 
386 
360 
337 
286 
294 
297 
312 
316 
344 
463 
730 
1066 
1450 
1858 
2241 
2602 
2939 
3212 
3429 
3562 
3644 
3639 
3573 
3411 
3190 
2896 
2513 
2100 
1673 
1305 
1072 
922 
815 
731 
663 
599 
541 
491 
447 
403 
376 
359 
352 
279 
267 
260 
258 
257 
259 
267 
274 
281 
285 
287 
287 
285 
282 
277 
276 
276 
278 
283 
286 
290 
296 
297 
302 
302 
297 
291 
287 
284 
282 
284 
290 
296 
303 
309 
311 
310 
304 
301 
296 
348 
331 
320 
314 
299 
291 
294 
296 
301 
307 
312 
317 
317 
310 
297 
285 
286 
285 
286 
291 
301 
308 
314 
323 
322 
307 
306 
313 
317 
317 
322 
323 
314 
314 
319 
325 
322 
315 
309 
317 
361 
356 
351 
342 
331 
317 
308 
299 
296 
297 
300 
306 
314 
318 
320 
322 
323 
319 
311 
305 
306 
312 
316 
319 
323 
329 
341 
349 
350 
347 
341 
335 
329 
325 
323 
322 
319 
324 
322 
326 
340 
328 
327 
329 
329 
334 
339 
340 
343 
339 
328 
316 
309 
307 
310 
313 
322 
332 
335 
345 
351 
357 
353 
344 
336 
334 
333 
336 
330 
334 
342 
352 
363 
371 
369 
362 
364 
349 
328 
318 
297 
303 
310 
311 
344 
507 
835 
1256 
1707 
2144 
2575 
2982 
3351 
3659 
3871 
3962 
3987 
3988 
3968 
3880 
3630 
3290 
2894 
2434 
1939 
1501 
1184 
996 
866 
771 
683 
613 
554 
502 
445 
395 
362 
338 
322 
315 
328 
324 
318 
312 
311 
310 
312 
318 
326 
335 
345 
347 
344 
337 
327 
319 
315 
310 
312 
318 
331 
338 
344 
349 
354 
350 
343 
333 
330 
329 
331 
333 
336 
341 
350 
333 
317 
310 
300 
291 
313 
312 
309 
307 
310 
310 
312 
312 
2278 
2629 
2962 
3230 
3448 
3583 
3659 
3665 
3612 
3465 
3246 
2943 
2552 
2124 
1691 
1322 
1100 
959 
842 
750 
688 
639 
595 
552 
501 
452 
424 
404 
390 
377 
354 
353 
317 
322 
331 
345 
361 
402 
563 
892 
1307 
1743 
2180 
2627 
3040 
3402 
3696 
3915 
3974 
3996 
3997 
3977 
3899 
3647 
3308 
2917 
2459 
1967 
1534 
1218 
1030 
899 
797 
708 
632 
568 
515 
458 
409 
379 
364 
355 
285 
284 
283 
279 
265 
262 
262 
265 
270 
279 
288 
304 
320 
321 
314 
304 
291 
281 
279 
282 
290 
303 
313 
323 
328 
334 
336 
331 
320 
308 
301 
304 
314 
324 
322 
319 
324 
313 
304 
290 
249 
245 
244 
243 
240 
231 
219 
206 
192 
183 
180 
181 
187 
195 
200 
208 
212 
211 
207 
202 
200 
195 
192 
194 
195 
202 
207 
212 
217 
222 
226 
221 
216 
210 
205 
202 
203 
202 
208 
217 
340 
350 
350 
344 
333 
347 
467 
745 
1091 
1487 
1903 
2284 
2644 
2987 
3257 
3475 
3600 
3660 
3647 
3579 
3424 
3208 
2917 
2539 
2125 
1699 
1345 
1125 
976 
863 
763 
684 
616 
562 
525 
486 
444 
410 
400 
399 
355 
331 
317 
303 
295 
292 
294 
300 
312 
321 
321 
314 
305 
297 
290 
287 
284 
286 
292 
301 
311 
321 
322 
318 
312 
302 
295 
290 
292 
296 
304 
311 
316 
328 
337 
332 
315 
290 
279 
272 
271 
273 
279 
292 
342 
499 
795 
1207 
1660 
2106 
2545 
2986 
3390 
3743 
3967 
4024 
4025 
4025 
4025 
4026 
4009 
3946 
3696 
3369 
2971 
2511 
2040 
1573 
1231 
1009 
862 
746 
650 
559 
482 
411 
351 
309 
280 
260 
270 
282 
295 
303 
300 
290 
282 
279 
275 
278 
283 
288 
291 
301 
310 
315 
310 
316 
317 
313 
303 
295 
293 
298 
309 
318 
317 
323 
329 
336 
340 
338 
327 
317 
311 
308 
294 
280 
279 
284 
335 
346 
351 
358 
348 
364 
475 
740 
1074 
1476 
1904 
2279 
2633 
2968 
3235 
3461 
3609 
3690 
3675 
3594 
3425 
3210 
2920 
2546 
2130 
1702 
1339 
1113 
965 
861 
776 
706 
638 
582 
531 
482 
435 
407 
391 
384 
276 
260 
242 
224 
211 
203 
198 
197 
196 
196 
204 
213 
218 
215 
207 
197 
187 
181 
180 
186 
190 
196 
206 
216 
222 
221 
214 
205 
201 
201 
201 
202 
205 
211 
218 
226 
232 
236 
237 
230 
348 
342 
339 
344 
351 
354 
355 
351 
343 
329 
317 
311 
309 
310 
313 
324 
338 
349 
357 
355 
349 
337 
326 
317 
314 
319 
327 
339 
350 
356 
363 
362 
355 
339 
321 
325 
321 
306 
302 
302 
262 
259 
263 
267 
278 
290 
303 
312 
304 
303 
299 
294 
287 
286 
292 
300 
301 
301 
306 
311 
318 
326 
330 
331 
327 
319 
311 
307 
309 
311 
310 
312 
312 
326 
344 
329 
314 
300 
291 
281 
272 
261 
260 
261 
266 
350 
548 
844 
361 
351 
344 
339 
340 
338 
343 
349 
356 
363 
371 
373 
373 
371 
365 
358 
351 
347 
347 
351 
350 
344 
351 
359 
360 
354 
341 
332 
326 
322 
366 
548 
321 
327 
335 
346 
356 
362 
402 
577 
896 
1309 
1758 
2229 
2679 
3077 
3402 
3645 
3807 
3909 
3920 
3820 
3613 
3293 
2890 
2434 
1938 
1494 
1196 
1010 
884 
786 
704 
631 
570 
512 
464 
422 
385 
367 
358 
350 
280 
277 
280 
283 
285 
287 
283 
273 
263 
258 
251 
249 
248 
252 
257 
268 
279 
287 
286 
281 
274 
267 
260 
253 
254 
258 
263 
269 
280 
290 
297 
302 
298 
284 
266 
247 
239 
236 
242 
247 
296 
301 
313 
328 
398 
580 
860 
1198 
1553 
1887 
2218 
2522 
2767 
2977 
3107 
3173 
3162 
3113 
2978 
2770 
2489 
2150 
1776 
1395 
1121 
948 
835 
760 
704 
662 
618 
579 
535 
486 
430 
392 
375 
371 
373 
376 
263 
261 
261 
298 
445 
737 
1147 
1607 
2069 
2515 
2967 
3385 
3746 
3967 
4019 
4025 
4025 
4025 
4026 
3999 
3927 
3667 
3353 
2970 
2519 
2047 
1572 
1211 
973 
809 
686 
597 
524 
465 
409 
359 
323 
294 
266 
240 
220 
209 
198 
184 
171 
163 
160 
161 
169 
184 
201 
214 
214 
205 
190 
174 
166 
163 
166 
177 
186 
193 
203 
211 
215 
213 
209 
203 
197 
194 
188 
191 
195 
201 
197 
208 
223 
231 
230 
229 
367 
359 
349 
340 
338 
339 
349 
362 
374 
380 
382 
377 
364 
354 
347 
347 
348 
344 
353 
362 
376 
384 
392 
398 
399 
394 
385 
371 
364 
365 
370 
379 
385 
390 
398 
378 
356 
352 
356 
353 
245 
244 
253 
303 
464 
765 
1179 
1644 
2107 
2535 
2948 
3348 
3707 
3959 
4018 
4024 
4025 
4026 
4027 
4010 
3949 
3696 
3352 
2942 
2484 
2012 
1546 
1201 
987 
834 
719 
626 
549 
480 
409 
344 
303 
268 
243 
227 
321 
313 
315 
326 
337 
345 
352 
359 
394 
551 
874 
1284 
1725 
2170 
2622 
3030 
3386 
3682 
3907 
3975 
3999 
3998 
3973 
3883 
3627 
3289 
2899 
2446 
1955 
1523 
1215 
1027 
891 
786 
697 
618 
550 
495 
438 
391 
279 
292 
304 
309 
303 
290 
277 
269 
268 
274 
276 
287 
307 
324 
333 
336 
330 
317 
303 
294 
296 
306 
312 
311 
310 
323 
335 
339 
338 
336 
337 
338 
332 
330 
328 
327 
329 
328 
335 
321 
370 
363 
348 
338 
328 
322 
316 
315 
320 
333 
377 
549 
890 
1314 
1762 
2195 
2617 
3022 
3384 
3683 
3906 
3971 
3994 
3993 
3974 
3900 
3654 
3314 
2912 
2443 
1949 
1515 
1207 
1018 
887 
782 
697 
627 
567 
510 
394 
333 
302 
283 
270 
257 
249 
234 
218 
201 
184 
179 
180 
183 
187 
191 
197 
199 
200 
200 
198 
190 
185 
177 
175 
179 
183 
188 
193 
195 
198 
200 
203 
204 
202 
197 
197 
198 
202 
204 
313 
298 
275 
249 
225 
202 
185 
178 
258 
255 
254 
255 
260 
270 
278 
285 
289 
294 
296 
292 
282 
273 
264 
269 
281 
278 
287 
306 
321 
332 
330 
324 
315 
304 
295 
293 
296 
304 
310 
315 
414 
413 
403 
390 
375 
364 
356 
348 
351 
359 
374 
389 
399 
403 
400 
389 
379 
368 
360 
357 
359 
371 
383 
394 
401 
403 
402 
396 
388 
378 
375 
377 
381 
383 
388 
379 
367 
365 
370 
363 
361 
354 
350 
343 
364 
484 
758 
1106 
1507 
1934 
2319 
2667 
2978 
3232 
3437 
3570 
3646 
3638 
3575 
3423 
3218 
2937 
2562 
2146 
1710 
1334 
1092 
938 
822 
729 
661 
607 
568 
537 
496 
453 
423 
398 
376 
360 
297 
294 
293 
294 
294 
288 
279 
269 
260 
255 
252 
256 
263 
269 
274 
279 
281 
283 
281 
275 
269 
271 
269 
267 
270 
274 
279 
288 
295 
302 
306 
305 
298 
286 
284 
268 
251 
247 
241 
252 
268 
260 
245 
236 
225 
211 
201 
194 
184 
178 
181 
191 
203 
202 
211 
217 
215 
215 
209 
199 
193 
185 
188 
198 
194 
199 
208 
220 
234 
233 
237 
236 
233 
229 
221 
217 
219 
224 
231 
237 
287 
293 
299 
309 
319 
322 
323 
363 
539 
861 
1274 
1724 
2189 
2635 
3041 
3381 
3634 
3792 
3880 
3874 
3773 
3567 
3250 
2849 
2389 
1900 
1460 
1165 
981 
858 
761 
674 
596 
535 
483 
440 
397 
356 
335 
325 
409 
357 
324 
296 
273 
257 
245 
232 
217 
204 
198 
198 
194 
196 
202 
210 
220 
219 
207 
197 
187 
183 
185 
187 
194 
204 
214 
228 
233 
230 
223 
216 
212 
208 
205 
207 
215 
227 
239 
246 
252 
255 
254 
252 
246 
237 
234 
235 
241 
245 
248 
252 
258 
269 
281 
283 
280 
271 
267 
266 
262 
261 
262 
271 
288 
301 
309 
310 
300 
295 
292 
283 
279 
281 
291 
300 
301 
307 
314 
323 
329 
327 
320 
312 
311 
298 
309 
317 
322 
325 
329 
335 
347 
346 
352 
359 
355 
346 
341 
339 
335 
335 
339 
338 
347 
365 
376 
381 
382 
380 
374 
366 
360 
359 
355 
358 
369 
380 
384 
393 
329 
318 
314 
313 
313 
317 
327 
315 
325 
345 
354 
364 
371 
368 
356 
346 
339 
327 
328 
340 
348 
356 
366 
372 
368 
374 
382 
386 
375 
370 
368 
370 
363 
367 
371 
377 
384 
366 
355 
353 
404 
342 
304 
271 
247 
235 
235 
239 
242 
237 
227 
215 
200 
191 
186 
178 
180 
179 
182 
191 
190 
200 
208 
215 
222 
221 
218 
212 
206 
204 
203 
205 
207 
214 
224 
238 
249 
254 
252 
245 
377 
353 
338 
329 
331 
328 
320 
325 
334 
339 
357 
432 
616 
895 
1229 
1577 
1921 
2256 
2558 
2802 
3005 
3138 
3206 
3189 
3132 
2993 
2785 
2510 
2178 
1808 
1441 
1164 
990 
873 
791 
724 
670 
623 
581 
545 
239 
248 
251 
253 
261 
299 
446 
733 
330 
379 
535 
829 
1232 
1676 
2128 
2571 
3016 
3424 
3773 
3975 
4023 
4024 
4024 
4025 
4025 
4012 
3951 
3713 
3392 
3001 
2547 
2082 
1618 
1272 
1050 
894 
774 
678 
593 
522 
327 
334 
341 
340 
344 
350 
348 
382 
553 
879 
1295 
1749 
2224 
2681 
3093 
3424 
3668 
3825 
3910 
3909 
3811 
3610 
3295 
2900 
2449 
1956 
1513 
1217 
1035 
914 
821 
729 
645 
578 
520 
480 
440 
412 
402 
388 
315 
308 
309 
314 
319 
326 
321 
317 
312 
306 
301 
299 
295 
296 
299 
293 
299 
310 
320 
332 
338 
333 
324 
317 
312 
311 
314 
317 
316 
314 
330 
345 
359 
364 
354 
332 
307 
297 
291 
294 
315 
303 
299 
297 
296 
302 
310 
318 
322 
319 
305 
303 
302 
297 
291 
293 
296 
300 
300 
306 
315 
323 
317 
323 
326 
325 
327 
328 
323 
319 
316 
315 
319 
329 
331 
324 
316 
315 
312 
302 
324 
319 
320 
323 
328 
378 
556 
890 
1315 
1774 
2257 
2707 
3091 
3398 
3631 
3794 
3901 
3912 
3809 
3607 
3305 
2914 
2468 
1987 
1544 
1232 
1029 
885 
775 
683 
616 
571 
531 
501 
470 
440 
403 
385 
384 
379 
288 
296 
303 
310 
315 
318 
316 
312 
303 
294 
294 
294 
297 
300 
307 
306 
315 
324 
329 
330 
327 
320 
313 
308 
304 
304 
309 
316 
324 
334 
338 
343 
342 
335 
324 
321 
296 
275 
269 
273 
322 
336 
348 
352 
351 
346 
377 
547 
880 
1303 
1751 
2226 
2675 
3082 
3420 
3671 
3824 
3911 
3914 
3812 
3608 
3297 
2892 
2444 
1958 
1515 
1218 
1037 
908 
810 
728 
655 
594 
539 
492 
446 
406 
385 
370 
365 
365 
371 
374 
371 
363 
345 
332 
322 
315 
313 
317 
325 
335 
347 
357 
363 
363 
356 
348 
338 
335 
337 
343 
346 
349 
355 
358 
365 
371 
373 
372 
372 
372 
363 
354 
361 
354 
340 
339 
341 
295 
289 
283 
284 
285 
315 
438 
715 
1060 
1460 
1890 
2260 
2603 
2921 
3179 
3396 
3532 
3613 
3604 
3536 
3385 
3186 
2904 
2530 
2107 
1667 
1295 
1055 
894 
779 
686 
626 
586 
545 
514 
465 
419 
399 
371 
351 
318 
310 
310 
314 
321 
322 
317 
317 
312 
305 
298 
292 
287 
290 
295 
302 
309 
304 
304 
320 
331 
338 
333 
322 
312 
304 
301 
303 
309 
317 
331 
344 
351 
356 
361 
351 
331 
305 
296 
295 
300 
303 
309 
327 
381 
543 
839 
1242 
1688 
2135 
2572 
3010 
3415 
3767 
3973 
4023 
4025 
4024 
4026 
4025 
4014 
3956 
3719 
3391 
2995 
2548 
2083 
1620 
1276 
1051 
899 
779 
682 
598 
524 
456 
399 
363 
337 
319 
322 
314 
312 
303 
301 
302 
303 
309 
314 
313 
310 
307 
304 
301 
296 
285 
282 
284 
291 
298 
310 
327 
340 
337 
332 
326 
316 
306 
301 
304 
302 
310 
328 
341 
347 
351 
330 
305 
291 
283 
337 
318 
301 
282 
270 
260 
251 
247 
1500 
1911 
2276 
2611 
2933 
3193 
3409 
3540 
3609 
3608 
3552 
3405 
3198 
2911 
2527 
2107 
1670 
1297 
1062 
910 
801 
713 
645 
592 
549 
515 
472 
423 
388 
363 
348 
337 
268 
271 
266 
276 
315 
479 
807 
1223 
1671 
2114 
2556 
2968 
3325 
3622 
3846 
3954 
3981 
3979 
3954 
3833 
3581 
3247 
2851 
2395 
1907 
1474 
1163 
974 
844 
738 
643 
569 
504 
447 
386 
336 
300 
286 
286 
288 
258 
254 
247 
242 
228 
219 
215 
203 
195 
195 
198 
208 
212 
216 
224 
235 
240 
244 
240 
231 
220 
212 
214 
218 
219 
223 
230 
246 
262 
261 
264 
263 
260 
256 
245 
239 
238 
244 
254 
270 
305 
282 
259 
241 
226 
210 
200 
191 
199 
212 
222 
226 
227 
226 
228 
220 
212 
206 
204 
208 
213 
219 
225 
232 
242 
241 
242 
239 
237 
237 
241 
243 
240 
238 
226 
228 
244 
251 
258 
262 
366 
359 
350 
343 
334 
328 
327 
331 
339 
348 
359 
367 
375 
379 
378 
373 
363 
356 
353 
352 
356 
363 
374 
384 
395 
403 
405 
401 
395 
389 
382 
378 
377 
379 
383 
386 
395 
386 
381 
378 
268 
258 
250 
248 
256 
300 
472 
812 
1244 
1696 
2138 
2578 
2988 
3341 
3628 
3835 
3946 
3974 
3975 
3954 
3836 
3590 
3258 
2870 
2409 
1917 
1480 
1163 
967 
822 
704 
611 
541 
488 
445 
404 
368 
349 
331 
312 
305 
290 
284 
279 
272 
264 
261 
263 
268 
266 
272 
282 
291 
291 
285 
281 
275 
262 
261 
261 
258 
265 
279 
291 
300 
304 
302 
302 
299 
292 
286 
282 
282 
284 
289 
301 
301 
293 
278 
285 
256 
261 
252 
252 
293 
444 
740 
1150 
1607 
2069 
2512 
2962 
3379 
3732 
3961 
4016 
4024 
4025 
4025 
4026 
3998 
3929 
3675 
3362 
2971 
2519 
2051 
1581 
1231 
998 
832 
706 
607 
529 
472 
415 
367 
339 
319 
303 
268 
269 
271 
271 
268 
264 
265 
270 
278 
281 
285 
290 
295 
300 
303 
299 
288 
281 
281 
284 
291 
303 
317 
324 
328 
328 
323 
318 
312 
306 
304 
304 
311 
321 
331 
345 
356 
355 
353 
346 
336 
329 
327 
325 
329 
335 
346 
358 
367 
372 
369 
373 
376 
373 
366 
358 
352 
347 
346 
351 
362 
376 
396 
411 
412 
405 
386 
374 
367 
359 
365 
377 
389 
399 
403 
413 
393 
374 
360 
345 
336 
335 
332 
334 
334 
344 
418 
613 
899 
1246 
1610 
1960 
2282 
2567 
2787 
2972 
3087 
3163 
3165 
3123 
2995 
2792 
2520 
2190 
1817 
1444 
1161 
984 
867 
783 
714 
659 
616 
584 
555 
515 
461 
425 
403 
391 
316 
312 
299 
284 
276 
273 
318 
506 
845 
1272 
1729 
2203 
2646 
3044 
3368 
3608 
3760 
3851 
3843 
3746 
3550 
3251 
2861 
2418 
1934 
1487 
1180 
977 
829 
718 
635 
570 
521 
479 
446 
409 
375 
351 
326 
318 
291 
283 
279 
273 
265 
266 
263 
255 
360 
360 
363 
368 
375 
378 
384 
387 
387 
383 
376 
371 
367 
367 
372 
379 
385 
391 
396 
401 
404 
401 
392 
385 
381 
380 
383 
390 
382 
372 
372 
375 
389 
387 
392 
394 
394 
388 
377 
366 
355 
350 
348 
350 
358 
361 
365 
368 
371 
372 
368 
363 
355 
353 
355 
356 
360 
364 
367 
371 
374 
368 
371 
374 
378 
377 
369 
359 
360 
345 
332 
329 
260 
258 
255 
251 
245 
243 
245 
287 
439 
729 
1134 
1590 
2057 
2516 
2965 
3365 
3703 
3949 
4010 
4024 
4025 
4025 
4025 
3999 
3935 
3679 
3356 
2959 
2502 
2024 
1551 
1195 
968 
814 
697 
611 
532 
472 
412 
357 
337 
333 
332 
337 
335 
333 
328 
324 
323 
364 
547 
879 
1302 
1760 
2237 
2685 
3080 
3404 
3638 
3786 
3873 
3870 
3775 
3580 
3276 
2881 
2434 
1948 
1509 
1208 
1008 
865 
758 
670 
597 
541 
495 
459 
422 
387 
386 
367 
355 
341 
342 
344 
338 
325 
312 
299 
289 
282 
280 
282 
287 
298 
310 
321 
322 
316 
307 
296 
286 
280 
278 
283 
291 
299 
309 
320 
328 
329 
324 
315 
304 
298 
301 
312 
307 
305 
286 
288 
285 
285 
287 
286 
286 
285 
281 
280 
284 
289 
296 
303 
310 
311 
309 
304 
299 
291 
288 
290 
293 
298 
309 
323 
332 
331 
328 
325 
319 
312 
312 
315 
318 
322 
330 
335 
343 
352 
261 
261 
262 
256 
248 
246 
289 
439 
734 
1142 
1599 
2057 
2508 
2955 
3366 
3720 
3957 
4015 
4025 
4025 
4025 
4025 
3997 
3930 
3669 
3344 
2962 
2516 
2054 
1587 
1230 
989 
820 
694 
599 
528 
467 
412 
367 
329 
447 
420 
398 
377 
367 
359 
355 
355 
353 
355 
358 
359 
357 
347 
338 
331 
327 
330 
332 
338 
345 
354 
362 
367 
364 
357 
349 
340 
340 
341 
345 
351 
361 
372 
378 
379 
371 
359 
343 
340 
330 
314 
316 
324 
337 
342 
343 
345 
344 
369 
525 
851 
1275 
1728 
2178 
2623 
3033 
3395 
3691 
3914 
3975 
3994 
3987 
3961 
3859 
3612 
3288 
2909 
2454 
1966 
1530 
1215 
1021 
882 
768 
671 
596 
532 
486 
438 
284 
274 
271 
267 
263 
255 
250 
255 
298 
450 
742 
1154 
1608 
2065 
2517 
2970 
3381 
3727 
3955 
4010 
4024 
4024 
4023 
4026 
4000 
3928 
3668 
3350 
2961 
2503 
2029 
1554 
1200 
970 
808 
692 
612 
545 
488 
427 
468 
431 
406 
391 
384 
377 
374 
375 
369 
371 
371 
369 
361 
355 
350 
350 
351 
353 
354 
358 
363 
368 
373 
375 
368 
361 
359 
355 
355 
354 
356 
363 
370 
377 
386 
390 
390 
380 
369 
362 
212 
219 
230 
242 
251 
251 
253 
250 
243 
239 
233 
231 
229 
233 
242 
250 
259 
265 
270 
271 
264 
256 
248 
243 
242 
245 
250 
256 
256 
264 
274 
281 
283 
279 
273 
268 
263 
261 
264 
265 
375 
367 
367 
368 
361 
350 
335 
326 
3967 
3879 
3633 
3278 
2884 
2437 
1954 
1526 
1224 
1039 
898 
787 
695 
619 
550 
497 
448 
407 
383 
369 
358 
347 
339 
332 
309 
292 
305 
310 
311 
309 
308 
303 
323 
315 
303 
291 
287 
290 
293 
299 
306 
311 
319 
327 
332 
331 
328 
325 
319 
311 
307 
305 
307 
313 
322 
328 
336 
345 
351 
358 
355 
339 
321 
300 
292 
293 
300 
310 
328 
346 
392 
538 
299 
307 
314 
317 
321 
322 
320 
315 
308 
303 
303 
306 
309 
315 
315 
320 
337 
342 
336 
328 
311 
303 
304 
307 
320 
335 
345 
346 
339 
337 
309 
285 
277 
276 
276 
275 
269 
270 
272 
282 
449 
736 
1080 
1472 
1882 
2238 
2580 
2903 
3163 
3387 
3527 
3603 
3593 
3530 
3384 
3182 
2900 
2522 
2098 
1658 
1286 
1052 
905 
806 
722 
653 
601 
554 
514 
468 
419 
391 
374 
360 
347 
332 
319 
311 
313 
320 
326 
331 
327 
331 
331 
322 
311 
303 
299 
304 
307 
316 
331 
337 
349 
347 
343 
341 
334 
329 
330 
323 
324 
330 
337 
349 
355 
358 
361 
365 
356 
337 
323 
314 
317 
311 
318 
325 
330 
337 
358 
348 
346 
350 
348 
335 
321 
309 
298 
292 
287 
285 
288 
295 
308 
314 
318 
321 
321 
321 
316 
304 
298 
295 
301 
311 
305 
309 
316 
328 
338 
344 
344 
342 
341 
338 
331 
319 
324 
318 
381 
372 
368 
362 
352 
337 
322 
311 
301 
293 
296 
303 
315 
320 
326 
329 
326 
322 
318 
309 
306 
309 
307 
305 
306 
309 
306 
315 
325 
335 
345 
353 
352 
339 
327 
319 
319 
324 
325 
325 
370 
361 
354 
349 
344 
334 
326 
319 
313 
306 
296 
294 
293 
294 
295 
303 
312 
311 
319 
326 
328 
325 
320 
315 
307 
305 
305 
299 
311 
323 
337 
346 
350 
349 
347 
337 
324 
318 
315 
305 
299 
295 
300 
303 
308 
310 
314 
307 
328 
447 
721 
1064 
1450 
1863 
2235 
2586 
2926 
3197 
3411 
3545 
3622 
3615 
3546 
3378 
3163 
2874 
2496 
2084 
1654 
1291 
1070 
930 
831 
738 
664 
599 
541 
495 
449 
403 
314 
304 
303 
303 
307 
302 
299 
296 
291 
289 
333 
520 
860 
1279 
1736 
2215 
2666 
3055 
3369 
3602 
3755 
3858 
3866 
3766 
3565 
3257 
2868 
2432 
1954 
1510 
1199 
992 
848 
743 
659 
589 
535 
496 
471 
439 
424 
379 
341 
312 
295 
284 
279 
274 
270 
269 
268 
264 
255 
244 
235 
229 
231 
235 
241 
247 
251 
257 
261 
261 
258 
253 
245 
236 
235 
237 
242 
247 
255 
262 
269 
271 
272 
274 
267 
254 
413 
392 
381 
377 
373 
361 
348 
333 
318 
304 
298 
295 
304 
316 
331 
333 
339 
341 
337 
326 
318 
312 
318 
326 
329 
332 
329 
332 
341 
347 
349 
349 
349 
350 
347 
339 
336 
336 
341 
350 
306 
305 
308 
304 
295 
297 
298 
299 
1881 
2217 
2508 
2735 
2930 
3057 
3128 
3117 
3055 
2916 
2704 
2433 
2104 
1739 
1378 
1113 
950 
835 
752 
675 
608 
554 
514 
479 
438 
394 
376 
370 
367 
362 
357 
346 
334 
339 
343 
382 
551 
874 
1292 
1750 
2231 
2674 
3070 
3403 
3654 
3817 
3915 
3910 
3807 
3597 
3283 
2886 
2439 
1938 
1500 
1206 
1020 
895 
801 
714 
651 
592 
538 
491 
448 
405 
381 
365 
358 
359 
360 
362 
288 
287 
320 
452 
718 
1069 
1466 
1866 
2237 
2580 
2903 
3166 
3378 
3512 
3588 
3585 
3525 
3382 
3176 
2890 
2511 
2092 
1656 
1284 
1050 
897 
789 
697 
633 
579 
531 
499 
457 
418 
399 
378 
358 
337 
320 
313 
304 
314 
315 
366 
561 
899 
1320 
1778 
2239 
2676 
3062 
3380 
3622 
3783 
3880 
3888 
3794 
3604 
3311 
2915 
2466 
1972 
1519 
1208 
1010 
872 
767 
687 
621 
572 
539 
507 
468 
429 
400 
374 
355 
347 
336 
332 
236 
223 
215 
211 
214 
217 
217 
222 
227 
229 
225 
215 
206 
199 
195 
198 
206 
214 
220 
224 
226 
229 
229 
226 
221 
217 
212 
212 
215 
218 
224 
231 
238 
246 
248 
244 
237 
229 
223 
218 
301 
308 
307 
307 
300 
315 
429 
700 
1040 
1436 
1863 
2243 
2589 
2912 
3176 
3396 
3537 
3609 
3587 
3515 
3352 
3143 
2861 
2487 
2078 
1657 
1294 
1070 
921 
805 
715 
642 
577 
526 
484 
439 
396 
373 
362 
360 
350 
345 
340 
339 
339 
338 
339 
337 
336 
331 
324 
323 
326 
324 
323 
324 
329 
332 
338 
340 
345 
347 
348 
345 
341 
341 
342 
336 
340 
345 
351 
351 
359 
374 
379 
370 
367 
349 
322 
316 
355 
338 
325 
323 
322 
313 
311 
314 
324 
336 
338 
338 
336 
331 
327 
318 
314 
315 
318 
326 
336 
343 
348 
351 
350 
350 
343 
333 
330 
332 
342 
348 
351 
356 
351 
361 
375 
362 
336 
319 
310 
294 
283 
274 
273 
265 
277 
287 
324 
449 
730 
1075 
1461 
1864 
2223 
2566 
2896 
3159 
3378 
3512 
3591 
3590 
3529 
3382 
3175 
2888 
2505 
2080 
1638 
1265 
1035 
885 
791 
709 
638 
586 
530 
490 
457 
413 
415 
395 
377 
359 
341 
325 
317 
311 
307 
311 
315 
321 
328 
331 
326 
317 
306 
296 
292 
294 
298 
302 
310 
323 
339 
344 
339 
327 
313 
304 
300 
300 
308 
324 
338 
344 
354 
361 
349 
330 
303 
291 
288 
295 
300 
302 
311 
355 
505 
800 
1212 
1667 
2123 
2568 
3000 
3384 
3727 
3963 
4023 
4024 
4024 
4026 
4028 
4009 
3951 
3713 
3381 
2979 
2520 
2047 
1583 
1242 
1022 
875 
757 
662 
581 
508 
439 
379 
397 
385 
372 
357 
341 
335 
331 
320 
312 
306 
308 
315 
313 
319 
322 
330 
342 
343 
338 
328 
323 
321 
323 
324 
327 
335 
344 
355 
362 
359 
352 
344 
342 
340 
336 
336 
343 
351 
357 
346 
309 
298 
293 
290 
299 
347 
500 
799 
338 
343 
343 
346 
348 
347 
377 
537 
866 
1289 
1740 
2182 
2626 
3042 
3408 
3703 
3919 
3973 
3991 
3988 
3965 
3872 
3633 
3307 
2927 
2473 
1980 
1542 
1223 
1027 
888 
778 
725 
639 
566 
504 
438 
376 
331 
297 
271 
252 
243 
241 
240 
234 
230 
223 
213 
205 
197 
195 
195 
197 
198 
201 
208 
213 
215 
218 
213 
210 
207 
202 
198 
198 
199 
201 
207 
216 
226 
233 
235 
232 
224 
216 
210 
208 
213 
217 
220 
226 
232 
234 
244 
250 
251 
249 
245 
241 
237 
233 
232 
235 
239 
243 
251 
262 
270 
274 
268 
257 
249 
243 
240 
242 
247 
259 
275 
286 
280 
281 
331 
331 
334 
313 
293 
283 
282 
288 
292 
294 
301 
300 
298 
359 
542 
818 
1151 
1508 
1872 
2218 
2507 
2737 
2925 
3049 
3127 
3124 
3063 
2918 
2713 
2440 
2116 
1750 
1386 
1114 
946 
836 
745 
675 
612 
554 
328 
333 
343 
310 
304 
309 
314 
311 
315 
306 
303 
295 
315 
440 
711 
1054 
1450 
1872 
2257 
2612 
2934 
3183 
3388 
3519 
3596 
3587 
3515 
3363 
3157 
2876 
2513 
2101 
1674 
1306 
1069 
912 
797 
705 
634 
579 
324 
332 
327 
315 
298 
288 
281 
279 
276 
277 
286 
334 
490 
788 
1199 
1657 
2109 
2541 
2969 
3373 
3731 
3964 
4020 
4025 
4025 
4025 
4025 
4008 
3947 
3692 
3355 
2955 
2500 
2032 
1570 
1228 
1009 
860 
743 
650 
350 
342 
335 
310 
292 
287 
289 
294 
301 
307 
321 
320 
344 
462 
731 
1065 
1448 
1858 
2231 
2579 
2911 
3176 
3393 
3530 
3616 
3613 
3548 
3387 
3168 
2874 
2492 
2079 
1653 
1283 
1056 
903 
803 
726 
653 
604 
328 
329 
333 
340 
342 
351 
362 
368 
363 
357 
349 
334 
317 
316 
308 
314 
322 
330 
341 
349 
352 
394 
571 
896 
1308 
1756 
2227 
2676 
3064 
3393 
3640 
3806 
3910 
3920 
3825 
3620 
3303 
2898 
2445 
1956 
330 
331 
337 
328 
318 
312 
309 
301 
297 
296 
300 
294 
319 
445 
720 
1065 
1461 
1879 
2258 
2607 
2928 
3184 
3383 
3506 
3586 
3582 
3525 
3379 
3169 
2888 
2513 
2103 
1677 
1300 
1066 
907 
795 
707 
635 
579 
345 
331 
346 
347 
339 
339 
335 
328 
323 
316 
319 
328 
332 
378 
564 
896 
1326 
1782 
2251 
2690 
3078 
3393 
3630 
3787 
3873 
3881 
3794 
3600 
3301 
2912 
2469 
1980 
1536 
1223 
1022 
879 
774 
690 
624 
573 
518 
491 
457 
417 
400 
394 
387 
373 
359 
351 
345 
337 
329 
323 
324 
327 
331 
336 
340 
345 
351 
354 
350 
340 
332 
319 
323 
332 
336 
344 
354 
368 
379 
373 
367 
358 
348 
351 
347 
349 
1021 
883 
778 
695 
630 
580 
542 
510 
474 
443 
411 
389 
372 
360 
349 
338 
328 
325 
328 
335 
346 
352 
358 
360 
351 
340 
332 
323 
320 
31