-15376 
0 
262180 
32761 
-221139120 
14 
0 
0 
-2145979060 
1 
-221249536 
32761 
-217987728 
32761 
-221160800 
32761 
-14704 
0 
1075218244 
13115 
-220316912 
32761 
0 
0 
-15248 
0 
0 
0 
0 
0 
-13424 
0 
-2143963392 
1 
-15376 
0 
-15680 
0 
262180 
0 
-15120 
0 
257 
32 
68 
5 
99180 
8 
0 
2 
5505102 
4259872 
5505109 
5177416 
4784210 
5832788 
0 
0 
0 
0 
0 
0 
0 
0 
0 
0 
-15592 
0 
568 
384 
0 
0 
1 
0 
0 
0 
0 
0 
0 
0 
0 
0 
0 
0 
7004304 
0 
0 
0 
0 
0 
0 
0 
0 
0 
0 
0 
-15248 
0 
-218005248 
32761 
0 
0 
0 
0 
0 
0 
0 
0 
-13816 
0 
0 
0 
1 
0 
0 
0 
3280896 
0 
0 
0 
0 
0 
758197587 
875965749 
3552045 
842151223 
3748149 
859321645 
825046070 
875968568 
909521453 
842151729 
758329394 
926496049 
959526965 
908931888 
943141173 
909193778 
825766445 
925972789 
758330932 
909324856 
959788085 
808594739 
859189817 
926233907 
943206701 
859189557 
3748920 
0 
0 
0 
0 
0 
-15344 
0 
7000232 
0 
7000208 
0 
7000276 
0 
0 
0 
60 
0 
0 
0 
1 
0 
0 
0 
0 
0 
0 
0 
0 
0 
0 
0 
0 
0 
0 
0 
-218338320 
32761 
7077955 
7667823 
2097252 
6488129 
7274595 
7209077 
2097268 
7667777 
6815860 
7209061 
6881396 
6357091 
6881396 
7209071 
0 
0 
448 
2 
0 
0 
0 
0 
0 
0 
0 
0 
0 
0 
0 
0 
0 
0 
-13248 
0 
-2147071248 
1 
0 
0 
-27048 
0 
0 
0 
0 
0 
-13816 
0 
0 
0 
0 
0 
0 
0 
0 
0 
0 
0 
-14704 
0 
0 
0 
0 
0 
0 
0 
0 
0 
0 
0 
7005744 
0 
65 
0 
1075217508 
13115 
17 
0 
0 
0 
-13816 
0 
0 
0 
0 
0 
-218005112 
32761 
0 
0 
-218003552 
32761 
-220317616 
32761 
-218003552 
32761 
0 
0 
0 
0 
-218005112 
32761 
-14704 
0 
-13816 
0 
1903232307 
0 
-199358544 
32761 
-217921614 
32761 
-217987760 
32761 
2 
0 
-217987728 
32761 
-13816 
0 
512 
0 
-89347639 
38924 
-217921620 
32761 
0 
0 
-2146619762 
1 
-14544 
0 
-2146506771 
1 
7006560 
0 
-199531375 
32761 
0 
0 
0 
0 
7004288 
0 
372 
0 
67 
32761 
14 
0 
48 
7667823 
0 
0 
0 
0 
0 
0 
0 
0 
0 
0 
0 
0 
0 
0 
303840 
8 
-2145116848 
1 
0 
0 
-2146619218 
1 
1 
0 
-13696 
0 
1 
0 
-2147198918 
1 
-14096 
0 
7004288 
0 
11 
0 
-2145615163 
1 
14 
0 
11 
0 
0 
0 
11 
0 
-14032 
0 
-2143942512 
1 
-2143944440 
1 
-2145190791 
1 
16 
8 
-2147202347 
1 
528 
0 
17 
8 
0 
0 
-2147199789 
1 
-2143942648 
1 
0 
0 
-2144872137 
1 
-14032 
0 
17 
8 
-2144821912 
1 
-2143942632 
1 
-2143944456 
1 
17 
8 
-2144821912 
1 
16 
8 
-2147202551 
1 
7 
0 
-14032 
0 
-2144872137 
1 
-2146473625 
1 
-14032 
0 
-2146470715 
1 
2240 
0 
-2145684739 
1 
-13504 
0 
0 
0 
-13504 
0 
-2146506395 
1 
-13216 
0 
-2144537984 
1 
-13424 
0 
0 
0 
-13744 
0 
-13752 
0 
-2145128704 
1 
-2146502650 
1 
0 
0 
-2145166944 
1 
0 
0 
0 
0 
7005760 
0 
-2145933643 
1 
64 
0 
834 
819 
812 
810 
806 
808 
818 
826 
821 
832 
837 
840 
837 
831 
824 
817 
813 
813 
817 
824 
836 
841 
823 
829 
837 
834 
827 
815 
807 
805 
804 
810 
818 
826 
838 
844 
847 
843 
834 
820 
811 
806 
804 
806 
811 
816 
819 
827 
832 
831 
825 
814 
806 
801 
796 
799 
807 
815 
827 
832 
829 
832 
826 
819 
808 
800 
800 
802 
800 
806 
812 
818 
812 
803 
795 
788 
786 
785 
789 
795 
805 
813 
819 
821 
812 
793 
787 
760 
733 
720 
716 
721 
729 
738 
743 
738 
740 
749 
783 
867 
994 
1158 
1336 
1495 
1644 
1766 
1875 
1948 
1994 
1989 
1950 
1862 
741 
734 
724 
719 
721 
725 
727 
733 
738 
742 
748 
741 
737 
736 
731 
728 
726 
723 
723 
728 
734 
739 
747 
751 
753 
749 
738 
726 
710 
709 
709 
703 
684 
687 
698 
705 
709 
716 
720 
715 
727 
724 
721 
718 
730 
770 
843 
925 
1010 
1092 
1151 
1177 
1178 
1150 
1093 
1031 
969 
899 
870 
858 
855 
858 
852 
844 
837 
825 
815 
811 
805 
801 
798 
783 
791 
793 
797 
802 
800 
793 
787 
776 
748 
799 
875 
967 
1055 
1136 
1194 
1224 
1243 
1237 
1194 
1127 
1042 
958 
902 
875 
849 
838 
830 
834 
844 
843 
839 
832 
821 
815 
797 
771 
761 
763 
769 
779 
780 
788 
792 
800 
800 
793 
782 
769 
816 
822 
826 
835 
844 
845 
838 
822 
811 
803 
798 
795 
797 
805 
816 
827 
837 
838 
837 
828 
820 
818 
810 
809 
813 
814 
810 
819 
826 
833 
829 
822 
812 
809 
808 
809 
809 
810 
808 
809 
1035 
1189 
1340 
1484 
1622 
1739 
1848 
1921 
1969 
1979 
1954 
1887 
1785 
1633 
1451 
1273 
1130 
1040 
974 
941 
918 
908 
903 
895 
885 
872 
842 
799 
769 
749 
735 
731 
738 
745 
746 
751 
755 
757 
754 
747 
695 
701 
729 
777 
844 
891 
932 
961 
979 
975 
946 
899 
859 
826 
800 
787 
776 
770 
769 
776 
790 
801 
806 
803 
801 
794 
775 
752 
728 
719 
717 
721 
733 
744 
747 
759 
769 
771 
767 
752 
746 
803 
879 
962 
1045 
1131 
1194 
1230 
1241 
1223 
1181 
1121 
1048 
971 
917 
887 
867 
864 
856 
844 
838 
825 
815 
811 
801 
791 
777 
773 
780 
791 
793 
793 
791 
789 
785 
772 
766 
764 
763 
765 
871 
959 
1074 
1176 
1283 
1358 
1413 
1442 
1467 
1467 
1445 
1386 
1322 
1221 
1125 
1054 
1007 
982 
964 
943 
920 
892 
871 
857 
846 
839 
831 
828 
834 
840 
843 
843 
837 
823 
818 
815 
809 
805 
806 
794 
810 
826 
841 
852 
853 
848 
831 
811 
795 
793 
796 
807 
820 
827 
839 
848 
853 
848 
839 
826 
814 
810 
809 
813 
819 
821 
828 
837 
846 
852 
850 
837 
820 
808 
806 
805 
810 
823 
835 
842 
1011 
1179 
1346 
1496 
1644 
1771 
1882 
1956 
872 
871 
871 
868 
867 
866 
867 
868 
868 
868 
869 
873 
874 
876 
876 
875 
873 
871 
872 
873 
871 
873 
873 
875 
875 
875 
874 
872 
871 
868 
865 
863 
864 
861 
859 
856 
853 
840 
820 
811 
810 
808 
812 
813 
815 
816 
818 
817 
815 
813 
814 
811 
811 
811 
813 
814 
818 
816 
817 
820 
821 
820 
818 
819 
824 
830 
843 
855 
867 
875 
874 
876 
871 
866 
862 
860 
857 
857 
858 
860 
862 
863 
867 
872 
873 
872 
871 
868 
864 
859 
860 
862 
863 
867 
869 
869 
866 
864 
862 
858 
858 
855 
855 
856 
859 
860 
863 
864 
866 
869 
870 
868 
1019 
1012 
1008 
1004 
1001 
1002 
1001 
1004 
1007 
1010 
1017 
1022 
1024 
1023 
1021 
1012 
1003 
1003 
1004 
1005 
1007 
1009 
1014 
1019 
1020 
1021 
1020 
1015 
1008 
1005 
1002 
1002 
1002 
1001 
1004 
1010 
1012 
1017 
1018 
1019 
1017 
1013 
1003 
990 
983 
978 
971 
963 
960 
960 
962 
965 
963 
962 
957 
953 
952 
950 
951 
955 
957 
958 
965 
969 
969 
967 
964 
965 
962 
964 
966 
972 
982 
993 
1001 
1003 
1007 
1015 
1030 
1037 
1034 
1032 
1030 
1025 
1021 
1018 
1016 
1019 
1025 
1033 
1036 
1040 
1041 
1036 
1026 
1017 
1013 
1014 
1019 
1026 
1032 
1034 
1036 
1040 
1042 
1038 
1029 
1027 
1028 
1029 
1030 
1031 
1031 
1029 
1033 
1039 
1042 
1042 
1042 
1042 
1038 
1032 
1025 
1017 
998 
968 
963 
973 
985 
997 
1005 
1002 
996 
988 
980 
974 
974 
977 
985 
996 
1004 
1005 
1003 
995 
987 
980 
979 
980 
989 
997 
997 
1002 
1004 
999 
997 
999 
1005 
1031 
1060 
1068 
1041 
1042 
1038 
1029 
1009 
988 
979 
978 
979 
978 
982 
977 
975 
975 
979 
983 
990 
992 
993 
992 
990 
984 
978 
974 
975 
977 
985 
992 
998 
996 
992 
985 
986 
986 
992 
1011 
1032 
1042 
1045 
1050 
1047 
1044 
1043 
1040 
1036 
1032 
1029 
1029 
1030 
1034 
1037 
1039 
1039 
1040 
1039 
1037 
1031 
1029 
1027 
1025 
1024 
1027 
1031 
1034 
1038 
1041 
1043 
1043 
1038 
1034 
1027 
1027 
1028 
1030 
1032 
1034 
1038 
1041 
1043 
1041 
1049 
1042 
1038 
1033 
1032 
1031 
1033 
1037 
1039 
1041 
1041 
1044 
1040 
1043 
1041 
1036 
1029 
1026 
1025 
1029 
1033 
1036 
1039 
1043 
1041 
1047 
1048 
1043 
1039 
1037 
1034 
1034 
1035 
1035 
1040 
1043 
1038 
1046 
1050 
1050 
863 
865 
866 
866 
866 
863 
854 
847 
843 
844 
846 
851 
857 
858 
858 
856 
851 
847 
847 
850 
855 
857 
862 
860 
861 
861 
853 
850 
850 
853 
855 
854 
856 
858 
857 
856 
851 
850 
846 
845 
845 
846 
841 
840 
832 
821 
811 
809 
809 
806 
803 
801 
797 
792 
788 
791 
796 
803 
809 
811 
810 
805 
796 
791 
790 
788 
787 
793 
800 
809 
814 
818 
821 
823 
832 
845 
857 
859 
858 
859 
851 
854 
857 
861 
862 
861 
862 
860 
767 
768 
768 
766 
767 
764 
763 
762 
765 
766 
775 
784 
779 
778 
769 
764 
755 
743 
736 
732 
730 
738 
738 
738 
728 
717 
718 
715 
712 
711 
715 
714 
718 
716 
716 
720 
725 
730 
736 
739 
744 
753 
757 
759 
759 
763 
769 
781 
791 
790 
791 
789 
786 
783 
783 
782 
780 
781 
780 
778 
776 
776 
779 
781 
784 
788 
788 
789 
789 
786 
783 
782 
787 
788 
791 
789 
789 
791 
792 
793 
794 
793 
796 
795 
795 
795 
795 
794 
792 
794 
794 
794 
793 
789 
790 
789 
790 
793 
791 
794 
795 
795 
800 
799 
802 
801 
803 
803 
803 
802 
802 
801 
800 
800 
800 
801 
800 
798 
797 
798 
797 
798 
798 
797 
798 
797 
799 
797 
798 
799 
798 
799 
802 
786 
779 
771 
771 
745 
757 
757 
750 
742 
734 
730 
724 
731 
735 
742 
744 
752 
754 
760 
756 
760 
766 
770 
770 
770 
764 
762 
758 
762 
770 
778 
796 
806 
811 
811 
807 
804 
807 
818 
835 
843 
842 
833 
812 
800 
800 
807 
826 
837 
837 
829 
815 
804 
804 
807 
817 
825 
826 
823 
816 
805 
802 
803 
807 
812 
821 
826 
826 
826 
821 
812 
811 
811 
817 
821 
826 
826 
824 
821 
814 
805 
797 
792 
788 
781 
774 
765 
757 
757 
755 
754 
755 
759 
761 
763 
764 
764 
764 
766 
1962 
2054 
2107 
2070 
1947 
1776 
1553 
1333 
1142 
1024 
947 
888 
847 
810 
785 
766 
753 
746 
730 
721 
704 
685 
674 
662 
657 
654 
654 
659 
659 
658 
657 
656 
657 
654 
653 
653 
654 
654 
655 
659 
1727 
1797 
1838 
1838 
1804 
1699 
1583 
1414 
1241 
1090 
979 
914 
868 
830 
800 
775 
755 
736 
721 
710 
694 
680 
672 
666 
661 
658 
656 
653 
652 
651 
651 
653 
656 
656 
655 
657 
658 
657 
657 
656 
669 
670 
672 
672 
675 
676 
676 
678 
678 
681 
682 
681 
685 
683 
683 
685 
684 
684 
682 
682 
682 
678 
677 
676 
678 
680 
682 
684 
684 
687 
687 
686 
686 
686 
687 
687 
688 
690 
692 
693 
3959 
4007 
4022 
4011 
3979 
3852 
3557 
3134 
2638 
2149 
1739 
1475 
1304 
1175 
1074 
994 
935 
882 
840 
804 
766 
723 
694 
674 
657 
645 
636 
628 
623 
623 
623 
622 
619 
618 
616 
616 
617 
614 
616 
617 
1247 
1306 
1333 
1301 
1208 
1079 
963 
874 
818 
787 
765 
746 
731 
717 
710 
704 
695 
687 
684 
681 
667 
654 
649 
644 
643 
642 
641 
640 
639 
641 
641 
642 
641 
642 
642 
641 
644 
644 
642 
644 
1727 
1823 
1866 
1808 
1668 
1491 
1284 
1100 
986 
915 
866 
831 
799 
773 
754 
735 
723 
712 
702 
695 
684 
673 
669 
669 
667 
665 
665 
660 
660 
655 
654 
654 
651 
651 
653 
658 
659 
657 
655 
654 
1994 
2096 
2152 
2115 
1988 
1809 
1574 
1345 
632 
629 
652 
791 
1118 
1586 
2152 
2720 
3234 
3708 
3986 
4026 
4027 
4026 
4026 
4026 
3984 
3771 
3319 
2782 
2242 
1795 
1504 
1318 
1183 
1078 
998 
935 
882 
832 
787 
739 
652 
646 
638 
631 
631 
635 
640 
646 
648 
648 
645 
641 
635 
631 
631 
631 
635 
640 
647 
652 
652 
645 
641 
635 
630 
629 
629 
633 
639 
644 
649 
652 
653 
651 
649 
646 
643 
640 
639 
637 
574 
566 
561 
551 
548 
547 
536 
522 
511 
501 
492 
488 
489 
496 
507 
520 
525 
525 
516 
502 
495 
490 
487 
493 
498 
505 
511 
515 
516 
515 
515 
514 
510 
513 
519 
517 
515 
513 
511 
511 
611 
588 
571 
549 
529 
519 
514 
512 
509 
510 
508 
506 
503 
500 
494 
488 
482 
481 
479 
481 
484 
485 
492 
499 
501 
501 
499 
493 
489 
486 
484 
485 
491 
495 
498 
502 
505 
505 
502 
499 
493 
495 
497 
491 
488 
475 
473 
477 
481 
486 
487 
485 
480 
480 
481 
501 
579 
761 
1027 
1353 
1651 
1970 
2201 
2388 
2506 
2577 
2573 
2504 
2314 
2098 
1796 
1497 
1228 
1040 
923 
840 
770 
712 
662 
623 
504 
504 
507 
508 
509 
512 
519 
527 
531 
530 
527 
519 
511 
505 
503 
508 
508 
515 
521 
530 
538 
544 
543 
537 
529 
525 
523 
521 
522 
531 
537 
542 
545 
547 
546 
543 
541 
538 
535 
534 
737 
676 
628 
583 
538 
517 
511 
498 
481 
466 
448 
428 
419 
413 
408 
409 
416 
423 
429 
433 
430 
426 
423 
419 
421 
425 
424 
424 
425 
429 
424 
430 
433 
434 
437 
438 
439 
435 
434 
434 
519 
486 
461 
443 
431 
421 
409 
396 
377 
359 
352 
348 
350 
349 
346 
347 
349 
350 
350 
349 
344 
340 
340 
342 
343 
343 
345 
345 
348 
351 
353 
355 
358 
363 
367 
367 
367 
367 
365 
366 
571 
545 
521 
499 
482 
468 
453 
443 
428 
418 
417 
418 
421 
421 
419 
415 
405 
399 
392 
388 
391 
393 
399 
408 
413 
419 
420 
420 
416 
411 
410 
408 
411 
416 
419 
422 
425 
427 
427 
426 
522 
521 
525 
524 
529 
534 
539 
546 
546 
534 
523 
513 
511 
506 
505 
506 
507 
706 
1545 
3150 
4023 
4024 
4024 
4023 
4023 
4023 
4024 
4023 
4023 
4024 
4023 
4024 
4026 
4025 
4027 
4027 
4027 
4028 
4028 
4030 
847 
738 
645 
566 
502 
451 
414 
385 
356 
335 
324 
317 
308 
296 
282 
269 
258 
251 
250 
252 
259 
266 
272 
274 
276 
278 
274 
269 
265 
261 
265 
273 
281 
284 
284 
284 
282 
282 
282 
283 
611 
586 
572 
561 
557 
556 
557 
551 
538 
520 
505 
499 
493 
491 
490 
489 
493 
499 
508 
512 
513 
512 
508 
500 
494 
493 
493 
499 
511 
513 
516 
522 
518 
512 
506 
501 
498 
500 
507 
515 
518 
521 
524 
522 
523 
525 
520 
514 
685 
688 
700 
744 
861 
1015 
1194 
1368 
1531 
1644 
1712 
1751 
1722 
1637 
1517 
1359 
1202 
1065 
979 
928 
889 
857 
826 
807 
791 
781 
776 
763 
759 
746 
731 
723 
694 
685 
678 
675 
669 
669 
671 
677 
689 
701 
736 
815 
927 
1062 
1183 
1319 
1419 
1503 
1554 
1584 
1584 
1559 
1480 
1395 
1274 
1151 
1036 
951 
895 
860 
830 
807 
790 
776 
764 
756 
751 
736 
722 
716 
717 
717 
716 
712 
708 
705 
702 
696 
699 
702 
700 
700 
704 
706 
703 
703 
703 
699 
696 
693 
693 
694 
697 
700 
703 
706 
706 
705 
706 
705 
705 
706 
708 
711 
713 
712 
712 
712 
709 
710 
703 
694 
683 
682 
681 
676 
672 
673 
691 
786 
1003 
1303 
1656 
2011 
2333 
2629 
2871 
3065 
3188 
3257 
3246 
3177 
3018 
2805 
2505 
2153 
1802 
1507 
1316 
1190 
1097 
1029 
975 
931 
897 
867 
841 
809 
773 
755 
671 
666 
660 
652 
651 
658 
661 
671 
679 
685 
690 
693 
714 
768 
861 
980 
1089 
1165 
1211 
1236 
1214 
1149 
1050 
959 
887 
842 
816 
799 
786 
783 
780 
777 
775 
774 
770 
765 
760 
743 
727 
722 
686 
688 
687 
691 
691 
694 
693 
688 
687 
686 
694 
713 
773 
901 
1056 
1223 
1387 
1502 
1567 
1594 
1557 
1460 
1333 
1183 
1047 
962 
910 
873 
848 
825 
810 
795 
783 
776 
767 
762 
756 
746 
733 
727 
703 
700 
695 
696 
695 
695 
698 
698 
701 
696 
693 
691 
687 
687 
687 
691 
696 
699 
701 
702 
704 
705 
704 
704 
702 
701 
702 
700 
699 
703 
704 
706 
705 
697 
689 
696 
695 
675 
670 
668 
667 
671 
673 
675 
676 
677 
681 
688 
697 
740 
854 
1002 
1180 
1353 
1520 
1643 
1716 
1755 
1731 
1642 
1516 
1353 
1190 
1048 
961 
906 
863 
831 
811 
801 
790 
783 
778 
770 
766 
749 
731 
720 
711 
707 
729 
729 
728 
727 
723 
718 
713 
713 
714 
716 
717 
715 
714 
714 
712 
711 
715 
719 
723 
726 
728 
729 
728 
725 
725 
725 
725 
718 
722 
726 
729 
732 
734 
733 
730 
727 
720 
715 
714 
715 
720 
728 
739 
744 
744 
741 
737 
730 
727 
726 
729 
737 
745 
745 
738 
737 
733 
733 
732 
731 
735 
740 
740 
740 
739 
735 
731 
731 
737 
740 
745 
748 
749 
748 
749 
747 
743 
739 
739 
742 
746 
747 
751 
750 
746 
741 
737 
736 
737 
738 
740 
741 
741 
743 
747 
749 
754 
756 
754 
751 
747 
745 
743 
743 
744 
742 
752 
759 
760 
753 
746 
739 
731 
726 
725 
732 
726 
719 
715 
712 
648 
644 
644 
648 
649 
654 
654 
653 
659 
665 
690 
748 
843 
962 
1070 
1145 
1183 
1203 
1184 
1117 
1024 
937 
873 
832 
808 
790 
774 
766 
758 
754 
748 
743 
740 
740 
739 
726 
708 
704 
696 
690 
686 
684 
685 
683 
682 
688 
690 
691 
665 
665 
664 
659 
663 
661 
660 
662 
664 
664 
664 
671 
726 
868 
1065 
1293 
1520 
1739 
1895 
1990 
2042 
2010 
1896 
1735 
1525 
1315 
1130 
1016 
946 
895 
860 
834 
682 
680 
678 
674 
679 
683 
677 
673 
659 
658 
656 
657 
657 
655 
650 
647 
649 
650 
660 
702 
801 
939 
1106 
1261 
1425 
1546 
1647 
1707 
1744 
1738 
1706 
1614 
1507 
1358 
1205 
1069 
971 
905 
863 
825 
671 
671 
674 
679 
678 
677 
677 
679 
678 
678 
676 
675 
672 
670 
673 
675 
671 
673 
672 
674 
679 
676 
680 
683 
684 
685 
688 
690 
689 
686 
686 
687 
683 
686 
686 
686 
688 
691 
694 
693 
690 
687 
687 
683 
680 
681 
684 
688 
691 
694 
698 
701 
705 
705 
702 
698 
698 
698 
699 
700 
700 
699 
701 
704 
706 
704 
702 
698 
699 
699 
693 
693 
693 
698 
706 
707 
712 
714 
717 
717 
1061 
989 
932 
888 
851 
824 
791 
748 
724 
706 
693 
679 
668 
662 
655 
651 
648 
651 
654 
652 
648 
642 
640 
642 
642 
641 
639 
638 
636 
636 
638 
638 
639 
644 
646 
646 
643 
644 
646 
648 
728 
719 
713 
708 
711 
715 
707 
695 
688 
684 
678 
675 
671 
667 
670 
670 
669 
670 
673 
675 
674 
672 
669 
667 
661 
658 
657 
659 
665 
668 
668 
672 
674 
676 
674 
672 
671 
669 
668 
669 
825 
800 
778 
760 
747 
739 
735 
728 
717 
705 
702 
701 
693 
686 
679 
676 
673 
668 
666 
667 
669 
673 
679 
681 
684 
685 
680 
678 
679 
676 
674 
671 
675 
679 
683 
689 
690 
689 
685 
679 
857 
824 
802 
780 
768 
757 
745 
739 
719 
700 
685 
677 
674 
669 
670 
669 
672 
676 
676 
678 
677 
673 
671 
667 
666 
665 
666 
668 
670 
672 
673 
672 
669 
666 
663 
660 
661 
663 
665 
670 
672 
673 
671 
672 
676 
674 
677 
680 
676 
678 
664 
660 
656 
652 
654 
653 
651 
647 
647 
650 
661 
706 
800 
939 
1106 
1251 
1415 
1543 
1648 
1717 
1760 
1762 
1728 
1633 
1519 
1361 
1206 
1065 
967 
906 
687 
691 
694 
692 
691 
686 
684 
681 
681 
680 
679 
685 
694 
694 
698 
703 
704 
704 
697 
695 
693 
692 
693 
690 
694 
697 
703 
710 
712 
711 
708 
704 
696 
690 
691 
689 
691 
698 
705 
712 
1291 
1172 
1077 
1002 
941 
891 
851 
813 
775 
731 
708 
691 
680 
676 
672 
670 
667 
661 
656 
649 
646 
643 
638 
639 
639 
639 
643 
644 
644 
644 
643 
638 
635 
634 
633 
635 
636 
640 
643 
648 
756 
742 
729 
717 
713 
709 
709 
711 
699 
692 
689 
686 
680 
674 
672 
666 
664 
663 
666 
672 
671 
672 
675 
677 
675 
671 
667 
662 
659 
657 
655 
660 
664 
669 
672 
674 
677 
677 
676 
673 
669 
669 
669 
672 
673 
679 
680 
677 
623 
623 
622 
624 
629 
632 
634 
635 
635 
632 
630 
628 
619 
597 
591 
591 
592 
590 
590 
594 
600 
605 
609 
616 
621 
627 
655 
728 
841 
980 
1110 
1206 
662 
663 
666 
668 
671 
671 
663 
660 
659 
658 
660 
665 
668 
670 
675 
679 
680 
681 
676 
672 
663 
645 
636 
632 
636 
644 
647 
654 
658 
662 
664 
664 
668 
684 
752 
901 
1088 
1284 
1481 
1629 
653 
653 
647 
652 
657 
653 
661 
667 
674 
680 
684 
680 
672 
669 
668 
668 
670 
670 
674 
678 
683 
682 
678 
681 
674 
653 
647 
640 
637 
643 
644 
644 
649 
658 
665 
672 
682 
736 
872 
1055 
674 
678 
683 
690 
693 
698 
695 
694 
690 
685 
684 
683 
684 
689 
694 
698 
698 
701 
702 
701 
694 
691 
693 
686 
683 
670 
669 
675 
678 
680 
683 
682 
676 
672 
673 
683 
724 
822 
958 
1125 
687 
690 
690 
684 
681 
676 
674 
674 
678 
680 
684 
689 
693 
694 
689 
682 
674 
668 
667 
667 
669 
677 
686 
694 
695 
696 
694 
687 
680 
678 
674 
675 
680 
688 
691 
698 
698 
693 
686 
678 
686 
683 
687 
691 
694 
698 
700 
705 
705 
703 
696 
689 
684 
683 
685 
686 
687 
692 
698 
699 
703 
702 
699 
699 
680 
663 
654 
648 
640 
636 
636 
635 
635 
639 
666 
789 
1063 
1446 
1896 
2348 
612 
609 
607 
612 
618 
619 
620 
623 
625 
626 
623 
619 
611 
606 
606 
609 
613 
614 
616 
620 
627 
634 
630 
631 
625 
603 
596 
591 
591 
588 
591 
597 
599 
602 
603 
606 
611 
615 
643 
711 
755 
869 
1023 
1202 
1379 
1558 
1688 
1764 
1795 
1752 
1658 
1530 
1369 
1212 
1076 
988 
943 
911 
887 
865 
847 
829 
814 
803 
786 
785 
773 
759 
753 
753 
751 
749 
748 
750 
747 
742 
733 
730 
729 
728 
729 
730 
734 
736 
738 
748 
755 
757 
754 
747 
743 
736 
731 
732 
733 
737 
742 
750 
759 
762 
762 
756 
748 
740 
741 
743 
736 
739 
727 
729 
737 
741 
741 
737 
731 
725 
721 
724 
732 
771 
733 
741 
746 
744 
739 
734 
728 
722 
718 
719 
723 
730 
736 
744 
749 
749 
742 
733 
718 
708 
709 
710 
714 
719 
732 
746 
749 
749 
746 
736 
724 
717 
715 
715 
724 
734 
741 
744 
746 
747 
1319 
1705 
2101 
2460 
2793 
3064 
3275 
3399 
3469 
3456 
3378 
3200 
2962 
2632 
2250 
1870 
1554 
1346 
1215 
1122 
1049 
987 
936 
891 
854 
816 
772 
731 
708 
691 
686 
695 
697 
693 
689 
682 
672 
665 
658 
653 
628 
657 
727 
836 
963 
1079 
1161 
1208 
1230 
1197 
1117 
1009 
917 
852 
816 
799 
790 
781 
779 
776 
770 
756 
737 
723 
719 
720 
705 
694 
691 
693 
700 
706 
705 
703 
700 
699 
694 
691 
690 
691 
691 
692 
690 
689 
693 
701 
704 
710 
858 
862 
864 
868 
878 
927 
1053 
1219 
1412 
1606 
1799 
1946 
2035 
2081 
2047 
1941 
1799 
1618 
1432 
1271 
1171 
1112 
1068 
1038 
1013 
993 
976 
964 
954 
940 
931 
913 
914 
910 
907 
904 
903 
900 
900 
898 
897 
891 
889 
886 
883 
880 
883 
885 
889 
895 
899 
901 
902 
902 
901 
899 
895 
892 
891 
893 
897 
902 
910 
916 
917 
915 
911 
902 
894 
890 
891 
894 
938 
939 
942 
942 
940 
938 
936 
933 
931 
931 
935 
939 
942 
944 
946 
946 
948 
948 
946 
944 
943 
943 
943 
944 
947 
951 
954 
956 
955 
955 
951 
944 
941 
935 
937 
940 
946 
951 
951 
959 
942 
924 
916 
907 
904 
901 
897 
896 
896 
896 
919 
1030 
1286 
1639 
2065 
2493 
2883 
3241 
3514 
3740 
3884 
3948 
3945 
3879 
3687 
3428 
3068 
2647 
2227 
1874 
1643 
1493 
1382 
1293 
1227 
1174 
1131 
1096 
1065 
1030 
884 
865 
860 
859 
859 
861 
863 
867 
868 
871 
869 
868 
867 
871 
898 
968 
1071 
1207 
1327 
1418 
1472 
1499 
1473 
1391 
1280 
1176 
1099 
1052 
1027 
1012 
1002 
994 
986 
978 
970 
963 
955 
951 
947 
936 
924 
917 
916 
912 
911 
909 
905 
907 
909 
909 
908 
908 
908 
907 
907 
906 
907 
908 
908 
910 
912 
914 
917 
915 
910 
909 
909 
907 
903 
904 
905 
910 
914 
917 
923 
925 
926 
924 
919 
918 
639 
623 
612 
604 
600 
597 
596 
599 
598 
597 
596 
595 
595 
594 
595 
595 
598 
601 
604 
604 
601 
601 
600 
598 
601 
598 
599 
598 
598 
600 
599 
600 
600 
599 
599 
599 
601 
602 
596 
592 
602 
606 
592 
587 
584 
579 
581 
578 
578 
575 
576 
580 
585 
600 
661 
800 
983 
1193 
1397 
1599 
1751 
1843 
1894 
1866 
1758 
1609 
1413 
1213 
1038 
928 
859 
810 
776 
748 
729 
709 
694 
682 
669 
659 
623 
618 
599 
593 
590 
588 
587 
585 
585 
590 
592 
599 
612 
655 
750 
887 
1055 
1205 
1366 
1487 
1587 
1654 
1698 
1701 
1672 
1579 
1471 
1315 
1157 
1013 
910 
847 
807 
774 
746 
720 
702 
685 
669 
662 
619 
620 
622 
629 
632 
633 
632 
630 
629 
625 
623 
623 
624 
629 
635 
639 
638 
636 
631 
621 
618 
619 
623 
637 
646 
649 
649 
642 
633 
631 
632 
634 
644 
652 
650 
649 
645 
639 
640 
639 
664 
646 
631 
622 
617 
610 
607 
606 
599 
593 
594 
617 
744 
1027 
1423 
1897 
2366 
2788 
3187 
3515 
3779 
3935 
3965 
3956 
3893 
3689 
3406 
3005 
2530 
2063 
1668 
1412 
1247 
1125 
1029 
951 
891 
838 
795 
762 
720 
679 
655 
635 
622 
614 
610 
606 
599 
592 
587 
584 
581 
578 
577 
576 
577 
577 
579 
579 
577 
575 
571 
571 
570 
567 
570 
570 
574 
577 
579 
581 
581 
583 
584 
582 
581 
580 
577 
576 
626 
613 
612 
611 
609 
607 
602 
598 
830 
792 
751 
707 
677 
660 
647 
635 
626 
619 
612 
605 
600 
595 
592 
589 
585 
585 
586 
588 
589 
590 
591 
590 
589 
591 
589 
591 
591 
591 
590 
591 
595 
598 
597 
596 
597 
597 
597 
597 
595 
591 
592 
590 
570 
567 
566 
565 
566 
564 
567 
571 
572 
572 
574 
578 
586 
627 
716 
858 
1039 
1203 
1318 
1380 
1403 
1361 
1258 
1117 
984 
886 
823 
783 
755 
732 
714 
699 
687 
680 
674 
671 
674 
675 
659 
642 
633 
622 
614 
613 
611 
616 
620 
626 
627 
625 
619 
612 
608 
609 
608 
611 
616 
620 
623 
624 
626 
624 
623 
621 
619 
617 
618 
618 
835 
812 
791 
780 
768 
758 
747 
739 
730 
720 
712 
709 
708 
705 
700 
696 
691 
686 
683 
684 
684 
690 
694 
693 
693 
691 
683 
679 
679 
681 
682 
688 
692 
697 
698 
698 
700 
694 
689 
690 
880 
854 
824 
805 
789 
777 
766 
756 
750 
735 
720 
712 
706 
707 
707 
706 
705 
702 
697 
693 
692 
692 
688 
690 
689 
693 
696 
695 
691 
690 
686 
690 
691 
694 
703 
709 
708 
707 
704 
697 
916 
874 
842 
817 
796 
784 
774 
764 
759 
744 
729 
722 
717 
713 
711 
707 
702 
701 
698 
696 
694 
693 
690 
692 
694 
697 
698 
699 
698 
700 
700 
702 
703 
702 
700 
702 
703 
704 
703 
706 
718 
717 
714 
717 
717 
717 
719 
718 
721 
729 
724 
720 
715 
712 
707 
710 
716 
719 
721 
721 
720 
721 
719 
720 
719 
721 
720 
722 
727 
729 
729 
730 
726 
727 
723 
722 
722 
723 
723 
727 
1392 
1245 
1135 
1049 
983 
933 
890 
857 
827 
792 
752 
727 
705 
690 
680 
673 
668 
667 
666 
669 
668 
663 
658 
655 
651 
652 
650 
652 
658 
660 
658 
658 
658 
658 
656 
653 
650 
648 
647 
648 
767 
754 
742 
737 
733 
729 
724 
724 
720 
706 
689 
684 
679 
676 
675 
675 
672 
673 
674 
674 
675 
675 
673 
673 
672 
673 
678 
680 
680 
681 
681 
682 
680 
679 
674 
674 
673 
670 
672 
675 
908 
874 
846 
822 
801 
780 
764 
758 
753 
749 
752 
745 
732 
724 
715 
706 
696 
693 
692 
691 
699 
706 
710 
710 
706 
698 
693 
693 
695 
700 
708 
713 
711 
710 
704 
695 
692 
693 
696 
703 
971 
919 
878 
848 
823 
804 
789 
777 
771 
762 
757 
743 
728 
721 
715 
710 
707 
703 
703 
701 
701 
703 
703 
705 
705 
708 
707 
707 
708 
706 
707 
706 
703 
704 
704 
705 
709 
707 
708 
707 
1051 
965 
908 
872 
842 
821 
804 
794 
782 
772 
765 
748 
733 
721 
715 
710 
707 
709 
711 
711 
711 
711 
707 
704 
702 
703 
703 
707 
708 
710 
712 
711 
711 
708 
705 
704 
705 
706 
707 
710 
725 
726 
727 
729 
730 
731 
731 
729 
1162 
1041 
967 
920 
888 
863 
844 
829 
814 
806 
800 
791 
786 
769 
755 
747 
742 
740 
734 
735 
734 
734 
733 
734 
735 
736 
734 
734 
733 
732 
730 
731 
725 
724 
723 
723 
723 
722 
721 
720 
719 
720 
719 
722 
724 
725 
726 
725 
724 
724 
723 
723 
724 
722 
723 
725 
728 
728 
727 
728 
730 
729 
728 
727 
727 
726 
725 
725 
727 
729 
731 
733 
739 
742 
744 
747 
748 
749 
750 
748 
746 
744 
743 
739 
736 
737 
739 
747 
752 
756 
756 
752 
746 
743 
721 
705 
697 
694 
693 
697 
699 
697 
691 
688 
700 
774 
941 
1172 
1452 
1736 
1994 
2227 
1014 
1069 
1099 
1112 
1092 
1041 
970 
906 
860 
834 
819 
809 
800 
792 
783 
779 
771 
769 
767 
769 
770 
758 
745 
739 
736 
734 
731 
727 
725 
723 
723 
723 
722 
723 
724 
725 
726 
725 
723 
724 
760 
751 
747 
741 
735 
731 
731 
732 
732 
735 
737 
738 
736 
735 
733 
731 
729 
730 
730 
732 
734 
736 
738 
737 
737 
735 
734 
732 
732 
733 
733 
733 
734 
738 
738 
740 
740 
733 
725 
728 
753 
744 
741 
738 
737 
737 
737 
737 
735 
734 
732 
732 
731 
731 
732 
731 
730 
730 
732 
734 
734 
735 
735 
734 
733 
733 
733 
733 
732 
734 
732 
734 
736 
735 
736 
737 
738 
744 
749 
743 
752 
743 
736 
731 
725 
723 
725 
728 
728 
729 
726 
722 
721 
720 
721 
720 
720 
719 
720 
722 
723 
723 
722 
723 
723 
722 
723 
723 
723 
723 
723 
721 
723 
723 
724 
724 
725 
726 
726 
727 
727 
728 
727 
729 
731 
733 
737 
736 
737 
736 
736 
735 
732 
732 
731 
731 
731 
732 
735 
739 
742 
742 
740 
741 
738 
737 
734 
736 
733 
735 
738 
740 
742 
743 
744 
745 
744 
742 
739 
739 
1991 
2231 
2420 
2578 
2674 
2729 
2722 
2670 
2549 
2381 
2145 
1867 
1590 
1357 
1207 
1112 
1041 
984 
940 
907 
882 
859 
841 
813 
778 
755 
742 
731 
724 
717 
713 
713 
715 
714 
713 
712 
711 
707 
705 
702 
701 
699 
700 
700 
704 
704 
706 
708 
711 
711 
712 
709 
708 
707 
704 
702 
705 
705 
707 
710 
716 
715 
715 
715 
708 
686 
679 
675 
675 
672 
672 
675 
678 
680 
682 
687 
692 
695 
716 
765 
731 
732 
729 
721 
715 
714 
716 
721 
726 
730 
732 
734 
733 
732 
730 
725 
723 
724 
724 
724 
725 
729 
734 
731 
719 
711 
703 
699 
698 
695 
698 
699 
701 
709 
711 
720 
737 
793 
899 
1022 
735 
732 
732 
732 
731 
733 
733 
735 
736 
735 
737 
737 
738 
737 
736 
734 
733 
728 
729 
729 
727 
723 
733 
737 
720 
717 
716 
711 
711 
705 
708 
708 
711 
715 
723 
733 
770 
867 
990 
1132 
1280 
1427 
1537 
1606 
1641 
1621 
1545 
1435 
711 
711 
707 
703 
699 
701 
701 
702 
706 
710 
709 
711 
711 
712 
707 
706 
706 
701 
682 
676 
673 
672 
673 
672 
672 
673 
675 
677 
681 
685 
692 
713 
763 
836 
927 
1004 
1055 
1085 
1103 
1091 
1041 
973 
908 
858 
827 
809 
798 
788 
781 
775 
774 
771 
770 
766 
767 
766 
752 
739 
732 
727 
726 
725 
724 
723 
722 
720 
721 
723 
725 
724 
724 
723 
731 
731 
732 
731 
731 
731 
730 
728 
728 
729 
732 
732 
732 
734 
735 
735 
736 
735 
736 
735 
735 
734 
728 
723 
729 
731 
715 
713 
711 
706 
707 
706 
708 
711 
715 
715 
719 
725 
764 
863 
740 
739 
738 
737 
735 
733 
731 
730 
731 
733 
736 
741 
744 
743 
740 
741 
738 
735 
734 
732 
732 
734 
742 
752 
749 
745 
729 
723 
719 
716 
716 
714 
712 
714 
716 
721 
734 
776 
875 
1011 
1173 
1322 
1483 
1597 
1692 
1754 
1797 
1803 
1775 
1682 
1578 
1428 
1273 
1132 
1025 
958 
914 
881 
859 
839 
827 
814 
804 
792 
772 
753 
744 
737 
732 
733 
734 
734 
733 
731 
730 
727 
723 
722 
722 
722 
734 
732 
734 
734 
736 
735 
735 
735 
738 
739 
740 
738 
738 
736 
736 
737 
738 
739 
740 
740 
744 
744 
742 
742 
742 
742 
740 
741 
740 
741 
742 
742 
741 
741 
744 
745 
744 
746 
746 
746 
703 
704 
704 
706 
706 
706 
705 
703 
702 
699 
700 
700 
702 
704 
705 
706 
705 
708 
708 
707 
706 
705 
702 
701 
704 
701 
686 
682 
680 
679 
677 
671 
672 
673 
675 
679 
685 
688 
692 
711 
719 
719 
718 
720 
719 
721 
725 
725 
724 
725 
723 
723 
721 
722 
722 
722 
724 
726 
729 
730 
729 
729 
730 
730 
729 
725 
711 
702 
698 
697 
697 
696 
699 
701 
700 
703 
702 
705 
724 
779 
725 
725 
726 
729 
731 
730 
731 
730 
730 
730 
733 
733 
732 
733 
732 
733 
733 
733 
733 
736 
739 
740 
732 
725 
732 
731 
712 
708 
706 
704 
709 
713 
715 
716 
716 
712 
714 
719 
757 
858 
989 
1140 
1290 
1436 
1545 
1607 
1631 
1601 
1528 
1426 
1295 
1166 
1047 
973 
926 
888 
859 
834 
819 
805 
797 
796 
792 
792 
779 
764 
757 
748 
741 
736 
731 
730 
731 
733 
738 
739 
740 
741 
737 
735 
718 
720 
721 
727 
734 
734 
733 
731 
728 
722 
721 
720 
720 
722 
728 
734 
736 
737 
736 
733 
727 
723 
722 
722 
725 
731 
736 
737 
738 
737 
733 
730 
728 
728 
729 
734 
738 
739 
741 
741 
1734 
1989 
2228 
2421 
2578 
2672 
2724 
2716 
2667 
2546 
2380 
2144 
1862 
1587 
1357 
1209 
1114 
1041 
985 
941 
908 
880 
856 
837 
811 
780 
761 
751 
740 
731 
723 
719 
711 
708 
707 
705 
706 
707 
708 
710 
762 
834 
925 
1002 
1058 
1087 
1102 
1085 
739 
739 
736 
735 
734 
734 
732 
732 
731 
734 
732 
735 
739 
743 
742 
746 
747 
748 
746 
743 
743 
741 
742 
743 
746 
743 
748 
754 
756 
757 
754 
750 
754 
752 
754 
756 
759 
762 
764 
764 
765 
762 
759 
757 
757 
758 
758 
759 
759 
762 
763 
762 
760 
758 
753 
748 
754 
738 
721 
717 
714 
711 
712 
711 
705 
696 
688 
699 
776 
947 
1180 
1461 
707 
709 
709 
706 
700 
696 
695 
693 
687 
686 
691 
696 
704 
714 
714 
710 
703 
695 
690 
688 
691 
694 
696 
703 
709 
707 
687 
678 
673 
664 
658 
656 
657 
660 
664 
672 
681 
690 
692 
708 
715 
717 
721 
724 
725 
728 
730 
728 
724 
721 
716 
715 
712 
713 
713 
718 
720 
726 
727 
726 
726 
726 
725 
721 
720 
719 
717 
718 
717 
706 
703 
702 
701 
699 
694 
692 
691 
691 
694 
695 
724 
727 
726 
724 
720 
716 
714 
713 
716 
719 
721 
723 
724 
714 
720 
724 
726 
725 
724 
723 
722 
722 
720 
722 
723 
717 
713 
723 
726 
711 
707 
702 
698 
697 
691 
695 
696 
699 
699 
703 
739 
735 
730 
726 
722 
723 
727 
729 
728 
728 
727 
722 
724 
729 
731 
735 
734 
738 
739 
735 
733 
730 
725 
727 
727 
738 
747 
750 
753 
739 
728 
717 
708 
700 
700 
702 
709 
721 
730 
746 
740 
739 
738 
733 
730 
728 
724 
719 
725 
730 
733 
736 
739 
742 
744 
746 
744 
739 
734 
734 
731 
732 
735 
737 
739 
745 
748 
749 
748 
747 
744 
739 
736 
736 
740 
744 
746 
747 
751 
754 
754 
753 
754 
752 
747 
744 
740 
743 
746 
748 
751 
756 
760 
762 
761 
755 
752 
746 
743 
742 
745 
746 
751 
756 
761 
763 
763 
762 
760 
754 
751 
747 
747 
748 
752 
757 
760 
764 
764 
769 
954 
1180 
1454 
1730 
1984 
2225 
2421 
2584 
2687 
2739 
2723 
2664 
2541 
2371 
2135 
1857 
1584 
1357 
1211 
1119 
1049 
996 
953 
919 
887 
860 
838 
807 
774 
757 
747 
739 
736 
734 
731 
726 
720 
712 
706 
701 
684 
688 
709 
754 
823 
915 
990 
1045 
1073 
1091 
1076 
1028 
960 
897 
851 
821 
802 
791 
780 
769 
763 
758 
757 
755 
754 
758 
759 
748 
737 
733 
730 
725 
719 
713 
708 
706 
702 
703 
702 
700 
724 
722 
719 
716 
715 
715 
715 
716 
719 
722 
725 
725 
726 
723 
721 
721 
719 
717 
718 
722 
718 
720 
722 
724 
728 
725 
715 
721 
718 
702 
698 
694 
691 
695 
695 
701 
704 
706 
709 
710 
721 
720 
724 
727 
729 
724 
720 
722 
723 
726 
728 
731 
730 
732 
733 
733 
730 
728 
726 
723 
725 
729 
731 
731 
737 
746 
750 
741 
735 
715 
711 
708 
704 
706 
707 
711 
713 
716 
723 
737 
780 
870 
1002 
1160 
1300 
1463 
1583 
1694 
1430 
1292 
1162 
1046 
975 
930 
896 
870 
845 
829 
813 
803 
799 
794 
793 
781 
770 
761 
753 
746 
741 
736 
735 
733 
736 
738 
739 
743 
744 
742 
741 
738 
709 
705 
706 
707 
710 
714 
716 
719 
721 
719 
715 
711 
707 
707 
707 
706 
711 
713 
715 
717 
722 
725 
727 
724 
719 
713 
709 
707 
707 
709 
713 
717 
722 
726 
727 
730 
727 
723 
721 
716 
717 
720 
719 
718 
720 
723 
725 
730 
735 
739 
735 
730 
724 
719 
713 
714 
717 
720 
730 
737 
741 
744 
741 
734 
727 
722 
719 
721 
726 
735 
739 
741 
740 
743 
740 
736 
736 
733 
731 
735 
1687 
1748 
1790 
1791 
1760 
1668 
1563 
1414 
1261 
1123 
1025 
962 
920 
885 
851 
823 
803 
786 
773 
767 
755 
747 
747 
747 
742 
734 
724 
715 
709 
706 
705 
706 
710 
720 
727 
727 
727 
724 
715 
707 
721 
716 
716 
719 
722 
727 
733 
739 
852 
832 
816 
803 
795 
785 
781 
778 
778 
782 
788 
794 
783 
765 
755 
745 
740 
736 
735 
732 
732 
735 
738 
743 
748 
749 
747 
743 
737 
738 
736 
735 
756 
754 
750 
744 
740 
740 
741 
741 
739 
743 
750 
753 
755 
754 
752 
750 
750 
747 
741 
737 
743 
743 
728 
731 
733 
730 
731 
725 
723 
719 
719 
720 
726 
736 
779 
879 
1008 
1157 
1301 
1437 
735 
740 
745 
747 
744 
743 
740 
736 
734 
736 
737 
738 
742 
747 
748 
750 
747 
747 
741 
734 
737 
717 
702 
698 
694 
692 
693 
695 
692 
687 
681 
691 
763 
929 
1161 
1440 
1719 
1968 
2207 
2406 
2568 
2668 
2726 
2711 
2645 
2518 
2350 
2114 
1840 
1570 
1349 
1208 
1118 
1050 
996 
951 
915 
879 
851 
827 
797 
764 
744 
735 
734 
736 
737 
734 
731 
724 
712 
705 
701 
696 
697 
702 
705 
709 
713 
713 
1067 
1099 
1114 
1099 
1047 
972 
906 
860 
831 
816 
812 
806 
805 
802 
801 
796 
786 
780 
776 
772 
759 
747 
740 
743 
745 
750 
750 
750 
745 
741 
738 
732 
730 
728 
728 
730 
732 
736 
739 
743 
1405 
1462 
1486 
1451 
1367 
1259 
1133 
1020 
951 
903 
875 
856 
842 
827 
820 
811 
803 
795 
787 
780 
771 
759 
756 
755 
754 
753 
754 
752 
746 
741 
737 
735 
735 
737 
742 
747 
750 
752 
754 
750 
1535 
1597 
1633 
1614 
1542 
1440 
1304 
1166 
1047 
976 
931 
899 
875 
854 
839 
822 
813 
807 
793 
788 
775 
766 
764 
765 
762 
756 
748 
740 
733 
731 
732 
737 
743 
752 
755 
754 
751 
741 
731 
725 
1694 
1755 
1792 
1792 
1765 
1677 
1573 
1426 
1267 
1125 
1022 
954 
909 
874 
850 
827 
816 
807 
796 
787 
768 
751 
739 
731 
725 
723 
722 
720 
720 
722 
721 
719 
717 
715 
716 
712 
711 
711 
712 
714 
1065 
1100 
1115 
1099 
1047 
976 
912 
858 
759 
763 
763 
761 
754 
754 
753 
751 
747 
748 
755 
757 
759 
760 
764 
761 
758 
757 
755 
752 
752 
756 
757 
757 
757 
758 
753 
753 
756 
760 
766 
769 
768 
763 
759 
751 
747 
748 
751 
758 
764 
772 
776 
775 
770 
761 
754 
751 
749 
752 
756 
764 
770 
773 
772 
767 
761 
758 
752 
745 
749 
733 
722 
719 
717 
716 
714 
712 
703 
693 
686 
699 
779 
947 
1174 
1457 
1743 
1991 
2216 
2406 
2567 
2668 
2724 
2709 
2648 
2519 
2352 
2123 
1851 
1583 
1360 
1220 
1130 
1054 
993 
946 
907 
876 
849 
832 
809 
781 
768 
760 
752 
743 
734 
725 
715 
707 
703 
701 
725 
726 
724 
723 
721 
718 
719 
720 
720 
719 
721 
722 
725 
724 
724 
722 
723 
726 
725 
723 
721 
720 
723 
723 
722 
722 
725 
723 
709 
700 
695 
692 
694 
692 
694 
694 
695 
695 
696 
701 
752 
843 
967 
1114 
1263 
1409 
1516 
1580 
1614 
1596 
1525 
1419 
1281 
1141 
1019 
943 
899 
868 
844 
827 
817 
808 
804 
799 
787 
779 
759 
743 
734 
728 
725 
725 
727 
731 
734 
736 
738 
736 
731 
729 
724 
719 
715 
716 
721 
725 
731 
735 
735 
738 
740 
735 
731 
727 
726 
725 
724 
723 
727 
732 
741 
746 
750 
746 
746 
746 
732 
727 
709 
707 
707 
712 
718 
714 
718 
720 
722 
728 
737 
774 
863 
994 
1159 
1311 
1475 
1601 
1703 
1766 
1804 
1804 
1775 
1682 
1574 
1423 
1269 
1129 
1027 
963 
917 
884 
861 
843 
827 
813 
802 
791 
775 
761 
749 
744 
742 
741 
741 
742 
743 
743 
740 
738 
730 
725 
755 
752 
751 
753 
755 
758 
761 
766 
766 
763 
761 
759 
758 
758 
759 
759 
760 
762 
763 
763 
763 
764 
762 
757 
753 
745 
751 
732 
720 
715 
714 
712 
713 
710 
702 
694 
691 
705 
777 
947 
705 
706 
711 
710 
706 
701 
700 
697 
695 
694 
695 
696 
701 
704 
709 
709 
710 
708 
705 
701 
699 
697 
697 
697 
696 
700 
707 
704 
687 
678 
675 
670 
665 
663 
664 
665 
669 
672 
678 
681 
695 
699 
716 
767 
874 
1003 
1139 
1279 
1381 
1441 
1468 
1437 
1353 
1242 
1115 
999 
925 
884 
855 
836 
813 
798 
796 
789 
783 
776 
771 
763 
752 
739 
733 
730 
727 
722 
721 
722 
722 
721 
717 
718 
719 
718 
716 
713 
714 
715 
716 
718 
720 
722 
723 
723 
721 
719 
718 
718 
715 
715 
714 
716 
720 
724 
732 
732 
730 
724 
715 
709 
709 
709 
695 
698 
699 
696 
703 
702 
702 
701 
701 
701 
721 
717 
713 
714 
717 
724 
731 
734 
735 
734 
734 
730 
726 
722 
720 
721 
726 
726 
731 
734 
737 
740 
739 
737 
734 
730 
736 
742 
733 
728 
713 
713 
715 
714 
715 
716 
718 
717 
717 
719 
725 
725 
726 
727 
729 
734 
739 
741 
719 
720 
723 
720 
722 
725 
723 
721 
718 
716 
719 
721 
720 
720 
720 
722 
726 
728 
727 
726 
728 
729 
731 
730 
729 
728 
729 
727 
727 
727 
731 
733 
711 
710 
712 
713 
714 
718 
715 
715 
716 
714 
712 
709 
707 
705 
707 
708 
714 
722 
727 
725 
728 
729 
725 
723 
723 
723 
718 
717 
719 
724 
727 
728 
735 
735 
721 
714 
708 
701 
697 
691 
739 
741 
745 
749 
753 
751 
747 
744 
737 
730 
733 
735 
737 
740 
747 
751 
754 
755 
752 
748 
744 
740 
739 
740 
741 
745 
746 
751 
755 
757 
748 
736 
739 
735 
717 
715 
714 
714 
722 
725 
705 
702 
702 
705 
714 
749 
828 
939 
1075 
1194 
1324 
1418 
1487 
1531 
1560 
1561 
1540 
1471 
1390 
1275 
1153 
1042 
963 
911 
871 
840 
817 
799 
790 
780 
774 
771 
758 
744 
737 
731 
726 
717 
711 
709 
712 
714 
718 
721 
721 
719 
723 
725 
726 
721 
717 
717 
713 
714 
715 
715 
717 
720 
725 
733 
737 
734 
725 
719 
717 
717 
717 
716 
717 
724 
730 
737 
742 
739 
734 
729 
723 
720 
719 
722 
692 
694 
698 
695 
694 
693 
691 
693 
692 
686 
685 
685 
686 
684 
687 
691 
694 
698 
701 
699 
700 
699 
694 
690 
687 
685 
687 
691 
698 
706 
706 
706 
710 
707 
685 
675 
669 
668 
666 
664 
668 
672 
678 
684 
688 
690 
693 
716 
773 
866 
981 
1082 
1154 
1196 
1220 
1203 
1142 
1054 
968 
901 
858 
832 
815 
800 
792 
784 
782 
779 
779 
777 
776 
772 
753 
737 
732 
726 
723 
724 
725 
727 
670 
673 
672 
675 
675 
671 
671 
670 
669 
669 
670 
672 
673 
674 
676 
675 
674 
673 
674 
672 
671 
667 
668 
669 
671 
675 
675 
675 
675 
671 
667 
664 
671 
676 
663 
661 
658 
652 
653 
650 
675 
673 
673 
692 
807 
1070 
1436 
1881 
2321 
2716 
3081 
3380 
3633 
3788 
3880 
3863 
3767 
3566 
3296 
2923 
2478 
2042 
1674 
1433 
1277 
1159 
1069 
1002 
947 
902 
862 
827 
789 
746 
720 
701 
685 
675 
669 
668 
655 
652 
656 
656 
656 
657 
656 
654 
657 
659 
661 
663 
665 
664 
664 
664 
658 
658 
659 
659 
661 
660 
659 
665 
665 
661 
660 
659 
657 
657 
658 
659 
657 
651 
653 
652 
648 
644 
641 
640 
638 
638 
643 
643 
655 
680 
753 
902 
1085 
1274 
1466 
1604 
1687 
1732 
1691 
1575 
1428 
1246 
1078 
970 
904 
854 
819 
792 
774 
761 
750 
737 
732 
726 
720 
707 
691 
679 
673 
667 
661 
661 
663 
662 
714 
715 
716 
717 
717 
714 
718 
719 
718 
719 
718 
715 
718 
717 
717 
717 
714 
709 
710 
714 
715 
717 
719 
717 
721 
722 
719 
716 
717 
714 
713 
720 
706 
694 
687 
681 
677 
671 
667 
664 
611 
610 
611 
610 
611 
615 
649 
723 
755 
760 
755 
750 
749 
747 
747 
749 
751 
747 
748 
748 
750 
746 
748 
754 
757 
759 
760 
758 
753 
745 
743 
742 
742 
740 
741 
746 
756 
767 
768 
766 
1630 
1856 
2061 
2225 
2362 
2461 
2523 
2524 
2479 
2370 
2215 
2004 
1759 
1510 
1304 
1172 
1090 
1030 
981 
943 
913 
889 
870 
856 
835 
805 
784 
767 
755 
748 
743 
740 
739 
731 
732 
733 
736 
739 
743 
745 
885 
981 
1087 
1190 
1267 
1308 
1325 
1294 
1242 
1171 
1086 
1004 
949 
913 
884 
862 
841 
827 
819 
815 
816 
817 
822 
822 
815 
805 
795 
788 
780 
774 
771 
768 
767 
768 
771 
776 
781 
783 
783 
780 
1021 
1115 
1222 
1298 
1353 
1384 
1403 
1402 
1382 
1323 
1266 
1175 
1084 
1006 
952 
917 
888 
861 
839 
821 
811 
802 
798 
792 
783 
774 
771 
768 
765 
757 
752 
744 
739 
735 
735 
735 
740 
746 
752 
754 
761 
760 
758 
758 
754 
749 
751 
753 
756 
757 
758 
763 
766 
767 
765 
759 
754 
747 
746 
751 
753 
754 
752 
755 
767 
753 
736 
724 
714 
708 
705 
703 
697 
694 
690 
710 
780 
934 
1146 
1399 
803 
863 
935 
996 
1036 
1059 
1075 
1063 
1027 
973 
925 
889 
862 
847 
838 
826 
820 
814 
810 
806 
802 
801 
806 
812 
804 
792 
789 
781 
772 
764 
760 
758 
757 
756 
760 
770 
776 
774 
775 
773 
795 
881 
982 
1089 
1193 
1268 
1307 
1323 
1304 
1248 
1174 
1086 
1004 
950 
910 
880 
854 
835 
821 
817 
815 
818 
823 
830 
829 
818 
800 
780 
770 
768 
769 
771 
776 
781 
787 
788 
787 
785 
780 
774 
873 
968 
1078 
1194 
1311 
1397 
1449 
1479 
1462 
1397 
1309 
1199 
1091 
999 
946 
917 
898 
882 
868 
860 
847 
843 
835 
822 
816 
802 
793 
787 
787 
787 
788 
788 
784 
778 
772 
768 
762 
759 
761 
764 
757 
759 
756 
750 
746 
742 
735 
735 
739 
743 
749 
757 
759 
759 
756 
750 
743 
737 
734 
732 
732 
738 
743 
750 
758 
761 
763 
760 
755 
749 
743 
735 
735 
739 
743 
747 
755 
763 
768 
767 
738 
743 
746 
744 
745 
743 
741 
739 
734 
731 
731 
739 
748 
757 
765 
765 
758 
751 
743 
734 
729 
731 
734 
739 
748 
758 
762 
755 
751 
743 
732 
725 
715 
713 
718 
726 
738 
746 
754 
771 
814 
892 
980 
1073 
1175 
1251 
1299 
1326 
1307 
1242 
1169 
1076 
989 
938 
906 
880 
862 
848 
838 
831 
824 
820 
815 
812 
810 
802 
792 
789 
784 
778 
774 
772 
770 
769 
767 
766 
769 
774 
776 
780 
771 
777 
781 
784 
787 
786 
782 
773 
764 
760 
757 
758 
760 
764 
769 
777 
782 
786 
787 
782 
774 
765 
761 
765 
770 
770 
774 
764 
764 
762 
760 
758 
747 
740 
733 
732 
735 
747 
777 
840 
757 
754 
752 
753 
751 
746 
748 
749 
38 
37 
37 
37 
36 
35 
32 
32 
31 
30 
30 
30 
31 
31 
31 
29 
27 
26 
24 
24 
24 
24 
26 
25 
25 
26 
26 
24 
24 
24 
24 
24 
24 
23 
23 
26 
24 
24 
24 
23 
25 
27 
24 
24 
24 
24 
25 
27 
24 
24 
24 
33 
134 
452 
852 
1266 
1642 
1990 
2264 
2491 
2636 
2718 
2700 
2601 
2398 
2123 
1739 
1299 
864 
500 
273 
130 
666 
665 
664 
663 
664 
666 
669 
672 
673 
671 
667 
665 
658 
644 
637 
634 
632 
637 
641 
644 
648 
650 
652 
653 
656 
676 
752 
911 
1108 
1311 
1518 
1668 
1755 
1794 
1747 
1619 
1457 
1263 
1088 
977 
1001 
933 
882 
847 
818 
793 
771 
754 
743 
730 
722 
704 
690 
683 
679 
678 
677 
675 
672 
668 
665 
662 
655 
653 
649 
651 
656 
656 
660 
663 
667 
670 
671 
670 
667 
666 
667 
667 
666 
666 
1061 
962 
901 
862 
834 
810 
786 
767 
747 
731 
723 
705 
696 
691 
692 
695 
690 
687 
682 
676 
669 
663 
659 
659 
668 
674 
671 
673 
673 
670 
669 
669 
674 
677 
680 
685 
687 
685 
684 
681 
675 
673 
675 
676 
683 
689 
694 
693 
687 
679 
676 
672 
670 
672 
675 
678 
688 
693 
692 
696 
698 
696 
693 
690 
688 
688 
688 
689 
699 
703 
703 
705 
703 
696 
694 
691 
689 
688 
690 
692 
722 
718 
721 
722 
726 
724 
719 
714 
713 
708 
707 
709 
696 
683 
682 
680 
677 
678 
677 
666 
659 
655 
677 
799 
1072 
1452 
1911 
2367 
2775 
3148 
3452 
3699 
3860 
3938 
3927 
3826 
3621 
3348 
2968 
2518 
2075 
1697 
1454 
1291 
1173 
1078 
999 
939 
890 
849 
822 
786 
746 
722 
704 
689 
675 
664 
654 
647 
643 
635 
637 
641 
644 
644 
643 
642 
642 
640 
636 
635 
636 
634 
636 
638 
641 
643 
644 
641 
665 
667 
673 
675 
680 
676 
673 
669 
664 
659 
655 
640 
636 
635 
636 
646 
654 
652 
651 
649 
651 
650 
651 
669 
746 
907 
1105 
1312 
1520 
1669 
1751 
1779 
1724 
1602 
1446 
1258 
1095 
987 
921 
872 
911 
869 
833 
803 
779 
761 
746 
738 
729 
712 
700 
694 
695 
690 
684 
677 
669 
667 
665 
665 
667 
666 
668 
671 
675 
679 
680 
678 
677 
675 
675 
675 
676 
677 
675 
676 
679 
681 
680 
682 
635 
635 
640 
642 
648 
650 
651 
647 
644 
643 
639 
620 
613 
610 
614 
616 
617 
620 
618 
616 
614 
613 
617 
623 
654 
730 
850 
1000 
1135 
1233 
1286 
1311 
1279 
1191 
1071 
960 
877 
828 
798 
778 
823 
818 
815 
813 
813 
811 
805 
802 
803 
792 
779 
774 
770 
765 
759 
754 
755 
754 
754 
756 
757 
761 
762 
762 
759 
754 
749 
746 
747 
750 
751 
760 
765 
766 
769 
766 
762 
753 
746 
742 
833 
824 
818 
814 
808 
805 
800 
793 
1430 
1509 
1562 
1593 
1590 
1564 
1488 
1405 
1287 
1172 
1070 
999 
959 
935 
912 
894 
876 
859 
840 
828 
819 
805 
799 
797 
794 
794 
793 
789 
787 
780 
773 
769 
784 
782 
779 
780 
783 
786 
790 
794 
796 
793 
788 
780 
771 
770 
771 
775 
784 
792 
800 
803 
802 
799 
790 
786 
781 
783 
784 
785 
794 
800 
794 
798 
796 
794 
791 
789 
788 
793 
799 
794 
763 
858 
1065 
1346 
1683 
2027 
2338 
2630 
2868 
3057 
3168 
3223 
3209 
3141 
2998 
2793 
2507 
2169 
1832 
1555 
1370 
1250 
1159 
1086 
1031 
988 
953 
926 
902 
878 
846 
824 
807 
794 
780 
775 
771 
763 
759 
757 
650 
647 
644 
645 
651 
657 
666 
693 
753 
842 
950 
1043 
1107 
1140 
1152 
1131 
1073 
991 
916 
859 
823 
805 
794 
783 
772 
759 
755 
746 
739 
737 
738 
744 
733 
723 
720 
715 
711 
706 
699 
695 
711 
710 
707 
707 
708 
712 
712 
707 
744 
886 
1070 
1281 
1484 
1683 
1830 
1916 
1958 
1924 
1821 
1676 
1483 
1292 
1121 
1016 
946 
894 
857 
826 
801 
783 
770 
762 
751 
747 
733 
717 
708 
699 
691 
683 
658 
652 
649 
645 
642 
642 
639 
638 
630 
630 
632 
634 
638 
637 
640 
643 
641 
637 
634 
634 
635 
634 
635 
637 
637 
639 
643 
647 
646 
643 
638 
634 
630 
629 
631 
635 
641 
641 
626 
620 
674 
677 
684 
688 
691 
686 
679 
674 
670 
671 
689 
747 
858 
996 
1143 
1282 
1384 
1443 
1473 
1441 
1357 
1245 
1115 
996 
926 
883 
848 
827 
815 
803 
794 
785 
779 
771 
759 
749 
736 
726 
723 
716 
719 
719 
724 
720 
713 
704 
698 
695 
697 
708 
752 
856 
988 
1139 
1285 
1424 
1524 
1584 
1615 
1592 
1519 
1414 
1281 
1148 
1032 
962 
918 
886 
862 
839 
821 
802 
791 
785 
779 
778 
765 
753 
749 
745 
721 
713 
712 
713 
716 
719 
719 
718 
717 
714 
709 
705 
700 
698 
698 
700 
703 
706 
710 
715 
712 
710 
707 
706 
705 
702 
704 
707 
710 
706 
708 
711 
716 
716 
719 
714 
708 
704 
703 
701 
636 
629 
629 
630 
627 
626 
623 
621 
619 
616 
621 
623 
629 
653 
724 
867 
1043 
1227 
1409 
1537 
1611 
1637 
1596 
1490 
1349 
1180 
1030 
931 
876 
838 
811 
787 
767 
751 
736 
724 
715 
710 
703 
687 
717 
710 
699 
687 
679 
674 
669 
666 
668 
673 
679 
688 
694 
694 
690 
683 
676 
668 
664 
667 
672 
683 
688 
693 
694 
690 
683 
674 
672 
670 
671 
675 
681 
687 
690 
692 
692 
693 
692 
679 
675 
661 
664 
671 
674 
672 
671 
661 
656 
653 
658 
673 
726 
836 
988 
1171 
1331 
1513 
1655 
1776 
1850 
1897 
1897 
1858 
1743 
1614 
1441 
1269 
1112 
1005 
942 
892 
857 
826 
794 
765 
741 
725 
715 
703 
666 
667 
669 
668 
668 
666 
662 
661 
650 
631 
623 
624 
624 
623 
624 
627 
629 
631 
630 
631 
629 
634 
664 
735 
854 
1000 
1132 
1227 
1281 
1307 
1274 
1188 
1070 
965 
884 
835 
811 
791 
771 
757 
779 
762 
748 
738 
731 
725 
717 
704 
688 
681 
678 
677 
676 
675 
676 
678 
677 
676 
674 
673 
673 
671 
672 
672 
673 
675 
673 
672 
668 
667 
666 
666 
669 
670 
673 
674 
676 
678 
672 
673 
695 
697 
699 
696 
696 
695 
695 
698 
695 
697 
697 
700 
704 
703 
702 
700 
698 
696 
694 
692 
693 
696 
698 
698 
703 
706 
707 
710 
710 
711 
710 
709 
708 
706 
707 
708 
708 
709 
711 
712 
656 
654 
651 
646 
641 
643 
644 
645 
648 
649 
651 
652 
637 
630 
627 
624 
620 
619 
620 
620 
626 
630 
634 
639 
645 
677 
748 
864 
1003 
1129 
1218 
1269 
1298 
1274 
1192 
1082 
978 
897 
842 
809 
669 
672 
674 
677 
679 
679 
677 
679 
672 
666 
672 
673 
658 
657 
658 
655 
657 
659 
658 
657 
655 
656 
656 
665 
717 
856 
1036 
1246 
1452 
1654 
1795 
1880 
1922 
1891 
1788 
1644 
1455 
1267 
1098 
991 
966 
906 
866 
835 
809 
788 
770 
758 
746 
734 
719 
706 
696 
691 
687 
685 
684 
687 
687 
688 
689 
688 
685 
684 
680 
683 
682 
682 
682 
684 
684 
686 
687 
684 
683 
684 
680 
682 
681 
685 
714 
714 
712 
710 
703 
702 
703 
704 
707 
711 
711 
716 
717 
719 
718 
719 
715 
714 
714 
716 
715 
718 
717 
723 
724 
724 
724 
722 
717 
717 
714 
713 
712 
713 
713 
721 
724 
727 
729 
728 
866 
830 
799 
771 
754 
741 
734 
730 
723 
719 
709 
697 
693 
688 
684 
678 
677 
675 
673 
675 
672 
674 
676 
673 
674 
672 
671 
670 
668 
668 
666 
667 
668 
669 
671 
670 
671 
670 
673 
677 
676 
675 
677 
682 
687 
688 
688 
687 
690 
692 
684 
679 
664 
665 
667 
666 
664 
662 
657 
653 
653 
659 
674 
720 
818 
952 
1109 
1248 
1394 
1502 
1596 
1661 
1702 
1702 
1675 
1588 
1489 
1344 
1193 
1057 
959 
897 
856 
826 
803 
783 
769 
757 
741 
732 
717 
706 
702 
700 
699 
698 
695 
693 
689 
685 
680 
679 
679 
681 
686 
687 
688 
685 
681 
678 
676 
676 
674 
676 
680 
682 
687 
690 
693 
696 
701 
701 
700 
702 
707 
711 
712 
715 
716 
714 
713 
712 
714 
711 
713 
716 
720 
723 
726 
723 
722 
719 
718 
716 
713 
713 
718 
722 
723 
722 
719 
718 
717 
716 
719 
722 
725 
728 
730 
731 
2051 
1680 
1440 
1282 
1163 
1066 
994 
935 
893 
856 
827 
789 
750 
723 
704 
690 
682 
672 
669 
666 
666 
664 
659 
655 
654 
650 
647 
646 
648 
646 
651 
651 
648 
647 
644 
642 
644 
643 
642 
643 
811 
787 
766 
753 
733 
724 
715 
711 
658 
660 
659 
659 
661 
664 
670 
673 
674 
672 
674 
673 
673 
672 
672 
670 
672 
673 
673 
675 
677 
673 
672 
671 
670 
669 
669 
669 
670 
672 
676 
678 
621 
623 
627 
627 
630 
624 
627 
624 
623 
623 
624 
619 
621 
623 
626 
627 
626 
623 
624 
625 
625 
624 
624 
622 
624 
629 
626 
611 
610 
607 
606 
604 
600 
600 
600 
599 
602 
606 
611 
621 
650 
650 
653 
650 
649 
649 
648 
646 
648 
645 
647 
647 
651 
655 
655 
651 
649 
646 
646 
646 
649 
646 
648 
649 
652 
658 
656 
647 
641 
638 
635 
631 
630 
628 
632 
634 
634 
636 
643 
665 
867 
1055 
1272 
1480 
1679 
1827 
1920 
1974 
1945 
1839 
1691 
1494 
1290 
1110 
999 
928 
879 
841 
813 
795 
778 
760 
749 
736 
725 
705 
687 
675 
672 
672 
675 
674 
672 
668 
668 
665 
664 
665 
666 
662 
947 
1109 
1260 
1425 
1552 
1655 
1720 
1760 
1758 
1725 
1629 
1522 
1371 
1213 
1073 
971 
907 
864 
830 
799 
777 
759 
744 
732 
722 
703 
691 
686 
679 
678 
679 
676 
678 
673 
672 
671 
670 
667 
666 
668 
656 
655 
677 
790 
1048 
1404 
1832 
2251 
2627 
2987 
3288 
3530 
3681 
3756 
3730 
3646 
3460 
3205 
2841 
2413 
1991 
1634 
1404 
1253 
1139 
1053 
987 
930 
883 
843 
813 
778 
737 
712 
696 
683 
677 
674 
669 
664 
617 
618 
616 
619 
625 
634 
671 
749 
872 
1026 
1163 
1260 
1315 
1341 
1313 
1227 
1105 
991 
901 
844 
810 
788 
769 
755 
743 
735 
728 
718 
709 
704 
702 
688 
674 
672 
670 
670 
669 
667 
666 
665 
679 
677 
673 
671 
671 
673 
676 
682 
683 
681 
681 
675 
672 
670 
670 
670 
673 
674 
675 
676 
676 
679 
678 
679 
681 
681 
682 
682 
682 
677 
672 
680 
682 
668 
667 
664 
660 
661 
658 
656 
686 
681 
676 
674 
673 
674 
677 
683 
685 
684 
685 
680 
678 
674 
670 
671 
670 
674 
680 
683 
685 
685 
686 
687 
686 
683 
683 
684 
684 
694 
705 
699 
695 
678 
673 
667 
663 
662 
659 
660 
660 
662 
670 
683 
727 
820 
952 
1110 
1247 
1404 
1521 
1620 
1685 
1723 
1724 
1695 
1601 
1499 
1351 
1203 
1069 
972 
910 
867 
834 
806 
783 
767 
753 
741 
734 
720 
709 
700 
698 
695 
696 
695 
691 
688 
694 
695 
695 
694 
694 
692 
694 
695 
694 
700 
705 
705 
704 
703 
698 
696 
696 
695 
693 
691 
693 
697 
699 
701 
702 
704 
705 
705 
705 
706 
706 
706 
704 
705 
706 
710 
712 
715 
714 
713 
614 
613 
612 
616 
619 
623 
626 
628 
632 
641 
674 
755 
882 
1038 
1181 
1283 
1338 
1363 
1330 
1239 
1112 
993 
900 
838 
801 
778 
761 
750 
738 
732 
725 
722 
717 
715 
711 
698 
683 
676 
671 
668 
652 
655 
652 
655 
656 
659 
663 
669 
718 
721 
722 
719 
717 
713 
710 
708 
709 
710 
712 
721 
730 
731 
731 
728 
724 
719 
718 
718 
718 
725 
730 
731 
734 
731 
731 
728 
724 
722 
719 
720 
719 
723 
725 
721 
726 
710 
693 
687 
677 
674 
674 
673 
673 
668 
670 
690 
783 
991 
1275 
1621 
1976 
2298 
2595 
2827 
3020 
3136 
3201 
3191 
3122 
2975 
2762 
2464 
2117 
1774 
1485 
1298 
1177 
1087 
1017 
962 
674 
673 
671 
669 
671 
669 
652 
647 
650 
650 
648 
646 
646 
646 
646 
646 
649 
651 
660 
688 
755 
855 
978 
1088 
1163 
1203 
1220 
1196 
1129 
1033 
947 
883 
842 
815 
796 
779 
763 
751 
747 
742 
754 
744 
735 
730 
713 
704 
703 
705 
702 
700 
696 
688 
685 
683 
682 
683 
683 
688 
689 
687 
689 
687 
687 
683 
682 
683 
678 
676 
677 
680 
683 
686 
686 
687 
688 
690 
691 
690 
691 
690 
689 
690 
698 
704 
699 
698 
683 
678 
675 
672 
668 
665 
662 
663 
667 
670 
682 
718 
800 
914 
1052 
1172 
1307 
1411 
1500 
1554 
1590 
1589 
1560 
1478 
1390 
1265 
1138 
1023 
943 
893 
858 
826 
799 
775 
1472 
1294 
1167 
1069 
987 
921 
864 
815 
773 
729 
686 
658 
640 
631 
627 
618 
612 
602 
594 
588 
583 
576 
574 
576 
578 
579 
578 
578 
578 
578 
579 
580 
580 
582 
586 
590 
588 
588 
585 
583 
731 
715 
701 
690 
677 
669 
660 
656 
654 
636 
624 
616 
614 
612 
609 
607 
604 
600 
596 
595 
595 
594 
596 
597 
599 
604 
606 
607 
606 
607 
608 
606 
607 
605 
606 
608 
608 
609 
610 
611 
611 
609 
609 
607 
608 
608 
605 
607 
607 
609 
607 
595 
592 
591 
592 
592 
591 
590 
590 
590 
593 
594 
602 
631 
723 
911 
1143 
1392 
1637 
1810 
1913 
1963 
1910 
1767 
1580 
1349 
1140 
1003 
916 
854 
862 
814 
780 
756 
730 
713 
697 
682 
672 
649 
634 
621 
614 
610 
607 
608 
610 
613 
614 
613 
612 
610 
608 
603 
604 
603 
602 
606 
611 
614 
617 
617 
616 
611 
605 
602 
597 
600 
603 
606 
608 
608 
610 
612 
615 
618 
619 
624 
631 
625 
619 
604 
607 
605 
605 
605 
603 
600 
599 
598 
603 
618 
672 
790 
959 
1164 
1356 
1559 
1705 
1825 
1904 
1958 
1963 
1923 
1806 
1674 
1486 
1290 
1111 
983 
690 
689 
690 
688 
685 
681 
681 
685 
686 
693 
698 
704 
711 
713 
709 
706 
701 
701 
702 
703 
704 
706 
711 
717 
717 
714 
710 
706 
702 
699 
698 
699 
697 
700 
709 
707 
713 
718 
721 
726 
854 
833 
813 
796 
784 
769 
759 
749 
738 
732 
722 
711 
706 
707 
710 
710 
705 
696 
687 
683 
677 
674 
673 
678 
683 
690 
698 
700 
696 
699 
696 
691 
685 
683 
683 
684 
689 
696 
702 
703 
904 
865 
834 
808 
784 
765 
756 
750 
677 
670 
666 
660 
652 
648 
645 
645 
652 
658 
660 
660 
661 
656 
650 
651 
652 
660 
665 
670 
669 
669 
665 
654 
650 
653 
654 
663 
668 
668 
669 
662 
657 
652 
645 
642 
648 
656 
643 
647 
647 
645 
647 
642 
641 
639 
638 
637 
642 
656 
722 
878 
1081 
1314 
1539 
1751 
1908 
2010 
2064 
2029 
1914 
1753 
1537 
1317 
1127 
1011 
938 
890 
852 
822 
793 
770 
623 
621 
619 
617 
616 
610 
589 
585 
587 
587 
587 
588 