-15376 
0 
262180 
32761 
-221139120 
14 
0 
0 
-2145979060 
1 
-221249536 
32761 
-217987728 
32761 
-221160800 
32761 
-14704 
0 
-1261535794 
12409 
-220316912 
32761 
0 
0 
-15248 
0 
0 
0 
0 
0 
-13424 
0 
-2143963392 
1 
-15376 
0 
-15680 
0 
262180 
0 
-15120 
0 
257 
32 
68 
5 
99180 
8 
0 
2 
5505102 
4259872 
5505109 
5177416 
4784210 
5832788 
0 
0 
0 
0 
0 
0 
0 
0 
0 
0 
-15592 
0 
568 
384 
0 
0 
1 
0 
0 
0 
0 
0 
0 
0 
0 
0 
0 
0 
7393424 
0 
0 
0 
0 
0 
0 
0 
0 
0 
0 
0 
-15248 
0 
-218005248 
32761 
0 
0 
0 
0 
0 
0 
0 
0 
-13816 
0 
0 
0 
1 
0 
0 
0 
2555904 
0 
0 
0 
0 
0 
758197587 
875965749 
3552045 
842151223 
3748149 
859321645 
825046070 
875968568 
909521453 
842151729 
758329394 
926496049 
959526965 
908931888 
943141173 
909193778 
825766445 
925972789 
758330932 
909324856 
959788085 
808594739 
859189817 
926233907 
943206701 
859189557 
3748920 
0 
0 
0 
0 
0 
-15344 
0 
7365112 
0 
7365088 
0 
7365156 
0 
0 
0 
60 
0 
0 
0 
1 
0 
0 
0 
0 
0 
0 
0 
0 
0 
0 
0 
0 
0 
0 
0 
-218338320 
32761 
7077955 
7667823 
2097252 
6488129 
7274595 
7209077 
2097268 
7667777 
6815860 
7209061 
6881396 
6357091 
6881396 
7209071 
0 
0 
448 
2 
0 
0 
0 
0 
0 
0 
0 
0 
0 
0 
0 
0 
0 
0 
-13248 
0 
-2147071248 
1 
0 
0 
-27048 
0 
0 
0 
0 
0 
-13816 
0 
0 
0 
0 
0 
0 
0 
0 
0 
0 
0 
-14704 
0 
0 
0 
0 
0 
0 
0 
0 
0 
0 
0 
7401504 
0 
378 
0 
-1261535506 
12409 
-14824 
0 
0 
0 
-13816 
0 
0 
0 
0 
0 
-218005112 
32761 
0 
0 
-218003552 
32761 
-220317616 
32761 
-218003552 
32761 
0 
0 
0 
0 
-218005112 
32761 
-14704 
0 
-13816 
0 
1903232307 
0 
-199358544 
32761 
-217921614 
32761 
-217987760 
32761 
2 
0 
-217987728 
32761 
-13816 
0 
512 
0 
-1000604270 
31135 
-217921620 
32761 
0 
0 
-2146619762 
1 
-14544 
0 
-2146506771 
1 
7402320 
0 
-199531375 
32761 
0 
0 
0 
0 
7401504 
0 
372 
0 
67 
32761 
455 
0 
48 
7667823 
0 
0 
0 
0 
0 
0 
0 
0 
0 
0 
0 
0 
0 
0 
303840 
8 
-2145116848 
1 
0 
0 
-2146619218 
1 
1 
0 
-13696 
0 
1 
0 
-2147198918 
1 
-14096 
0 
7401504 
0 
11 
0 
-2145615163 
1 
455 
0 
11 
0 
0 
0 
11 
0 
-14032 
0 
-2143942512 
1 
-2143944440 
1 
-2145190791 
1 
16 
8 
-2147202347 
1 
528 
0 
17 
8 
0 
0 
-2147199789 
1 
-2143942648 
1 
0 
0 
-2144872137 
1 
-14032 
0 
17 
8 
-2144821912 
1 
-2143942632 
1 
-2143944456 
1 
17 
8 
-2144821912 
1 
16 
8 
-2147202551 
1 
7 
0 
-14032 
0 
-2144872137 
1 
-2146473625 
1 
-14032 
0 
-2146470715 
1 
2240 
0 
-2145684739 
1 
-13504 
0 
0 
0 
-13504 
0 
-2146506395 
1 
-13216 
0 
-2144537984 
1 
-13424 
0 
0 
0 
-13744 
0 
-13752 
0 
-2145128704 
1 
-2146502650 
1 
0 
0 
-2145166944 
1 
0 
0 
0 
0 
7401520 
0 
-2145933643 
1 
64 
0 
2555 
2939 
3271 
3535 
3731 
3864 
3938 
3950 
3932 
3821 
3622 
3340 
3020 
2638 
2203 
1759 
1317 
992 
782 
634 
512 
418 
343 
285 
229 
180 
148 
134 
117 
102 
85 
78 
142 
149 
154 
155 
157 
214 
463 
930 
1523 
2162 
2833 
3457 
3959 
4025 
4025 
4025 
4026 
4026 
4027 
4027 
3912 
3430 
2862 
2225 
1635 
1234 
983 
811 
680 
569 
479 
407 
347 
299 
250 
204 
179 
163 
151 
141 
85 
79 
75 
72 
70 
70 
70 
71 
70 
69 
70 
72 
73 
74 
75 
78 
81 
78 
76 
75 
74 
76 
75 
76 
82 
87 
91 
85 
84 
81 
79 
79 
84 
89 
90 
85 
77 
76 
74 
74 
118 
127 
131 
129 
129 
125 
126 
128 
130 
135 
143 
148 
151 
150 
149 
145 
142 
138 
141 
146 
150 
155 
160 
163 
167 
169 
172 
172 
173 
176 
178 
181 
180 
181 
186 
185 
190 
194 
196 
200 
200 
198 
201 
199 
207 
305 
581 
1006 
1514 
2039 
2554 
3035 
3448 
3774 
3969 
4014 
4025 
4024 
4002 
3938 
3666 
3275 
2804 
2267 
1731 
1323 
1066 
892 
767 
665 
584 
516 
461 
412 
364 
307 
272 
248 
232 
223 
104 
107 
115 
123 
132 
186 
420 
897 
1498 
2129 
2760 
3388 
3947 
4025 
4025 
4025 
4026 
4026 
4027 
4027 
4026 
4026 
3875 
3430 
2855 
2208 
1627 
1201 
947 
768 
630 
523 
439 
369 
305 
243 
191 
155 
127 
107 
363 
313 
281 
256 
241 
230 
223 
212 
204 
199 
192 
189 
187 
189 
194 
200 
195 
188 
180 
178 
182 
186 
186 
191 
195 
203 
212 
213 
210 
209 
206 
208 
206 
210 
215 
221 
229 
228 
228 
228 
239 
215 
196 
188 
186 
183 
182 
179 
186 
194 
211 
307 
579 
999 
1492 
2012 
2527 
3019 
3444 
3771 
3969 
4012 
4025 
4023 
4000 
3932 
3637 
3245 
2776 
2240 
1712 
1309 
1062 
895 
768 
662 
574 
501 
444 
396 
349 
297 
269 
253 
241 
231 
220 
208 
193 
183 
176 
169 
170 
170 
171 
174 
173 
176 
179 
180 
185 
185 
186 
187 
185 
187 
183 
186 
188 
192 
197 
199 
200 
197 
195 
192 
191 
190 
190 
191 
449 
398 
347 
298 
263 
238 
215 
195 
180 
168 
160 
155 
155 
155 
155 
158 
162 
161 
159 
156 
154 
155 
158 
162 
165 
168 
168 
168 
169 
170 
172 
173 
173 
173 
173 
172 
173 
176 
178 
182 
338 
279 
223 
179 
151 
132 
114 
98 
84 
78 
75 
73 
73 
73 
73 
73 
72 
73 
74 
74 
74 
75 
75 
75 
74 
75 
74 
73 
73 
74 
76 
76 
79 
83 
90 
93 
88 
83 
82 
80 
454 
407 
361 
314 
288 
270 
260 
253 
245 
232 
221 
213 
208 
204 
201 
201 
206 
208 
210 
213 
212 
210 
205 
201 
199 
201 
205 
208 
209 
214 
216 
219 
219 
222 
229 
234 
234 
234 
230 
230 
103 
115 
110 
99 
84 
81 
80 
82 
391 
335 
285 
258 
238 
219 
202 
185 
172 
165 
161 
164 
168 
171 
167 
162 
157 
154 
153 
152 
153 
157 
166 
173 
173 
174 
174 
171 
167 
165 
165 
166 
169 
171 
175 
179 
181 
180 
181 
183 
188 
193 
189 
175 
171 
170 
170 
171 
167 
169 
174 
180 
242 
490 
947 
1524 
2138 
2779 
3383 
3918 
4025 
4025 
4027 
4025 
4026 
4026 
4027 
3893 
3414 
2852 
2223 
1642 
1636 
1220 
976 
800 
664 
552 
458 
382 
322 
264 
211 
181 
156 
139 
123 
110 
102 
92 
85 
84 
82 
83 
83 
83 
81 
81 
82 
81 
83 
84 
84 
84 
82 
81 
81 
82 
82 
84 
85 
88 
1727 
1309 
998 
790 
644 
531 
438 
365 
308 
249 
199 
166 
146 
128 
114 
103 
93 
84 
81 
81 
81 
80 
79 
79 
79 
78 
79 
80 
81 
82 
82 
82 
82 
80 
80 
80 
82 
84 
88 
90 
89 
89 
92 
94 
94 
99 
104 
108 
110 
110 
111 
112 
111 
115 
115 
119 
125 
127 
127 
124 
122 
122 
122 
124 
126 
129 
138 
145 
148 
148 
147 
147 
148 
148 
151 
155 
161 
167 
165 
163 
877 
750 
649 
568 
501 
448 
405 
359 
307 
275 
255 
240 
231 
221 
210 
202 
192 
188 
186 
184 
185 
187 
191 
189 
186 
184 
182 
183 
181 
183 
187 
190 
194 
194 
196 
198 
200 
201 
203 
208 
166 
172 
182 
184 
184 
184 
184 
178 
167 
151 
148 
154 
159 
159 
158 
158 
157 
159 
221 
475 
946 
1539 
2174 
2840 
3444 
3947 
4026 
4026 
4025 
4027 
4027 
4027 
4027 
3919 
3443 
2878 
2238 
1639 
1237 
985 
813 
689 
588 
503 
434 
377 
330 
278 
233 
200 
182 
174 
162 
154 
146 
139 
134 
128 
123 
120 
122 
120 
118 
116 
114 
114 
115 
115 
118 
123 
129 
136 
139 
138 
138 
136 
136 
136 
137 
143 
82 
85 
90 
91 
90 
96 
100 
96 
87 
79 
79 
80 
82 
82 
82 
84 
123 
259 
522 
891 
1305 
1721 
2122 
2517 
2886 
3205 
3471 
3663 
3791 
3878 
3903 
3860 
3747 
3553 
3286 
2969 
2594 
2174 
1744 
1314 
157 
157 
159 
159 
163 
167 
171 
169 
171 
172 
176 
176 
179 
180 
182 
181 
182 
181 
182 
181 
181 
185 
187 
195 
204 
208 
208 
206 
207 
206 
203 
203 
209 
216 
221 
220 
218 
220 
223 
221 
222 
223 
224 
225 
226 
227 
229 
230 
215 
202 
199 
200 
195 
190 
182 
180 
179 
191 
295 
575 
1003 
1512 
2034 
2537 
3004 
3425 
3763 
3969 
4012 
4027 
4020 
3997 
3931 
3658 
3269 
2795 
2259 
1728 
1320 
1063 
174 
176 
182 
185 
189 
189 
190 
189 
180 
164 
163 
163 
167 
168 
169 
171 
173 
174 
233 
480 
936 
1515 
2140 
2793 
3399 
3928 
4024 
4026 
4026 
4026 
4026 
4027 
4026 
3897 
3422 
2858 
2222 
1637 
1244 
998 
831 
705 
601 
511 
437 
375 
323 
271 
136 
138 
139 
141 
140 
142 
143 
143 
143 
143 
145 
147 
152 
155 
160 
163 
168 
175 
174 
175 
174 
172 
172 
174 
178 
183 
187 
189 
190 
191 
190 
188 
183 
182 
181 
180 
178 
177 
180 
185 
190 
195 
201 
206 
208 
208 
206 
203 
201 
201 
207 
212 
219 
221 
222 
224 
224 
224 
221 
218 
220 
225 
228 
228 
229 
229 
233 
237 
239 
241 
243 
249 
245 
243 
243 
245 
245 
247 
250 
253 
258 
264 
271 
269 
271 
247 
230 
224 
219 
219 
215 
213 
218 
215 
225 
322 
589 
999 
1482 
1985 
2476 
2934 
3331 
3643 
3907 
3981 
4004 
3998 
3971 
3857 
3577 
3208 
3620 
3127 
2563 
1971 
1468 
1153 
952 
811 
696 
604 
528 
463 
407 
349 
294 
259 
237 
227 
219 
209 
196 
185 
173 
165 
159 
159 
160 
163 
165 
161 
160 
154 
154 
154 
156 
165 
176 
180 
181 
174 
169 
165 
167 
168 
173 
180 
185 
190 
189 
188 
185 
178 
174 
176 
172 
168 
167 
165 
163 
164 
166 
170 
174 
177 
234 
470 
904 
1457 
2057 
2677 
3262 
3776 
4015 
4024 
4025 
4026 
4027 
4027 
4003 
3798 
247 
247 
247 
251 
249 
253 
254 
262 
271 
272 
273 
270 
268 
267 
247 
231 
224 
226 
226 
228 
225 
222 
218 
225 
320 
584 
987 
1472 
1980 
2478 
2941 
3334 
3652 
3920 
3984 
4007 
4002 
3975 
3863 
3584 
95 
92 
93 
95 
97 
110 
118 
120 
119 
113 
110 
113 
115 
115 
115 
110 
105 
99 
93 
89 
90 
96 
142 
287 
553 
914 
1314 
1711 
2092 
2485 
2863 
3183 
3444 
3629 
3745 
3833 
3866 
3828 
3712 
3519 
2837 
2206 
1627 
1234 
988 
819 
689 
587 
498 
428 
371 
323 
273 
231 
205 
188 
172 
159 
147 
139 
132 
122 
116 
113 
113 
117 
117 
117 
118 
120 
123 
123 
126 
126 
130 
135 
133 
131 
130 
132 
134 
136 
136 
139 
140 
148 
155 
152 
143 
140 
128 
123 
134 
131 
127 
133 
137 
139 
135 
133 
131 
134 
183 
412 
886 
1492 
2134 
2767 
3375 
3927 
4025 
4024 
4024 
4026 
4026 
4025 
4027 
4027 
4028 
3889 
224 
224 
229 
231 
236 
242 
243 
248 
247 
245 
241 
236 
239 
227 
214 
211 
216 
216 
216 
208 
205 
202 
235 
408 
805 
1315 
1902 
2521 
3069 
3569 
3971 
4024 
4024 
4025 
4025 
4025 
4027 
4027 
3973 
3692 
179 
177 
174 
169 
165 
167 
171 
176 
188 
195 
194 
194 
191 
175 
156 
148 
145 
148 
157 
162 
164 
168 
172 
232 
477 
932 
1508 
2127 
2779 
3380 
3912 
4025 
4026 
4025 
4025 
4026 
4027 
4026 
3887 
3400 
3415 
2831 
2190 
1616 
1200 
957 
788 
654 
546 
456 
379 
318 
255 
200 
165 
142 
128 
116 
105 
95 
86 
81 
78 
75 
76 
77 
77 
77 
76 
75 
75 
76 
76 
78 
79 
83 
87 
89 
86 
84 
150 
150 
150 
147 
147 
150 
155 
163 
83 
84 
83 
84 
91 
99 
108 
118 
117 
112 
107 
100 
96 
100 
108 
124 
129 
130 
118 
111 
107 
105 
96 
88 
88 
128 
266 
517 
861 
1246 
1634 
2011 
2391 
2745 
3052 
3297 
3471 
3579 
3655 
3685 
3657 
3556 
3370 
3115 
2817 
2464 
2072 
1674 
1281 
983 
779 
626 
514 
428 
362 
313 
269 
241 
219 
187 
163 
143 
126 
116 
107 
103 
105 
108 
107 
107 
106 
104 
190 
191 
192 
184 
182 
181 
182 
187 
192 
191 
202 
211 
219 
223 
222 
218 
210 
204 
190 
195 
194 
198 
205 
211 
221 
227 
240 
246 
251 
253 
250 
247 
242 
240 
240 
239 
247 
254 
260 
268 
259 
259 
261 
265 
271 
282 
284 
290 
294 
292 
287 
283 
277 
273 
274 
273 
275 
286 
288 
279 
271 
267 
269 
267 
258 
247 
240 
236 
247 
342 
600 
985 
1440 
1925 
2379 
2767 
3145 
3457 
3715 
3878 
275 
277 
278 
283 
290 
288 
294 
295 
289 
286 
281 
278 
276 
281 
284 
292 
304 
312 
321 
306 
279 
264 
255 
248 
250 
253 
264 
272 
310 
477 
842 
1308 
1839 
2407 
2922 
3392 
3824 
4006 
4025 
4025 
4026 
4025 
4026 
4015 
3933 
3580 
3097 
2552 
1985 
1498 
1187 
991 
853 
747 
659 
586 
519 
465 
406 
346 
307 
283 
269 
264 
258 
252 
246 
241 
235 
226 
220 
213 
217 
222 
219 
218 
218 
219 
223 
223 
221 
227 
233 
230 
221 
214 
212 
211 
215 
217 
222 
234 
248 
256 
250 
245 
234 
227 
224 
217 
208 
211 
219 
229 
229 
228 
222 
215 
210 
259 
482 
899 
1430 
2008 
2616 
3178 
3661 
3977 
4025 
4026 
218 
222 
226 
234 
238 
239 
239 
233 
228 
224 
222 
219 
222 
227 
236 
245 
256 
262 
267 
267 
263 
262 
258 
256 
252 
254 
255 
262 
270 
278 
281 
286 
288 
294 
292 
290 
286 
284 
283 
281 
347 
347 
346 
342 
338 
333 
331 
335 
336 
339 
346 
352 
359 
358 
355 
351 
351 
333 
312 
305 
303 
302 
308 
310 
323 
327 
357 
511 
852 
1295 
1801 
2340 
2835 
3291 
3711 
3971 
4024 
4025 
4025 
4027 
207 
212 
214 
210 
206 
202 
202 
204 
211 
219 
214 
217 
222 
226 
232 
234 
235 
239 
239 
239 
237 
239 
242 
243 
247 
248 
253 
259 
266 
270 
267 
260 
255 
252 
253 
249 
253 
263 
273 
285 
3770 
3607 
3354 
3019 
2603 
2135 
1666 
1309 
1086 
931 
828 
741 
664 
604 
557 
518 
478 
432 
404 
387 
373 
359 
346 
335 
327 
323 
320 
320 
320 
322 
326 
332 
335 
330 
326 
324 
319 
319 
319 
323 
4003 
3922 
3587 
3143 
2637 
2088 
1586 
1240 
1028 
878 
754 
650 
563 
495 
440 
397 
355 
322 
306 
294 
283 
270 
259 
247 
237 
227 
220 
215 
218 
222 
226 
224 
227 
227 
224 
219 
211 
207 
211 
217 
168 
174 
180 
190 
194 
196 
198 
193 
191 
187 
187 
185 
185 
183 
183 
186 
190 
195 
204 
215 
222 
222 
223 
221 
215 
214 
215 
210 
215 
224 
232 
239 
246 
245 
235 
231 
242 
250 
245 
239 
238 
238 
240 
242 
246 
253 
259 
267 
273 
275 
270 
270 
269 
269 
269 
268 
270 
275 
283 
293 
290 
292 
291 
288 
286 
281 
281 
284 
287 
290 
292 
299 
306 
311 
313 
312 
311 
310 
307 
305 
1704 
1326 
1088 
928 
810 
715 
641 
577 
524 
476 
426 
374 
343 
324 
307 
295 
285 
276 
274 
272 
274 
277 
278 
278 
271 
266 
263 
257 
258 
263 
271 
277 
284 
289 
288 
286 
278 
268 
264 
265 
289 
287 
282 
272 
269 
265 
273 
287 
296 
302 
304 
307 
313 
316 
311 
282 
261 
258 
260 
263 
261 
257 
259 
261 
271 
365 
622 
1004 
1462 
1939 
2402 
2843 
3235 
3547 
3804 
3946 
3974 
3970 
3946 
3792 
3515 
3148 
2698 
2198 
1702 
1317 
1079 
923 
815 
725 
650 
584 
531 
482 
432 
376 
346 
328 
319 
308 
301 
295 
293 
291 
287 
281 
274 
270 
273 
269 
268 
269 
270 
275 
276 
282 
289 
292 
290 
282 
3753 
3290 
2746 
2148 
1596 
1222 
983 
823 
702 
606 
529 
467 
418 
368 
324 
282 
249 
226 
214 
203 
193 
184 
178 
174 
170 
168 
168 
171 
173 
167 
162 
155 
153 
152 
152 
155 
159 
169 
176 
180 
181 
178 
175 
171 
170 
168 
171 
178 
186 
191 
198 
198 
193 
184 
186 
177 
158 
153 
151 
156 
159 
159 
164 
171 
219 
433 
857 
1396 
1969 
2533 
3087 
3597 
3975 
4024 
4025 
4024 
4025 
4025 
4027 
4027 
137 
133 
130 
129 
127 
129 
131 
131 
137 
146 
159 
171 
178 
175 
161 
143 
122 
114 
113 
119 
123 
134 
149 
190 
317 
552 
884 
1259 
1635 
2004 
2371 
2705 
2999 
3233 
3413 
3541 
3630 
3660 
3624 
3511 
3329 
3081 
2790 
2444 
2052 
1655 
1264 
976 
790 
655 
555 
479 
418 
371 
316 
266 
231 
204 
189 
175 
165 
156 
149 
148 
145 
142 
139 
136 
138 
136 
131 
126 
123 
120 
127 
137 
141 
147 
152 
157 
2680 
2192 
1708 
1338 
1100 
934 
810 
710 
631 
566 
516 
479 
439 
397 
372 
355 
338 
323 
311 
294 
279 
268 
262 
261 
260 
265 
274 
280 
287 
287 
287 
286 
279 
274 
273 
273 
279 
286 
294 
298 
232 
225 
219 
215 
217 
223 
232 
242 
245 
249 
250 
251 
254 
243 
224 
218 
213 
214 
212 
215 
220 
228 
238 
295 
516 
924 
1439 
1997 
2584 
3145 
3642 
3974 
4026 
4025 
4026 
4025 
4027 
3983 
3728 
3267 
167 
170 
174 
182 
194 
202 
205 
203 
199 
193 
181 
173 
178 
176 
169 
174 
176 
181 
184 
181 
176 
174 
213 
420 
837 
1372 
1940 
2494 
3040 
3557 
3962 
4024 
4024 
4025 
4025 
4026 
4027 
4027 
3972 
3675 
3224 
2681 
2095 
1568 
1196 
981 
821 
690 
238 
248 
256 
255 
245 
237 
230 
221 
212 
222 
222 
220 
226 
228 
230 
228 
223 
221 
220 
259 
466 
877 
1405 
1959 
2503 
3049 
3554 
3955 
4024 
4028 
4025 
4025 
198 
207 
220 
227 
236 
233 
230 
224 
219 
218 
221 
220 
226 
234 
243 
253 
254 
254 
248 
244 
241 
239 
240 
243 
245 
247 
251 
249 
254 
260 
265 
274 
278 
283 
282 
278 
274 
271 
268 
271 
278 
281 
282 
285 
290 
291 
292 
286 
282 
283 
283 
278 
279 
282 
289 
297 
307 
311 
315 
313 
306 
281 
261 
252 
258 
250 
246 
246 
253 
255 
268 
355 
590 
952 
1387 
1843 
2288 
2695 
3058 
3348 
272 
275 
280 
285 
284 
290 
291 
288 
283 
274 
276 
281 
282 
283 
285 
302 
315 
319 
314 
308 
307 
288 
266 
257 
260 
264 
272 
274 
284 
282 
315 
469 
819 
1257 
1766 
2308 
2804 
3269 
3695 
3966 
248 
244 
241 
237 
231 
229 
233 
237 
233 
240 
247 
254 
258 
261 
266 
268 
266 
260 
248 
242 
249 
245 
234 
233 
239 
249 
250 
243 
238 
233 
269 
463 
862 
1371 
1917 
2458 
2989 
3474 
3899 
4023 
164 
159 
156 
152 
159 
199 
323 
559 
884 
1245 
1611 
1962 
2303 
2612 
2894 
3127 
3306 
3425 
3495 
3516 
3482 
3389 
3221 
2986 
2707 
2377 
1998 
1616 
1235 
953 
776 
658 
568 
493 
433 
381 
327 
282 
246 
220 
304 
301 
298 
288 
288 
285 
289 
294 
301 
309 
313 
319 
324 
321 
318 
314 
314 
315 
319 
323 
323 
327 
307 
291 
287 
278 
280 
279 
270 
264 
258 
265 
353 
590 
953 
1379 
1823 
2251 
2655 
3007 
3085 
3255 
3364 
3433 
3447 
3410 
3313 
3153 
2928 
2663 
2347 
1988 
1618 
1254 
978 
802 
679 
582 
507 
441 
390 
341 
296 
268 
252 
242 
232 
214 
199 
186 
174 
168 
160 
159 
166 
175 
181 
181 
181 
180 
179 
174 
171 
170 
176 
186 
192 
193 
194 
191 
191 
192 
191 
192 
194 
200 
203 
200 
199 
197 
197 
199 
205 
212 
222 
229 
228 
224 
220 
218 
219 
212 
213 
219 
229 
239 
245 
247 
246 
246 
4024 
4024 
4024 
3975 
3809 
3459 
2995 
2484 
1946 
1481 
1188 
994 
860 
754 
669 
599 
544 
498 
448 
399 
368 
346 
328 
311 
299 
288 
283 
279 
275 
270 
275 
277 
280 
276 
275 
268 
262 
261 
259 
257 
4025 
4020 
3986 
3873 
3548 
3123 
2634 
2093 
1597 
1257 
1040 
885 
768 
677 
605 
550 
501 
463 
419 
376 
344 
320 
302 
292 
288 
282 
278 
274 
273 
278 
275 
276 
274 
269 
267 
262 
260 
259 
265 
272 
3356 
3383 
3355 
3261 
3100 
2881 
2622 
2309 
1956 
1597 
1237 
969 
791 
670 
576 
504 
445 
398 
353 
313 
286 
265 
249 
240 
229 
214 
202 
195 
191 
189 
187 
187 
194 
201 
204 
200 
197 
190 
183 
178 
3291 
3517 
3655 
3736 
3731 
3669 
3513 
3261 
2056 
2035 
1984 
1898 
1779 
1642 
1475 
1292 
1127 
1000 
926 
873 
830 
799 
778 
760 
742 
719 
697 
681 
672 
669 
665 
657 
646 
642 
639 
639 
642 
636 
640 
644 
630 
625 
623 
623 
623 
624 
625 
628 
630 
633 
635 
635 
633 
630 
629 
627 
629 
632 
632 
630 
633 
634 
636 
635 
632 
630 
628 
629 
631 
631 
631 
633 
634 
639 
642 
643 
644 
641 
637 
635 
651 
649 
648 
649 
650 
651 
654 
656 
658 
659 
659 
659 
655 
651 
648 
646 
644 
646 
650 
656 
661 
665 
666 
665 
657 
651 
649 
629 
608 
603 
604 
603 
615 
620 
626 
622 
628 
680 
797 
929 
650 
649 
652 
655 
658 
660 
661 
660 
658 
654 
650 
650 
648 
650 
651 
652 
654 
655 
658 
658 
659 
656 
655 
653 
652 
652 
649 
648 
653 
639 
625 
620 
616 
610 
607 
603 
605 
602 
615 
674 
632 
639 
644 
640 
646 
646 
641 
635 
627 
625 
624 
623 
625 
630 
642 
652 
655 
656 
651 
644 
642 
637 
634 
634 
640 
647 
645 
641 
649 
645 
630 
620 
613 
610 
608 
608 
615 
621 
629 
697 
819 
978 
1150 
1320 
1487 
1642 
1777 
1884 
1965 
2013 
2051 
2062 
2044 
1994 
1907 
1786 
1644 
1473 
1283 
1115 
991 
921 
858 
824 
797 
773 
756 
746 
725 
698 
683 
673 
665 
661 
657 
651 
645 
642 
638 
639 
949 
1121 
1295 
1454 
1608 
1745 
1867 
1971 
2053 
2109 
2152 
2168 
2149 
2102 
2030 
1934 
1817 
1674 
1506 
1332 
1155 
1024 
939 
881 
838 
807 
779 
762 
736 
710 
690 
672 
660 
652 
646 
643 
641 
639 
640 
636 
642 
637 
628 
625 
625 
625 
627 
629 
635 
638 
642 
642 
639 
631 
624 
622 
624 
629 
635 
636 
636 
640 
641 
641 
640 
636 
632 
631 
633 
638 
640 
641 
644 
645 
646 
645 
642 
639 
634 
636 
640 
641 
643 
642 
643 
643 
643 
645 
647 
647 
647 
649 
649 
644 
642 
637 
638 
641 
643 
648 
653 
654 
653 
654 
653 
650 
648 
647 
644 
644 
644 
644 
648 
656 
656 
660 
660 
656 
649 
648 
691 
812 
969 
1139 
1309 
1482 
1633 
1765 
1876 
1968 
2030 
2071 
2079 
2047 
1978 
1879 
1759 
1620 
1453 
1274 
1113 
1001 
938 
891 
849 
808 
775 
751 
732 
703 
679 
670 
667 
662 
662 
661 
661 
657 
651 
642 
634 
713 
842 
1000 
1171 
1355 
1528 
1679 
1804 
1902 
1967 
2011 
2019 
1985 
1909 
1792 
1639 
1465 
1280 
1108 
989 
913 
862 
823 
791 
763 
747 
731 
716 
698 
682 
668 
657 
647 
642 
639 
636 
632 
631 
632 
701 
831 
991 
1157 
1313 
1477 
1628 
1762 
1874 
1960 
2013 
2052 
2064 
2041 
1990 
1901 
1780 
1636 
1465 
1279 
1116 
996 
921 
868 
821 
788 
772 
759 
744 
722 
695 
683 
673 
659 
650 
645 
638 
636 
638 
638 
639 
642 
646 
648 
649 
649 
642 
636 
647 
645 
648 
653 
657 
660 
665 
667 
667 
662 
656 
653 
653 
652 
653 
655 
659 
655 
662 
670 
672 
672 
669 
665 
665 
664 
656 
642 
635 
633 
634 
637 
602 
603 
606 
608 
610 
607 
603 
601 
595 
589 
582 
578 
578 
584 
589 
593 
600 
606 
611 
610 
607 
600 
595 
593 
592 
595 
598 
602 
606 
609 
610 
609 
607 
608 
607 
603 
595 
592 
594 
597 
685 
678 
675 
674 
674 
672 
669 
665 
660 
656 
653 
652 
653 
656 
661 
666 
667 
672 
672 
669 
666 
663 
660 
658 
659 
660 
663 
669 
672 
674 
675 
674 
673 
670 
659 
652 
657 
652 
638 
637 
623 
615 
609 
603 
601 
603 
606 
609 
611 
607 
599 
593 
588 
583 
583 
585 
589 
597 
605 
606 
606 
607 
604 
601 
596 
591 
589 
589 
592 
597 
603 
612 
615 
615 
613 
608 
603 
599 
596 
598 
633 
630 
630 
631 
631 
633 
633 
636 
640 
645 
647 
646 
640 
637 
635 
635 
634 
634 
636 
639 
646 
653 
656 
655 
649 
640 
633 
630 
630 
631 
638 
645 
650 
656 
658 
659 
650 
641 
637 
615 
649 
648 
648 
647 
640 
633 
629 
629 
633 
657 
735 
864 
1016 
1187 
1376 
1563 
1728 
1861 
1962 
2020 
2054 
2053 
2013 
1933 
1817 
1665 
1496 
1311 
1141 
1029 
956 
905 
863 
825 
794 
773 
758 
743 
721 
704 
691 
684 
683 
676 
677 
676 
673 
668 
665 
663 
658 
658 
657 
659 
659 
664 
668 
669 
669 
668 
663 
662 
659 
660 
661 
662 
664 
668 
670 
671 
667 
668 
666 
665 
664 
667 
663 
659 
669 
663 
606 
600 
601 
608 
607 
607 
609 
626 
679 
782 
927 
1093 
1261 
1421 
1579 
1721 
1851 
1959 
2046 
2107 
2150 
2167 
2149 
2093 
2010 
1901 
1777 
1629 
1462 
1296 
1127 
1006 
927 
870 
826 
786 
750 
721 
687 
657 
646 
646 
643 
638 
634 
631 
630 
627 
628 
631 
636 
640 
645 
645 
643 
641 
639 
636 
632 
632 
632 
633 
638 
642 
644 
646 
647 
647 
646 
643 
643 
640 
636 
635 
639 
641 
645 
647 
651 
653 
754 
736 
712 
682 
669 
661 
662 
662 
662 
660 
657 
655 
649 
642 
635 
633 
635 
635 
640 
643 
645 
647 
647 
644 
648 
651 
648 
646 
643 
642 
643 
645 
647 
648 
652 
656 
660 
659 
657 
652 
758 
744 
721 
703 
693 
687 
681 
676 
673 
672 
671 
669 
668 
667 
662 
656 
653 
649 
651 
652 
656 
663 
671 
678 
681 
673 
666 
660 
653 
649 
651 
654 
660 
672 
681 
686 
685 
681 
676 
667 
629 
635 
639 
641 
643 
644 
644 
644 
641 
637 
635 
637 
636 
635 
635 
637 
637 
640 
643 
645 
647 
647 
647 
647 
645 
642 
640 
638 
635 
634 
637 
645 
654 
657 
658 
655 
649 
643 
639 
632 
639 
646 
654 
642 
631 
626 
624 
614 
609 
604 
598 
593 
592 
596 
603 
624 
707 
839 
1005 
1185 
1372 
1540 
1688 
1813 
1903 
1966 
2012 
2021 
1987 
1909 
1792 
1644 
1477 
1284 
1115 
997 
918 
863 
821 
786 
822 
803 
787 
777 
767 
746 
711 
691 
678 
668 
660 
658 
656 
656 
656 
656 
658 
659 
659 
656 
648 
647 
641 
640 
641 
640 
642 
645 
651 
657 
660 
661 
656 
649 
643 
638 
637 
636 
638 
642 
635 
635 
632 
626 
620 
615 
605 
592 
581 
584 
592 
594 
599 
608 
612 
607 
621 
695 
820 
970 
1143 
1328 
1508 
1673 
1810 
1909 
1980 
2022 
2018 
1980 
1901 
1780 
1624 
1449 
1257 
1087 
979 
905 
856 
817 
841 
806 
777 
751 
728 
700 
675 
663 
656 
655 
654 
655 
654 
646 
644 
642 
635 
628 
624 
623 
622 
626 
633 
639 
644 
648 
651 
651 
645 
642 
640 
637 
631 
631 
633 
636 
643 
641 
650 
661 
640 
630 
627 
625 
627 
623 
624 
641 
643 
632 
630 
624 
618 
610 
604 
601 
600 
617 
687 
819 
981 
1156 
1320 
1482 
1644 
1785 
1895 
1980 
2036 
2070 
2075 
2042 
1983 
1896 
1779 
1643 
1480 
1294 
1126 
1001 
923 
868 
820 
787 
764 
747 
740 
728 
703 
693 
683 
670 
657 
647 
636 
630 
630 
635 
638 
643 
646 
650 
651 
651 
647 
641 
637 
635 
632 
634 
639 
640 
644 
651 
659 
662 
660 
657 
652 
646 
672 
674 
677 
683 
666 
653 
650 
645 
634 
622 
611 
607 
605 
607 
642 
727 
846 
988 
1133 
1272 
1394 
1505 
1590 
1667 
1716 
1753 
1759 
1749 
1705 
1630 
1529 
1399 
1252 
1105 
996 
931 
884 
851 
823 
802 
658 
658 
654 
654 
634 
616 
610 
609 
604 
607 
606 
613 
611 
624 
679 
802 
934 
1091 
1264 
1424 
1564 
1702 
1818 
1920 
1985 
2030 
2035 
2011 
1934 
1821 
1699 
1544 
1385 
1217 
1072 
982 
915 
857 
814 
790 
771 
758 
747 
719 
683 
659 
635 
627 
626 
629 
637 
650 
653 
647 
635 
619 
608 
603 
602 
607 
620 
630 
633 
635 
632 
617 
617 
620 
623 
631 
634 
631 
627 
618 
612 
615 
612 
624 
639 
646 
644 
654 
667 
666 
655 
643 
641 
638 
638 
632 
625 
619 
631 
687 
795 
948 
1121 
1295 
1455 
1613 
1768 
1901 
2008 
2088 
2138 
2171 
2181 
2158 
2112 
2044 
1949 
1831 
1690 
1524 
1351 
1174 
1038 
949 
886 
838 
866 
816 
778 
750 
728 
704 
684 
675 
660 
654 
647 
643 
635 
625 
614 
611 
611 
616 
617 
621 
620 
620 
624 
625 
622 
621 
622 
622 
618 
616 
616 
614 
620 
625 
630 
631 
632 
635 
632 
630 
640 
642 
642 
635 
623 
629 
623 
603 
598 
594 
598 
603 
593 
605 
615 
635 
702 
819 
974 
1137 
1295 
1462 
1622 
1766 
1886 
1979 
2040 
2075 
2079 
2051 
1991 
1894 
1766 
1618 
1447 
1260 
1100 
989 
921 
874 
621 
626 
629 
633 
631 
628 
634 
638 
632 
631 
634 
635 
639 
641 
644 
649 
655 
659 
658 
656 
651 
653 
655 
652 
648 
647 
647 
647 
656 
665 
667 
675 
679 
675 
669 
664 
660 
658 
657 
655 
1306 
1465 
1605 
1736 
1841 
1935 
1996 
2039 
2042 
2018 
1962 
1878 
1758 
1598 
1417 
1232 
1075 
982 
922 
880 
843 
821 
803 
786 
773 
744 
709 
686 
670 
660 
656 
653 
651 
653 
654 
655 
653 
652 
645 
640 
637 
633 
631 
633 
636 
640 
643 
646 
650 
650 
649 
643 
637 
631 
627 
627 
629 
634 
635 
643 
649 
652 
653 
648 
641 
637 
623 
602 
597 
598 
604 
608 
612 
616 
617 
617 
632 
704 
825 
983 
616 
617 
615 
611 
605 
598 
595 
594 
598 
603 
609 
613 
610 
613 
616 
617 
612 
608 
603 
602 
606 
611 
608 
611 
615 
625 
637 
633 
622 
603 
590 
581 
577 
576 
577 
583 
608 
663 
766 
913 
623 
630 
638 
641 
641 
635 
633 
632 
633 
637 
643 
649 
653 
655 
653 
656 
655 
647 
641 
636 
630 
639 
644 
643 
649 
655 
659 
667 
670 
667 
661 
657 
655 
653 
652 
653 
655 
657 
666 
677 
865 
998 
1135 
1263 
1387 
1503 
1599 
1685 
1740 
1780 
1790 
1778 
1727 
1647 
1536 
1404 
1258 
1119 
1018 
944 
899 
871 
844 
823 
810 
799 
791 
774 
739 
720 
706 
694 
688 
684 
686 
689 
695 
701 
700 
695 
592 
595 
607 
616 
617 
614 
608 
600 
593 
589 
594 
598 
600 
604 
610 
621 
628 
625 
617 
611 
606 
603 
603 
604 
611 
616 
626 
631 
633 
636 
632 
632 
631 
622 
617 
613 
615 
623 
623 
626 
631 
642 
655 
649 
647 
643 
637 
631 
625 
625 
625 
632 
642 
656 
667 
667 
663 
654 
650 
646 
641 
636 
634 
637 
647 
659 
667 
668 
670 
664 
658 
658 
655 
651 
650 
654 
661 
666 
674 
677 
678 
678 
675 
671 
666 
661 
663 
663 
664 
667 
671 
680 
684 
688 
692 
691 
687 
678 
673 
670 
671 
673 
681 
687 
693 
696 
701 
678 
653 
643 
634 
624 
619 
610 
607 
607 
617 
647 
731 
851 
603 
591 
584 
583 
588 
590 
601 
607 
612 
616 
619 
617 
607 
599 
594 
595 
596 
596 
599 
605 
612 
617 
621 
621 
619 
616 
614 
610 
605 
603 
607 
618 
623 
627 
631 
630 
633 
633 
627 
623 
622 
626 
627 
624 
624 
626 
630 
635 
643 
645 
643 
639 
640 
641 
638 
638 
637 
642 
646 
648 
649 
653 
658 
658 
656 
655 
648 
644 
644 
645 
650 
654 
647 
652 
658 
660 
667 
673 
674 
672 
614 
612 
613 
614 
618 
620 
621 
619 
613 
608 
604 
601 
595 
593 
594 
596 
600 
604 
610 
611 
614 
614 
613 
610 
606 
601 
599 
600 
603 
609 
615 
622 
628 
636 
637 
626 
610 
590 
579 
574 
692 
683 
683 
682 
685 
691 
692 
691 
650 
650 
654 
660 
667 
669 
668 
663 
656 
649 
645 
641 
641 
641 
645 
651 
657 
664 
664 
662 
658 
650 
646 
643 
641 
642 
644 
652 
659 
662 
662 
660 
687 
660 
648 
640 
638 
637 
636 
639 
639 
639 
634 
626 
620 
615 
613 
613 
615 
618 
620 
623 
628 
634 
634 
631 
624 
620 
614 
609 
608 
612 
616 
620 
624 
627 
632 
635 
636 
635 
622 
611 
632 
628 
632 
631 
626 
615 
602 
597 
597 
612 
681 
815 
978 
1154 
1320 
1482 
1642 
1782 
1893 
1976 
2030 
2063 
2064 
2036 
1980 
1894 
1772 
1631 
1461 
1273 
1106 
982 
906 
850 
805 
770 
749 
733 
719 
699 
611 
610 
604 
602 
605 
612 
618 
623 
624 
626 
628 
627 
620 
617 
616 
610 
614 
617 
621 
625 
628 
635 
637 
638 
638 
637 
637 
633 
628 
626 
624 
627 
634 
635 
639 
638 
640 
649 
646 
647 
710 
697 
691 
689 
686 
681 
679 
673 
667 
659 
652 
645 
643 
645 
650 
654 
659 
660 
660 
662 
661 
655 
647 
643 
641 
643 
648 
656 
661 
663 
666 
665 
664 
659 
653 
645 
642 
639 
641 
650 
709 
705 
702 
700 
699 
693 
685 
674 
669 
667 
669 
670 
672 
677 
683 
685 
687 
690 
690 
687 
682 
676 
669 
668 
671 
675 
679 
684 
691 
695 
697 
697 
692 
685 
680 
674 
671 
675 
665 
654 
652 
654 
651 
654 
649 
643 
634 
642 
698 
825 
968 
1130 
1306 
1468 
1619 
1761 
1872 
1963 
2018 
2052 
2050 
2021 
1956 
1867 
1755 
1603 
1433 
1256 
1106 
1015 
946 
899 
857 
826 
801 
780 
769 
747 
723 
713 
615 
618 
625 
628 
626 
623 
618 
625 
684 
802 
956 
1130 
1306 
1487 
1653 
1795 
1904 
1978 
2026 
2060 
2067 
2046 
1987 
1894 
1767 
1620 
1450 
1266 
1105 
988 
917 
861 
816 
780 
749 
724 
708 
687 
666 
660 
649 
635 
616 
602 
591 
587 
588 
594 
597 
596 
600 
601 
603 
604 
601 
597 
590 
585 
582 
585 
589 
591 
594 
596 
603 
611 
607 
604 
606 
605 
605 
606 
607 
604 
600 
600 
600 
601 
607 
612 
652 
639 
634 
628 
622 
618 
613 
608 
602 
593 
587 
584 
582 
587 
591 
591 
594 
597 
601 
604 
603 
602 
597 
592 
590 
593 
597 
597 
597 
599 
604 
609 
614 
611 
607 
608 
608 
610 
604 
603 
605 
606 
610 
612 
617 
619 
623 
625 
625 
619 
611 
608 
609 
611 
617 
619 
621 
628 
633 
635 
635 
629 
624 
623 
623 
623 
624 
627 
632 
639 
646 
647 
646 
640 
639 
636 
631 
630 
626 
631 
726 
712 
697 
686 
674 
663 
661 
660 
663 
668 
673 
674 
667 
659 
652 
646 
645 
644 
646 
648 
654 
660 
666 
668 
666 
662 
654 
648 
646 
645 
642 
645 
652 
661 
666 
666 
667 
661 
651 
647 
637 
621 
616 
613 
617 
621 
625 
630 
776 
754 
718 
695 
681 
669 
662 
662 
661 
661 
662 
667 
671 
674 
670 
663 
655 
648 
641 
642 
646 
651 
652 
659 
664 
670 
672 
674 
675 
669 
658 
654 
606 
601 
599 
600 
602 
609 
616 
622 
624 
626 
624 
618 
613 
611 
607 
605 
606 
608 
612 
618 
625 
630 
630 
625 
618 
611 
605 
602 
606 
611 
614 
621 
628 
632 
633 
629 
624 
618 
612 
609 
1070 
978 
916 
875 
847 
824 
808 
794 
778 
750 
716 
695 
677 
666 
663 
664 
665 
667 
664 
662 
660 
662 
661 
661 
655 
650 
649 
653 
656 
660 
662 
665 
671 
671 
669 
666 
662 
659 
653 
651 
652 
657 
663 
669 
674 
682 
684 
681 
674 
671 
656 
638 
631 
629 
634 
639 
644 
650 
656 
660 
676 
748 
871 
1028 
1202 
1386 
1564 
1721 
1860 
1966 
2038 
2087 
2090 
2037 
1947 
1824 
1666 
1491 
1307 
1137 
627 
630 
634 
638 
643 
649 
653 
650 
644 
641 
618 
598 
590 
588 
585 
583 
582 
584 
584 
587 
619 
699 
806 
936 
1074 
1215 
1348 
1464 
1559 
1647 
1706 
1744 
1748 
1731 
1675 
1594 
1488 
1358 
1205 
1063 
653 
656 
665 
674 
676 
680 
684 
677 
667 
661 
647 
631 
628 
630 
635 
642 
647 
650 
655 
654 
668 
739 
861 
1020 
1195 
1382 
1563 
1728 
1869 
1972 
2037 
2077 
2078 
2034 
1950 
1826 
1664 
1489 
1303 
1134 
646 
648 
651 
658 
667 
668 
667 
663 
663 
661 
653 
641 
627 
623 
625 
631 
636 
632 
638 
654 
702 
799 
940 
1101 
1273 
1443 
1617 
1775 
1911 
2020 
2096 
2153 
2192 
2204 
2187 
2135 
2051 
1935 
1810 
1667 
1078 
971 
904 
857 
822 
794 
772 
752 
747 
744 
722 
695 
682 
669 
662 
655 
647 
640 
636 
636 
640 
639 
642 
643 
647 
654 
655 
651 
643 
636 
629 
633 
637 
634 
637 
639 
648 
659 
657 
659 
659 
655 
651 
649 
651 
658 
667 
675 
678 
683 
687 
673 
650 
636 
626 
623 
624 
627 
637 
643 
651 
673 
743 
864 
1030 
1207 
1396 
1573 
1731 
1853 
1946 
2010 
2057 
2068 
2042 
1971 
1847 
1683 
1501 
1305 
641 
643 
644 
640 
636 
631 
626 
622 
620 
628 
614 
603 
605 
603 
599 
594 
580 
570 
566 
567 
603 
686 
799 
938 
1081 
1219 
1351 
1469 
1566 
1649 
1702 
1736 
1732 
1709 
1652 
1571 
1471 
1347 
1213 
1082 
664 
660 
655 
652 
651 
656 
657 
658 
657 
660 
654 
641 
636 
634 
631 
629 
632 
635 
637 
638 
655 
730 
854 
1012 
1193 
1391 
1579 
1742 
1871 
1958 
2007 
2038 
2043 
2015 
1943 
1829 
1680 
1511 
1322 
1146 
622 
619 
619 
621 
625 
626 
631 
635 
635 
633 
632 
629 
627 
624 
621 
621 
621 
623 
628 
633 
638 
642 
642 
638 
634 
630 
629 
628 
626 
627 
630 
633 
636 
643 
647 
650 
651 
646 
640 
635 
659 
651 
649 
648 
646 
651 
657 
663 
604 
603 
623 
702 
836 
1005 
1188 
1381 
1555 
1703 
1825 
1920 
1985 
2027 
2034 
1998 
1917 
1798 
1646 
1472 
1282 
1107 
993 
916 
863 
819 
782 
754 
735 
721 
712 
697 
617 
610 
602 
601 
600 
601 
603 
607 
626 
693 
821 
978 
1147 
1311 
1468 
1625 
1766 
1885 
1977 
2037 
2078 
2088 
2063 
2001 
1900 
1767 
1613 
1437 
1248 
1087 
973 
908 
865 
827 
794 
767 
740 
718 
689 
656 
642 
633 
629 
628 
631 
633 
633 
631 
621 
611 
605 
602 
600 
604 
608 
612 
614 
616 
618 
617 
616 
615 
611 
608 
610 
615 
614 
614 
614 
616 
619 
620 
619 
622 
625 
626 
628 
628 
619 
607 
590 
586 
586 
589 
594 
594 
599 
615 
664 
768 
918 
1084 
1252 
1412 
1578 
1736 
1874 
1987 
2071 
2128 
2168 
2176 
2155 
2105 
2026 
1919 
1792 
1642 
1472 
1300 
1128 
1004 
928 
869 
818 
778 
743 
717 
685 
653 
660 
666 
666 
667 
663 
656 
644 
637 
637 
641 
646 
660 
659 
666 
670 
674 
672 
665 
655 
653 
654 
658 
663 
667 
671 
674 
671 
670 
673 
673 
676 
677 
678 
675 
671 
670 
669 
669 
674 
658 
721 
711 
699 
690 
685 
682 
679 
678 
677 
679 
673 
676 
681 
682 
682 
677 
675 
673 
675 
674 
675 
676 
681 
682 
685 
686 
684 
684 
683 
679 
675 
673 
672 
675 
676 
678 
681 
683 
687 
671 
676 
656 
639 
633 
627 
623 
619 
616 
614 
610 
614 
651 
734 
848 
985 
1122 
1254 
1383 
1501 
1595 
1681 
1735 
1771 
1771 
1756 
1706 
1628 
1526 
1399 
1257 
1119 
1018 
951 
901 
867 
839 
813 
794 
787 
780 
765 
738 
724 
707 
704 
698 
689 
681 
672 
667 
668 
670 
674 
679 
687 
692 
691 
685 
678 
672 
667 
666 
668 
672 
678 
685 
689 
692 
694 
690 
683 
678 
673 
669 
668 
672 
675 
681 
684 
688 
631 
633 
650 
713 
842 
981 
1138 
1306 
1457 
1601 
1742 
1859 
1959 
2022 
2064 
2060 
2036 
1971 
1882 
1759 
1596 
1416 
1237 
1089 
1000 
937 
897 
858 
833 
813 
793 
773 
741 
708 
693 
682 
675 
672 
668 
669 
629 
616 
598 
586 
578 
577 
575 
576 
589 
611 
674 
784 
929 
1087 
1243 
1401 
1569 
1727 
1863 
1979 
2067 
2122 
2158 
2175 
2160 
2115 
2034 
1921 
1794 
1645 
1470 
1295 
1117 
990 
909 
855 
814 
783 
754 
728 
693 
657 
639 
625 
609 
604 
600 
601 
603 
606 
608 
609 
608 
605 
600 
594 
587 
583 
581 
585 
588 
594 
606 
609 
611 
616 
614 
605 
597 
591 
591 
592 
592 
596 
601 
609 
614 
615 
618 
621 
619 
616 
613 
608 
606 
606 
611 
616 
618 
622 
625 
628 
629 
626 
622 
619 
618 
618 
617 
620 
624 
630 
637 
638 
640 
640 
638 
636 
632 
631 
629 
630 
633 
638 
640 
643 
649 
654 
655 
652 
749 
719 
707 
698 
696 
695 
696 
695 
620 
618 
617 
618 
622 
618 
619 
628 
627 
634 
635 
634 
627 
625 
627 
627 
623 
624 
627 
631 
636 
638 
641 
645 
645 
644 
642 
642 
645 
641 
624 
614 
605 
611 
612 
611 
613 
617 
620 
619 
631 
704 
827 
990 
1169 
1359 
1540 
1700 
1835 
1938 
2004 
2048 
2052 
2011 
1928 
1806 
1644 
1468 
1275 
1104 
996 
924 
875 
837 
807 
780 
757 
735 
717 
694 
672 
660 
651 
646 
640 
637 
631 
635 
639 
642 
648 
653 
660 
663 
662 
657 
650 
644 
641 
641 
643 
641 
646 
653 
660 
668 
668 
662 
658 
653 
649 
646 
646 
647 
651 
658 
664 
668 
673 
674 
671 
663 
672 
669 
661 
646 
635 
627 
626 
631 
637 
643 
644 
645 
643 
637 
639 
638 
636 
636 
639 
641 
635 
632 
627 
633 
641 
642 
646 
650 
655 
656 
652 
648 
643 
641 
644 
640 
634 
644 
640 
630 
646 
632 
618 
606 
603 
606 
608 
611 
619 
634 
692 
799 
950 
1118 
1288 
1445 
1603 
1757 
1895 
2008 
2097 
2155 
2198 
2214 
2195 
2141 
2061 
1950 
1823 
1672 
1502 
1329 
1148 
1024 
945 
888 
848 
817 
784 
755 
654 
653 
653 
654 
655 
660 
663 
668 
669 
668 
664 
657 
655 
652 
652 
651 
656 
662 
663 
673 
677 
674 
670 
664 
659 
654 
652 
653 
658 
667 
675 
679 
681 
677 
673 
667 
663 
658 
653 
650 
729 
710 
693 
677 
657 
637 
624 
620 
621 
628 
636 
640 
640 
645 
643 
635 
624 
619 
617 
621 
629 
636 
633 
632 
635 
636 
637 
640 
638 
632 
628 
626 
628 
635 
632 
631 
635 
640 
643 
645 
648 
636 
617 
611 
609 
605 
603 
603 
606 
612 
614 
633 
712 
845 
1011 
1188 
1372 
1542 
1693 
1819 
1920 
1990 
2036 
2045 
2011 
1932 
1811 
1654 
1476 
1282 
1113 
1000 
924 
871 
830 
794 
767 
750 
738 
729 
714 
693 
680 
664 
649 
639 
637 
638 
638 
637 
634 
642 
648 
642 
640 
635 
634 
633 
632 
631 
634 
640 
647 
650 
653 
654 
649 
642 
641 
641 
638 
637 
637 
643 
651 
656 
655 
657 
653 
647 
656 
651 
637 
631 
624 
619 
609 
602 
605 
623 
682 
794 
950 
1119 
1291 
1456 
1619 
1774 
1908 
2017 
2093 
2142 
2180 
2199 
2189 
2147 
2071 
1963 
1835 
1680 
1509 
1335 
1158 
1027 
942 
881 
836 
804 
779 
756 
713 
687 
674 
665 
656 
646 
642 
637 
635 
636 
637 
635 
631 
638 
644 
643 
648 
650 
646 
642 
638 
635 
631 
633 
637 
643 
650 
658 
662 
663 
660 
655 
646 
637 
635 
632 
637 
648 
645 
643 
643 
631 
619 
617 
615 
622 
626 
627 
628 
639 
686 
788 
934 
1103 
1275 
1446 
1617 
1772 
1903 
2016 
2100 
2154 
2190 
2202 
2187 
2138 
2059 
1949 
1825 
1680 
1508 
1337 
1165 
1040 
957 
892 
840 
799 
763 
741 
643 
649 
657 
660 
658 
653 
644 
639 
613 
636 
717 
848 
1016 
1197 
1383 
1554 
1703 
1828 
1926 
1989 
2036 
2047 
2014 
1937 
1815 
1658 
1479 
1284 
1108 
992 
917 
861 
820 
789 
762 
744 
731 
722 
701 
680 
650 
647 
645 
642 
639 
638 
640 
642 
649 
653 
657 
655 
658 
660 
656 
646 
644 
645 
644 
648 
651 
652 
658 
653 
660 
668 
664 
670 
669 
667 
665 
663 
657 
657 
659 
662 
667 
673 
669 
673 
681 
661 
640 
627 
620 
608 
603 
598 
599 
601 
609 
647 
730 
846 
982 
1123 
1254 
1380 
1495 
1586 
1666 
1725 
1765 
1773 
1747 
1703 
1631 
1531 
1403 
1255 
1107 
1002 
937 
889 
858 
831 
808 
792 
786 
780 
758 
727 
714 
709 
704 
696 
686 
677 
671 
662 
664 
667 
672 
679 
688 
693 
694 
691 
684 
674 
665 
662 
662 
667 
677 
683 
688 
691 
691 
686 
680 
676 
673 
672 
673 
678 
683 
688 
689 
690 
695 
689 
687 
685 
684 
682 
679 
683 
683 
681 
680 
677 
672 
669 
668 
671 
668 
671 
675 
681 
685 
684 
681 
679 
677 
673 
671 
668 
671 
675 
680 
686 
695 
699 
698 
692 
683 
681 
662 
643 
635 
633 
630 
638 
646 
657 
655 
664 
715 
832 
967 
1122 
1292 
1455 
1608 
1759 
1877 
1978 
2037 
2076 
2073 
2042 
1971 
1879 
1759 
1601 
1422 
1242 
1092 
1005 
948 
911 
874 
843 
814 
790 
770 
741 
708 
693 
661 
653 
634 
621 
610 
607 
605 
603 
606 
612 
632 
700 
833 
992 
1164 
1327 
1489 
1639 
1774 
1888 
1979 
2042 
2091 
2095 
2070 
2010 
1913 
1783 
1629 
1453 
1263 
1099 
981 
911 
862 
823 
790 
768 
748 
732 
673 
661 
648 
647 
649 
651 
655 
652 
650 
643 
648 
701 
825 
963 
1123 
1305 
1470 
1622 
1769 
1885 
1980 
2031 
2064 
2055 
2027 
1963 
1878 
1763 
1606 
1435 
1259 
1104 
1013 
946 
899 
859 
828 
807 
790 
776 
753 
726 
712 
702 
691 
682 
671 
665 
660 
659 
660 
663 
665 
666 
666 
666 
663 
659 
658 
650 
647 
647 
650 
655 
663 
666 
669 
671 
667 
663 
657 
651 
647 
644 
647 
653 
659 
663 
666 
667 
704 
677 
658 
646 
637 
634 
637 
639 
641 
642 
641 
637 
631 
624 
619 
615 
614 
617 
622 
628 
630 
634 
633 
630 
630 
626 
623 
621 
621 
622 
624 
628 
631 
634 
635 
633 
633 
634 
626 
616 
630 
617 
608 
604 
607 
612 
616 
615 
609 
602 
593 
586 
579 
577 
579 
585 
589 
594 
600 
602 
605 
607 
603 
594 
589 
586 
584 
588 
594 
594 
597 
602 
604 
609 
615 
615 
614 
609 
605 
603 
622 
617 
610 
610 
611 
611 
610 
608 
611 
640 
715 
826 
961 
1109 
1250 
1385 
1500 
1591 
1673 
1730 
1767 
1773 
1759 
1706 
1622 
1514 
1384 
1239 
1090 
988 
931 
887 
861 
843 
827 
808 
791 
775 
751 
716 
697 
689 
688 
690 
691 
691 
688 
684 
635 
647 
653 
654 
653 
655 
642 
643 
695 
818 
959 
1127 
1310 
1476 
1627 
1766 
1876 
1976 
2039 
2078 
2073 
2046 
1978 
1886 
1767 
1611 
1440 
1263 
1118 
1032 
971 
922 
860 
824 
793 
766 
740 
707 
680 
670 
664 
670 
671 
670 
665 
655 
645 
634 
625 
622 
620 
625 
633 
640 
643 
645 
641 
636 
632 
628 
624 
626 
628 
632 
635 
636 
640 
637 
638 
639 
635 
632 
979 
901 
853 
816 
786 
757 
729 
694 
656 
633 
615 
604 
596 
599 
605 
609 
608 
606 
602 
592 
583 
577 
573 
573 
580 
586 
592 
592 
593 
589 
589 
587 
583 
583 
585 
584 
584 
584 
587 
590 
967 
927 
887 
852 
819 
791 
766 
740 
706 
699 
700 
699 
701 
700 
699 
694 
685 
676 
667 
659 
661 
661 
661 
664 
670 
670 
672 
675 
677 
677 
674 
672 
671 
670 
669 
667 
668 
672 
680 
685 
943 
905 
864 
838 
822 
806 
785 
756 
720 
700 
689 
681 
677 
677 
679 
682 
687 
688 
686 
681 
673 
666 
661 
659 
658 
662 
666 
672 
678 
682 
687 
686 
680 
673 
667 
663 
661 
660 
666 
675 
680 
685 
687 
688 
683 
676 
669 
667 
656 
644 
642 
642 
647 
651 
654 
656 
654 
650 
662 
733 
859 
1022 
1202 
1395 
1576 
1740 
1874 
1974 
2038 
2081 
2081 
2038 
1954 
1825 
1665 
1492 
1296 
1133 
1030 
966 
654 
647 
635 
628 
627 
629 
622 
617 
607 
611 
616 
619 
619 
615 
610 
617 
659 
763 
914 
1084 
1264 
1434 
1603 
1760 
1897 
2010 
2093 
2143 
2175 
2179 
2155 
2108 
2029 
1926 
1804 
1660 
1492 
1320 
1140 
1007 
917 
849 
800 
763 
735 
715 
687 
664 
651 
641 
634 
622 
611 
602 
595 
591 
587 
586 
586 
588 
590 
591 
588 
588 
589 
589 
587 
584 
583 
585 
582 
582 
586 
589 
594 
598 
600 
599 
596 
593 
845 
810 
781 
760 
752 
749 
740 
720 
714 
707 
698 
685 
668 
654 
642 
639 
642 
651 
657 
665 
668 
673 
675 
663 
659 
654 
652 
650 
654 
658 
664 
666 
661 
668 
671 
673 
676 
674 
671 
670 
899 
860 
831 
811 
795 
782 
761 
732 
718 
704 
697 
687 
683 
678 
671 
667 
664 
662 
664 
670 
674 
679 
685 
692 
687 
680 
672 
665 
660 
656 
658 
649 
661 
677 
689 
697 
697 
691 
682 
671 
1473 
1298 
1121 
995 
914 
858 
817 
787 
762 
734 
695 
659 
635 
615 
604 
598 
598 
598 
602 
607 
608 
606 
597 
587 
579 
575 
574 
574 
576 
579 
586 
595 
605 
608 
607 
601 
590 
580 
575 
572 
1255 
1103 
1013 
951 
909 
871 
838 
817 
803 
785 
755 
722 
699 
688 
684 
684 
683 
681 
683 
685 
686 
685 
678 
671 
664 
664 
666 
667 
670 
675 
680 
686 
686 
683 
680 
673 
669 
663 
661 
664 
681 
688 
689 
686 
678 
667 
654 
657 
666 
674 
679 
678 
674 
669 
664 
661 
661 
662 
662 
667 
674 
680 
683 
684 
681 
675 
667 
660 
658 
659 
665 
672 
677 
681 
687 
691 
690 
686 
678 
671 
1098 
987 
921 
868 
823 
786 
756 
731 
709 
696 
679 
664 
660 
661 
658 
653 
646 
631 
617 
608 
606 
609 
613 
620 
628 
633 
638 
639 
637 
632 
625 
620 
619 
616 
619 
622 
626 
631 
634 
639 
414 
416 
419 
419 
411 
404 
409 
400 
383 
379 
377 
382 
387 
392 
396 
400 
421 
550 
823 
1175 
1556 
1928 
2301 
2649 
2955 
3209 
3393 
3515 
3585 
3591 
3532 
3399 
3185 
2904 
2567 
2166 
1745 
1382 
1125 
975 
944 
835 
747 
674 
610 
558 
507 
462 
431 
410 
402 
396 
386 
379 
375 
366 
359 
353 
348 
341 
343 
348 
350 
350 
348 
347 
346 
346 
352 
357 
364 
367 
367 
365 
362 
362 
362 
363 
361 
364 
368 
375 
380 
380 
377 
377 
374 
373 
373 
375 
379 
383 
387 
389 
392 
393 
391 
392 
392 
394 
399 
401 
404 
405 
407 
409 
408 
410 
412 
413 
413 
412 
413 
412 
412 
412 
410 
410 
410 
413 
805 
748 
696 
655 
620 
591 
558 
521 
501 
489 
484 
476 
468 
460 
452 
446 
440 
436 
435 
434 
437 
443 
449 
452 
449 
446 
443 
441 
439 
438 
438 
443 
449 
453 
458 
457 
455 
451 
449 
447 
24 
24 
24 
24 
25 
24 
24 
24 
24 
24 
24 
24 
25 
25 
24 
24 
24 
24 
25 
265 
679 
1099 
1529 
1933 
2283 
2565 
2765 
2890 
2969 
2975 
2894 
2720 
2448 
2095 
1688 
1209 
691 
254 
78 
38 
24 
24 
24 
24 
24 
24 
24 
24 
24 
24 
24 
24 
24 
25 
24 
24 
24 
24 
25 
24 
24 
24 
25 
25 
25 
24 
24 
24 
24 
24 
24 
25 
24 
24 
24 
24 
24 
24 
24 
24 
24 
24 
24 
24 
25 
24 
24 
25 
24 
25 
24 
24 
24 
24 
24 
24 
25 
25 
24 
139 
527 
973 
1464 
1940 
2357 
2701 
2948 
3102 
3192 
3188 
3076 
2851 
2504 
2065 
1573 
1039 
562 
242 
71 
36 
2072 
1507 
1130 
891 
726 
604 
506 
419 
556 
494 
441 
392 
346 
317 
297 
290 
93 
84 
77 
76 
75 
75 
73 
74 
75 
75 
74 
73 
73 
72 
71 
72 
73 
76 
78 
80 
83 
81 
81 
80 
246 
247 
250 
254 
256 
258 
259 
258 
260 
260 
262 
262 
262 
263 
268 
276 
282 
282 
282 
279 
280 
280 
279 
282 
286 
295 
297 
299 
300 
300 
301 
298 
294 
291 
294 
302 
307 
308 
310 
313 
1920 
1515 
1211 
1019 
888 
799 
723 
657 
605 
563 
529 
489 
443 
419 
402 
390 
382 
370 
361 
354 
349 
349 
349 
354 
357 
359 
355 
350 
347 
344 
343 
343 
345 
352 
357 
362 
363 
360 
358 
354 
310 
312 
315 
322 
329 
332 
330 
328 
207 
204 
203 
207 
215 
222 
223 
223 
223 
222 
221 
217 
218 
219 
223 
229 
229 
230 
231 
232 
230 
231 
235 
241 
251 
258 
257 
256 
251 
247 
247 
247 
173 
182 
184 
190 
192 
195 
196 
197 
197 
199 
204 
209 
211 
213 
210 
211 
209 
209 
210 
210 
213 
218 
220 
222 
219 
220 
219 
220 
223 
222 
227 
232 
239 
247 
248 
250 
247 
244 
240 
240 
242 
245 
254 
265 
265 
264 
261 
256 
251 
250 
250 
251 
260 
268 
267 
271 
270 
271 
271 
272 
276 
280 
286 
290 
291 
291 
291 
291 
290 
288 
289 
291 
295 
303 
307 
303 
300 
298 
297 
295 
295 
275 
264 
262 
266 
265 
261 
257 
254 
254 
260 
349 
597 
977 
1432 
1908 
2361 
2788 
3164 
3467 
3717 
3872 
3940 
3933 
3867 
3693 
3429 
3070 
2630 
2138 
1653 
1290 
1066 
916 
807 
709 
626 
558 
507 
467 
426 
376 
341 
320 
308 
300 
293 
287 
284 
278 
274 
272 
268 
268 
267 
269 
274 
275 
275 
274 
271 
268 
269 
270 
273 
277 
280 
280 
280 
275 
276 
279 
279 
280 
280 
283 
289 
297 
303 
299 
398 
346 
319 
306 
292 
276 
263 
250 
241 
237 
232 
235 
241 
241 
240 
237 
234 
234 
232 
231 
231 
236 
242 
243 
242 
237 
234 
235 
233 
235 
240 
244 
253 
258 
261 
260 
261 
260 
258 
257 
242 
245 
252 
266 
271 
270 
268 
265 
261 
259 
259 
265 
274 
280 
280 
280 
279 
276 
274 
272 
271 
268 
274 
281 
286 
292 
290 
290 
291 
290 
295 
294 
296 
300 
304 
311 
311 
311 
310 
308 
523 
453 
400 
349 
303 
277 
257 
239 
222 
206 
195 
186 
180 
179 
174 
173 
171 
170 
168 
166 
162 
163 
165 
164 
169 
171 
172 
174 
177 
179 
183 
181 
182 
183 
189 
195 
196 
195 
194 
192 
252 
256 
258 
262 
259 
259 
259 
260 
261 
259 
262 
266 
264 
266 
265 
264 
265 
268 
271 
274 
278 
284 
289 
290 
289 
291 
291 
289 
288 
291 
295 
297 
301 
300 
301 
303 
303 
305 
305 
303 
239 
234 
219 
211 
206 
203 
203 
204 
208 
214 
259 
460 
873 
1395 
1948 
2490 
3034 
3539 
3948 
4024 
4026 
4025 
4025 
4025 
4027 
4028 
3965 
3659 
3213 
2675 
2095 
1578 
1207 
989 
834 
706 
603 
522 
455 
399 
190 
177 
171 
166 
169 
175 
178 
174 
168 
162 
159 
158 
156 
156 
162 
172 
176 
175 
171 
168 
164 
163 
163 
164 
167 
173 
180 
187 
189 
193 
193 
193 
199 
202 
195 
187 
176 
176 
178 
177 
198 
182 
171 
160 
155 
152 
152 
157 
162 
161 
159 
157 
153 
151 
149 
148 
150 
157 
159 
164 
166 
167 
170 
169 
170 
169 
177 
184 
185 
186 
185 
181 
181 
180 
181 
185 
191 
195 
194 
192 
252 
245 
244 
247 
256 
347 
594 
977 
202 
202 
255 
487 
919 
1461 
2052 
2666 
3224 
3722 
4000 
4026 
4026 
4026 
4026 
4026 
3996 
3777 
3314 
2779 
2181 
1627 
1249 
1009 
840 
711 
607 
527 
463 
411 
367 
319 
232 
218 
211 
203 
192 
183 
175 
168 
163 
158 
158 
161 
166 
165 
165 
165 
166 
167 
166 
166 
166 
167 
165 
164 
166 
170 
174 
174 
176 
181 
184 
189 
192 
190 
192 
191 
187 
181 
190 
185 
214 
219 
223 
224 
224 
225 
227 
228 
231 
233 
239 
244 
246 
246 
244 
243 
243 
245 
247 
249 
252 
256 
260 
261 
259 
256 
254 
254 
257 
256 
261 
267 
272 
275 
275 
276 
275 
276 
276 
278 
268 
255 
242 
239 
242 
236 
238 
235 
239 
239 
275 
443 
819 
1307 
1859 
2444 
2978 
3473 
3929 
4025 
4025 
4025 
4024 
4026 
4026 
4026 
3957 
3633 
3138 
2580 
1999 
1504 
1191 
993 
849 
727 
632 
551 
485 
430 
153 
145 
132 
126 
124 
124 
125 
128 
138 
182 
308 
551 
891 
1271 
1654 
2026 
2401 
2751 
3054 
3299 
3476 
3589 
3672 
3700 
3663 
3552 
3364 
3112 
2822 
2474 
2082 
1683 
1283 
990 
796 
658 
552 
468 
399 
345 
290 
243 
216 
197 
179 
162 
147 
138 
125 
117 
111 
110 
114 
113 
114 
111 
111 
113 
111 
112 
113 
117 
121 
125 
125 
124 
124 
123 
125 
127 
129 
135 
140 
143 
143 
139 
138 
134 
136 
139 
201 
198 
189 
187 
186 
187 
184 
185 
182 
184 
230 
444 
876 
1425 
2004 
2568 
3142 
3675 
4000 
4024 
4024 
4024 
4025 
4026 
4026 
4027 
3991 
3736 
3289 
2741 
2140 
1602 
1217 
985 
818 
683 
576 
489 
419 
366 
315 
264 
229 
205 
191 
184 
170 
157 
145 
137 
131 
125 
122 
125 
132 
138 
137 
135 
133 
131 
128 
126 
125 
128 
135 
141 
146 
146 
144 
142 
139 
139 
140 
142 
148 
153 
156 
159 
165 
171 
158 
162 
165 
166 
165 
167 
169 
171 
176 
179 
182 
183 
182 
183 
181 
180 
179 
183 
187 
188 
190 
191 
191 
194 
199 
203 
210 
212 
214 
214 
212 
212 
212 
215 
219 
226 
227 
230 
228 
229 
409 
359 
334 
317 
301 
289 
276 
266 
259 
253 
251 
251 
251 
254 
256 
256 
254 
251 
250 
250 
251 
254 
255 
257 
259 
262 
263 
260 
257 
258 
258 
258 
261 
264 
270 
275 
275 
277 
277 
277 
189 
176 
166 
157 
152 
148 
146 
142 
141 
140 
137 
137 
136 
135 
138 
139 
139 
143 
145 
145 
143 
142 
141 
142 
145 
146 
153 
155 
159 
161 
159 
160 
161 
163 
168 
170 
176 
177 
179 
179 
236 
237 
238 
245 
251 
256 
260 
260 
258 
259 
259 
257 
260 
266 
269 
272 
271 
271 
272 
274 
273 
272 
273 
274 
276 
277 
280 
283 
285 
290 
297 
298 
296 
297 
295 
299 
299 
281 
264 
258 
151 
159 
160 
170 
207 
328 
563 
884 
206 
208 
207 
205 
207 
214 
208 
201 
190 
189 
189 
189 
188 
185 
189 
224 
341 
566 
877 
1228 
1577 
1907 
2240 
2555 
2839 
3066 
3235 
3344 
3415 
3437 
3406 
3309 
303 
304 
304 
304 
304 
303 
305 
306 
310 
315 
316 
316 
315 
314 
318 
301 
283 
275 
275 
275 
276 
275 
278 
278 
310 
472 
830 
1288 
1810 
2359 
2854 
3313 
3738 
3983 
4025 
4025 
4025 
4026 
4027 
3994 
231 
233 
235 
236 
236 
236 
235 
234 
233 
233 
234 
239 
244 
245 
243 
250 
245 
229 
224 
224 
226 
226 
230 
233 
237 
276 
468 
857 
1350 
1875 
2393 
2911 
3390 
3803 
3999 
4024 
4026 
4026 
4027 
4027 
3294 
3125 
2902 
2638 
2326 
1969 
1604 
1241 
968 
793 
670 
579 
507 
448 
400 
347 
300 
267 
241 
226 
215 
208 
200 
189 
183 
179 
176 
177 
174 
179 
184 
187 
187 
184 
183 
183 
182 
184 
186 
189 
300 
302 
299 
299 
298 
298 
299 
300 
303 
309 
314 
320 
320 
318 
317 
316 
302 
285 
277 
282 
283 
290 
288 
289 
287 
310 
462 
816 
1271 
1796 
2349 
2849 
3301 
3719 
3976 
4025 
4025 
4025 
4026 
4026 
176 
182 
182 
184 
185 
182 
184 
185 
185 
189 
195 
199 
200 
199 
200 
206 
212 
206 
198 
186 
182 
176 
172 
180 
182 
181 
211 
326 
552 
868 
1226 
1590 
1942 
2282 
2589 
2859 
3085 
3258 
3375 
3453 
188 
189 
189 
193 
199 
202 
205 
204 
203 
200 
199 
197 
200 
203 
207 
214 
218 
221 
222 
224 
225 
226 
227 
227 
229 
234 
237 
239 
238 
240 
242 
241 
242 
245 
247 
250 
247 
246 
245 
245 
2636 
2322 
1964 
1600 
1238 
967 
790 
674 
585 
510 
451 
400 
348 
302 
267 
241 
222 
215 
210 
203 
196 
191 
187 
186 
184 
183 
183 
189 
192 
190 
188 
186 
185 
187 
187 
189 
193 
197 
197 
196 
304 
302 
303 
302 
305 
306 
309 
316 
322 
324 
324 
321 
321 
307 
290 
283 
285 
284 
288 
288 
290 
289 
318 
474 
824 
1275 
1793 
2336 
2828 
3288 
3711 
3975 
4025 
4025 
4025 
4026 
4027 
3991 
3854 
3503 
2315 
1956 
1594 
1235 
967 
797 
677 
582 
503 
441 
388 
336 
291 
262 
249 
241 
230 
219 
210 
203 
193 
187 
181 
179 
184 
188 
191 
191 
188 
186 
183 
181 
179 
182 
189 
193 
193 
193 
193 
193 
256 
256 
261 
263 
267 
269 
271 
274 
275 
275 
277 
279 
281 
285 
290 
296 
301 
301 
302 
298 
296 
296 
296 
299 
301 
304 
307 
307 
306 
305 
306 
305 
305 
304 
307 
315 
320 
325 
327 
330 
237 
237 
238 
240 
245 
247 
244 
246 
246 
249 
248 
247 
247 
243 
240 
247 
239 
225 
221 
220 
224 
225 
227 
233 
240 
283 
477 
865 
1358 
1883 
2398 
2922 
3402 
3821 
4005 
4026 
4025 
4025 
4026 
4027 
189 
189 
190 
190 
192 
194 
198 
204 
136 
137 
142 
148 
154 
155 
155 
154 
154 
155 
156 
157 
160 
164 
167 
169 
168 
167 
171 
175 
173 
162 
151 
148 
146 
147 
144 
147 
157 
197 
322 
558 
608 
1007 
1480 
1971 
2445 
2885 
3272 
3584 
3841 
3959 
3986 
3979 
3952 
3808 
3538 
3173 
2721 
2210 
1706 
1323 
1079 
915 
800 
707 
627 
562 
510 
464 
416 
362 
328 
306 
294 
288 
280 
271 
262 
252 
246 
243 
881 
1427 
2003 
2570 
3133 
3655 
3992 
4025 
4025 
4026 
4026 
4026 
4027 
4028 
3986 
3719 
3279 
2736 
2137 
1601 
1214 
983 
821 
691 
583 
498 
427 
368 
311 
262 
232 
211 
198 
183 
166 
151 
139 
130 
125 
120 
252 
258 
261 
261 
261 
261 
259 
260 
264 
266 
273 
280 
281 
280 
280 
280 
279 
278 
279 
279 
283 
287 
287 
287 
286 
286 
286 
285 
288 
271 
259 
255 
255 
253 
251 
247 
245 
243 
254 
348 
135 
133 
132 
129 
127 
128 
128 
135 
140 
145 
147 
146 
144 
143 
144 
146 
145 
146 
150 
155 
156 
156 
155 
154 
154 
153 
159 
167 
167 
164 
154 
154 
151 
151 
149 
146 
151 
189 
313 
551 
248 
252 
254 
253 
251 
249 
248 
249 
251 
255 
260 
263 
264 
264 
262 
262 
261 
260 
263 
265 
268 
270 
268 
267 
266 
265 
266 
253 
242 
244 
251 
248 
250 
245 
243 
239 
269 
438 
815 
1297 
1849 
2429 
2942 
3408 
3851 
4019 
4025 
4024 
4024 
4027 
4026 
4013 
3934 
3593 
3108 
2560 
1987 
1494 
1184 
985 
848 
732 
635 
559 
493 
443 
391 
338 
304 
283 
270 
258 
241 
228 
218 
208 
203 
198 
197 
201 
185 
187 
194 
194 
195 
193 
192 
190 
188 
189 
191 
192 
199 
202 
203 
202 
200 
199 
197 
196 
197 
198 
202 
210 
215 
219 
219 
214 
209 
217 
210 
197 
192 
194 
199 
200 
200 
201 
205 
249 
140 
138 
138 
139 
142 
141 
138 
138 
134 
132 
131 
132 
136 
143 
150 
153 
152 
153 
153 
154 
154 
155 
163 
170 
173 
173 
171 
169 
169 
167 
165 
164 
170 
176 
181 
182 
181 
180 
179 
183 
231 
231 
282 
500 
908 
1425 
1993 
2591 
3148 
3626 
3962 
4024 
4026 
4025 
4025 
4025 
3977 
3710 
3254 
2730 
2146 
1611 
1244 
1007 
841 
715 
619 
539 
475 
421 
375 
327 
286 
256 
238 
227 
219 
211 
205 
199 
195 
193 
190 
187 
186 
184 
183 
184 
185 
187 
189 
190 
189 
188 
188 
189 
190 
188 
191 
193 
194 
198 
197 
198 
199 
201 
205 
205 
211 
219 
215 
211 
214 
208 
194 
187 
187 
191 
199 
199 
245 
246 
252 
248 
280 
446 
816 
1292 
1834 
2403 
2919 
3399 
3845 
4015 
4023 
4025 
4026 
4026 
4026 
4014 
3933 
3591 
3107 
2562 
1991 
1499 
1190 
992 
853 
739 
640 
563 
497 
439 
385 
333 
305 
289 
274 
262 
184 
183 
187 
194 
246 
459 
879 
1412 
1940 
1584 
1235 
974 
803 
687 
599 
525 
466 
415 
365 
319 
288 
267 
252 
245 
239 
230 
220 
214 
206 
195 
191 
188 
190 
197 
200 
203 
204 
204 
206 
205 
318 
315 
314 
312 
312 
311 
315 
318 
326 
332 
333 
334 
334 
334 
335 
335 
336 
338 
343 
347 
347 
327 
309 
300 
299 
291 
287 
281 
284 
285 
295 
3