-15376 
0 
262180 
32761 
-221139120 
14 
0 
0 
-2145979060 
1 
-221249536 
32761 
-217987728 
32761 
-221160800 
32761 
-14704 
0 
1251923471 
6233 
-220316912 
32761 
0 
0 
-15248 
0 
0 
0 
0 
0 
-13424 
0 
-2143963392 
1 
-15376 
0 
-15680 
0 
262180 
0 
-15120 
0 
257 
32 
68 
5 
99180 
8 
0 
2 
5505102 
4259872 
5505109 
5177416 
4784210 
5832788 
0 
0 
0 
0 
0 
0 
0 
0 
0 
0 
-15592 
0 
568 
384 
0 
0 
1 
0 
0 
0 
0 
0 
0 
0 
0 
0 
0 
0 
8248640 
0 
0 
0 
0 
0 
0 
0 
0 
0 
0 
0 
-15248 
0 
-218005248 
32761 
0 
0 
0 
0 
0 
0 
0 
0 
-13816 
0 
0 
0 
1 
0 
0 
0 
2912256 
0 
0 
0 
0 
0 
758197587 
875965749 
3552045 
808530740 
3291448 
859321645 
825046070 
875968568 
909521453 
842151729 
758329394 
926496049 
959526965 
908931888 
943141173 
909193778 
825766445 
925972789 
758330932 
909324856 
959788085 
808594739 
859189817 
926233907 
943206701 
859189557 
3748920 
0 
0 
0 
0 
0 
-15344 
0 
8225464 
0 
8225440 
0 
8225508 
0 
0 
0 
60 
0 
0 
0 
1 
0 
0 
0 
0 
0 
0 
0 
0 
0 
0 
0 
0 
0 
0 
0 
-218338320 
32761 
7077955 
7667823 
2097252 
6488129 
7274595 
7209077 
2097268 
7667777 
6815860 
7209061 
6881396 
6357091 
6881396 
7209071 
0 
0 
448 
2 
0 
0 
0 
0 
0 
0 
0 
0 
0 
0 
0 
0 
0 
0 
-13248 
0 
-2147071248 
1 
0 
0 
-27048 
0 
0 
0 
0 
0 
-13816 
0 
0 
0 
0 
0 
0 
0 
0 
0 
0 
0 
-14704 
0 
0 
0 
0 
0 
0 
0 
0 
0 
0 
0 
8254368 
0 
322 
0 
1251923247 
6233 
-14824 
0 
0 
0 
-13816 
0 
0 
0 
0 
0 
-218005112 
32761 
0 
0 
-218003552 
32761 
-220317616 
32761 
-218003552 
32761 
0 
0 
0 
0 
-218005112 
32761 
-14704 
0 
-13816 
0 
1903232307 
0 
-199358544 
32761 
-217921614 
32761 
-217987760 
32761 
2 
0 
-217987728 
32761 
-13816 
0 
512 
0 
661120554 
33843 
-217921620 
32761 
0 
0 
-2146619762 
1 
-14544 
0 
-2146506771 
1 
8255184 
0 
-199531375 
32761 
0 
0 
0 
0 
8254368 
0 
380 
0 
67 
32761 
399 
0 
48 
7667823 
0 
0 
0 
0 
0 
0 
0 
0 
0 
0 
0 
0 
0 
0 
303840 
8 
-2145116848 
1 
0 
0 
-2146619218 
1 
1 
0 
-13696 
0 
1 
0 
-2147198918 
1 
-14096 
0 
8254368 
0 
11 
0 
-2145615163 
1 
399 
0 
11 
0 
0 
0 
11 
0 
-14032 
0 
-2143942512 
1 
-2143944440 
1 
-2145190791 
1 
16 
8 
-2147202347 
1 
528 
0 
17 
8 
0 
0 
-2147199789 
1 
-2143942648 
1 
0 
0 
-2144872137 
1 
-14032 
0 
17 
8 
-2144821912 
1 
-2143942632 
1 
-2143944456 
1 
17 
8 
-2144821912 
1 
16 
8 
-2147202551 
1 
7 
0 
-14032 
0 
-2144872137 
1 
-2146473625 
1 
-14032 
0 
-2146470715 
1 
2240 
0 
-2145684739 
1 
-13504 
0 
0 
0 
-13504 
0 
-2146506395 
1 
-13216 
0 
-2144537984 
1 
-13424 
0 
0 
0 
-13744 
0 
-13752 
0 
-2145128704 
1 
-2146502650 
1 
0 
0 
-2145166944 
1 
0 
0 
0 
0 
8254384 
0 
-2145933643 
1 
64 
0 
682 
684 
690 
693 
699 
703 
709 
714 
715 
715 
711 
703 
691 
684 
683 
681 
689 
704 
711 
716 
719 
721 
722 
720 
710 
701 
694 
695 
698 
703 
705 
712 
741 
756 
763 
756 
747 
737 
730 
726 
714 
717 
723 
729 
748 
751 
758 
766 
765 
760 
752 
740 
731 
727 
726 
735 
749 
732 
718 
716 
717 
715 
706 
694 
683 
677 
681 
689 
769 
951 
1196 
1492 
1322 
1427 
1487 
1521 
1495 
1415 
1302 
1163 
1039 
958 
912 
885 
867 
852 
845 
840 
833 
829 
823 
810 
797 
777 
755 
752 
754 
757 
761 
764 
768 
771 
772 
763 
753 
742 
736 
734 
732 
735 
742 
750 
757 
763 
767 
763 
755 
745 
738 
732 
730 
731 
736 
742 
752 
761 
766 
765 
759 
751 
742 
729 
716 
724 
726 
714 
720 
726 
728 
731 
728 
725 
715 
710 
704 
707 
714 
754 
859 
996 
1157 
1313 
1458 
1558 
1611 
1635 
1602 
1520 
1413 
1278 
1147 
1037 
969 
929 
898 
873 
843 
822 
800 
780 
773 
767 
768 
756 
746 
739 
744 
746 
745 
734 
723 
714 
710 
706 
705 
707 
711 
719 
724 
728 
723 
722 
684 
685 
688 
686 
689 
696 
703 
709 
714 
719 
720 
715 
701 
690 
683 
674 
681 
692 
696 
703 
711 
721 
729 
730 
722 
709 
700 
692 
692 
696 
691 
697 
708 
720 
731 
739 
739 
730 
720 
707 
705 
707 
696 
699 
703 
712 
723 
730 
734 
734 
731 
732 
729 
719 
715 
714 
714 
720 
714 
717 
727 
737 
747 
750 
747 
740 
730 
723 
720 
716 
715 
716 
725 
739 
750 
755 
754 
750 
747 
738 
2485 
2648 
2752 
2818 
2812 
2756 
2632 
2463 
2224 
1938 
1649 
1394 
1234 
1129 
1052 
993 
953 
925 
899 
881 
869 
850 
809 
790 
775 
759 
738 
727 
719 
715 
716 
722 
733 
742 
749 
737 
736 
733 
724 
717 
1164 
1310 
1470 
1587 
1677 
1736 
1775 
1777 
1747 
1654 
1549 
1399 
1222 
1090 
1005 
950 
908 
870 
835 
805 
785 
768 
755 
749 
738 
731 
730 
723 
720 
716 
712 
703 
693 
686 
686 
688 
691 
685 
685 
690 
696 
705 
712 
714 
704 
696 
691 
687 
684 
687 
692 
697 
701 
707 
701 
714 
720 
721 
714 
704 
693 
695 
696 
687 
690 
695 
704 
718 
723 
723 
726 
719 
715 
714 
705 
700 
699 
702 
710 
714 
703 
701 
700 
692 
694 
701 
712 
721 
731 
737 
734 
721 
708 
692 
686 
689 
693 
704 
721 
733 
738 
737 
731 
720 
705 
698 
680 
681 
687 
693 
700 
704 
705 
705 
698 
691 
695 
733 
826 
964 
712 
708 
707 
698 
696 
696 
712 
724 
719 
729 
735 
742 
745 
735 
725 
716 
713 
715 
715 
716 
722 
732 
741 
750 
753 
750 
743 
733 
729 
728 
722 
718 
714 
725 
739 
747 
750 
753 
758 
755 
1788 
2043 
2288 
2485 
2646 
2759 
2833 
2835 
768 
759 
752 
751 
744 
755 
763 
772 
779 
788 
794 
795 
792 
781 
773 
762 
755 
757 
742 
732 
734 
736 
741 
745 
746 
734 
721 
708 
714 
790 
963 
1204 
716 
757 
822 
910 
987 
1044 
1075 
1095 
1085 
1038 
973 
911 
862 
827 
802 
783 
767 
760 
755 
755 
758 
759 
763 
766 
767 
749 
727 
711 
700 
698 
697 
698 
701 
706 
714 
720 
721 
717 
707 
698 
744 
735 
724 
719 
717 
716 
716 
722 
729 
734 
740 
751 
752 
747 
736 
723 
715 
712 
712 
714 
719 
728 
737 
746 
747 
745 
732 
706 
694 
686 
682 
685 
685 
694 
704 
713 
720 
719 
719 
725 
764 
864 
990 
1128 
1269 
1377 
1445 
1478 
1452 
1369 
1258 
1122 
998 
919 
871 
841 
822 
808 
803 
802 
798 
794 
783 
769 
752 
734 
718 
711 
709 
710 
713 
720 
720 
721 
721 
719 
712 
706 
702 
703 
716 
721 
725 
726 
722 
719 
709 
701 
696 
693 
696 
705 
710 
713 
717 
717 
727 
734 
724 
719 
713 
709 
710 
715 
722 
720 
721 
714 
717 
712 
708 
709 
703 
697 
693 
690 
690 
701 
748 
854 
1000 
1174 
1330 
1499 
1627 
1728 
1775 
1803 
1796 
1764 
1676 
1570 
1420 
1271 
1134 
1041 
978 
932 
887 
850 
821 
805 
790 
775 
765 
742 
740 
746 
730 
738 
742 
745 
742 
730 
720 
712 
708 
710 
712 
714 
719 
720 
729 
742 
744 
741 
731 
719 
715 
714 
710 
709 
712 
722 
735 
748 
754 
751 
745 
736 
730 
720 
715 
717 
720 
728 
740 
744 
752 
757 
762 
758 
749 
742 
732 
727 
723 
726 
734 
747 
780 
789 
794 
794 
786 
775 
765 
756 
753 
754 
761 
768 
775 
780 
785 
784 
784 
785 
779 
772 
768 
774 
778 
773 
771 
774 
759 
750 
749 
745 
738 
735 
727 
713 
704 
701 
714 
793 
970 
1217 
699 
740 
808 
902 
987 
1052 
1092 
1114 
1102 
1050 
971 
898 
841 
803 
781 
769 
762 
764 
765 
768 
770 
769 
762 
755 
746 
727 
708 
701 
701 
703 
707 
712 
707 
711 
717 
716 
709 
700 
692 
686 
743 
740 
732 
724 
719 
714 
716 
718 
723 
730 
736 
741 
742 
741 
734 
728 
725 
718 
720 
716 
718 
720 
723 
729 
734 
735 
738 
730 
709 
694 
688 
684 
682 
684 
691 
698 
703 
708 
708 
706 
715 
764 
865 
995 
1134 
1275 
1375 
1435 
1471 
1447 
1370 
1262 
1125 
1004 
921 
872 
839 
818 
806 
797 
791 
787 
784 
778 
767 
758 
741 
725 
717 
712 
708 
705 
711 
715 
718 
720 
719 
711 
703 
695 
687 
696 
705 
704 
709 
714 
723 
727 
729 
718 
706 
700 
699 
702 
708 
704 
711 
720 
726 
734 
738 
736 
729 
718 
716 
719 
712 
707 
692 
689 
695 
707 
704 
706 
710 
710 
710 
710 
711 
748 
846 
989 
1164 
1315 
1486 
1614 
1720 
1796 
750 
750 
750 
750 
750 
753 
754 
754 
751 
756 
735 
719 
710 
704 
700 
698 
696 
696 
693 
694 
708 
781 
953 
1185 
1475 
1770 
2030 
2276 
2471 
2636 
2742 
2806 
716 
721 
724 
724 
724 
725 
725 
722 
723 
722 
723 
723 
721 
724 
728 
728 
727 
725 
720 
704 
698 
696 
694 
696 
699 
703 
703 
702 
703 
702 
705 
719 
769 
876 
1007 
1149 
1290 
1395 
1452 
1474 
728 
729 
730 
729 
730 
728 
727 
728 
730 
730 
730 
732 
735 
735 
734 
738 
743 
739 
734 
715 
712 
712 
712 
713 
713 
712 
712 
713 
717 
728 
765 
861 
1000 
1173 
1328 
1498 
1624 
1727 
1789 
1826 
2791 
2722 
2588 
2418 
2176 
1893 
1617 
1383 
1231 
1133 
1057 
994 
945 
908 
877 
854 
838 
814 
781 
763 
751 
743 
734 
727 
721 
715 
712 
707 
704 
705 
704 
704 
705 
704 
706 
707 
707 
704 
702 
699 
723 
726 
730 
733 
734 
731 
732 
731 
729 
728 
726 
726 
725 
727 
729 
731 
731 
734 
736 
735 
732 
732 
730 
732 
731 
732 
734 
735 
738 
739 
738 
737 
734 
733 
732 
731 
731 
732 
734 
735 
747 
748 
748 
747 
747 
749 
752 
755 
756 
755 
754 
752 
752 
754 
753 
747 
742 
746 
728 
715 
710 
707 
704 
705 
703 
699 
691 
690 
702 
776 
949 
1188 
1479 
1772 
2034 
2276 
2474 
2642 
2744 
2804 
2788 
2726 
2598 
2424 
2179 
1893 
1610 
1376 
1226 
1131 
1058 
998 
953 
916 
885 
859 
839 
810 
775 
756 
744 
737 
733 
728 
724 
721 
716 
714 
710 
708 
705 
703 
702 
703 
703 
704 
702 
703 
706 
703 
704 
702 
701 
701 
702 
703 
705 
705 
706 
706 
706 
707 
706 
705 
704 
703 
703 
706 
705 
686 
680 
678 
677 
675 
672 
673 
671 
673 
675 
676 
680 
686 
707 
757 
830 
925 
1004 
1062 
1092 
1104 
718 
719 
724 
727 
728 
728 
726 
726 
722 
720 
719 
717 
716 
718 
723 
730 
733 
734 
725 
708 
699 
694 
692 
690 
695 
704 
706 
706 
705 
699 
701 
716 
765 
872 
1005 
1146 
1288 
1390 
1446 
1469 
725 
723 
719 
717 
716 
716 
718 
722 
724 
724 
725 
726 
727 
726 
723 
721 
720 
721 
718 
706 
700 
699 
698 
700 
700 
700 
698 
696 
697 
698 
702 
714 
766 
875 
1006 
1148 
1290 
1393 
1448 
1470 
2787 
2735 
2608 
2433 
2187 
1894 
1610 
1371 
1215 
1118 
1047 
990 
951 
920 
890 
863 
842 
811 
771 
750 
739 
730 
726 
725 
727 
726 
721 
714 
706 
699 
695 
693 
692 
693 
700 
708 
711 
710 
706 
700 
699 
698 
697 
699 
700 
701 
701 
703 
703 
704 
704 
702 
702 
702 
702 
705 
705 
705 
704 
706 
701 
680 
674 
674 
673 
671 
670 
670 
668 
673 
675 
677 
683 
687 
709 
753 
824 
916 
998 
1057 
1088 
1102 
1086 
1035 
962 
898 
850 
821 
787 
793 
796 
796 
788 
780 
774 
770 
768 
768 
769 
776 
784 
789 
789 
795 
773 
751 
735 
723 
716 
716 
721 
723 
725 
729 
746 
822 
989 
1218 
1498 
1784 
2043 
2287 
2479 
2646 
2753 
2821 
2816 
2758 
2636 
2458 
2205 
1910 
1622 
1385 
1233 
1141 
1073 
1019 
983 
954 
926 
895 
866 
830 
788 
766 
754 
744 
740 
740 
743 
747 
747 
743 
736 
729 
721 
714 
710 
707 
711 
715 
721 
727 
731 
732 
732 
727 
717 
709 
706 
702 
703 
706 
711 
719 
725 
730 
732 
728 
718 
710 
700 
699 
696 
680 
678 
684 
689 
696 
698 
694 
685 
676 
664 
665 
668 
676 
701 
755 
1106 
1263 
1416 
1524 
1583 
1602 
1574 
1496 
1386 
1247 
1106 
990 
923 
883 
845 
826 
822 
818 
803 
793 
780 
765 
754 
735 
723 
713 
710 
713 
718 
725 
733 
735 
731 
724 
714 
697 
692 
697 
696 
698 
701 
707 
718 
728 
723 
728 
730 
726 
719 
713 
706 
703 
705 
704 
718 
721 
727 
734 
741 
741 
736 
734 
729 
717 
709 
702 
701 
687 
691 
695 
698 
704 
707 
715 
726 
736 
775 
864 
990 
1149 
1301 
1477 
1615 
1728 
1800 
1840 
1838 
1804 
1698 
1578 
1416 
1254 
1115 
1024 
961 
918 
885 
861 
843 
816 
807 
799 
793 
776 
755 
742 
733 
729 
727 
731 
733 
738 
735 
737 
747 
745 
735 
727 
717 
714 
746 
754 
761 
769 
772 
773 
769 
767 
760 
752 
750 
749 
742 
747 
755 
760 
763 
766 
772 
776 
774 
773 
765 
761 
761 
760 
761 
764 
769 
773 
777 
782 
784 
782 
776 
767 
761 
759 
760 
763 
766 
773 
781 
786 
787 
786 
779 
771 
766 
762 
761 
763 
770 
777 
785 
791 
796 
790 
790 
783 
774 
762 
753 
757 
743 
731 
730 
734 
736 
733 
734 
727 
715 
706 
711 
784 
956 
1199 
1491 
1788 
1329 
1483 
1606 
1710 
1774 
1817 
1816 
1789 
1701 
1592 
1444 
1289 
1145 
1041 
965 
915 
877 
850 
830 
817 
807 
801 
797 
787 
777 
764 
752 
742 
732 
730 
730 
720 
721 
722 
723 
730 
736 
740 
745 
747 
743 
737 
733 
726 
724 
726 
725 
735 
743 
749 
753 
755 
752 
744 
740 
735 
723 
726 
729 
733 
740 
749 
757 
755 
759 
760 
755 
748 
731 
734 
738 
742 
741 
743 
750 
759 
767 
771 
773 
760 
695 
706 
716 
722 
722 
718 
708 
699 
692 
685 
685 
688 
693 
701 
707 
712 
718 
716 
710 
701 
693 
687 
682 
682 
678 
667 
672 
680 
687 
685 
681 
671 
660 
651 
648 
648 
653 
665 
694 
748 
827 
924 
1002 
1048 
1068 
1075 
1055 
1003 
934 
872 
832 
810 
801 
794 
783 
773 
761 
751 
744 
736 
732 
734 
736 
729 
720 
717 
719 
718 
715 
707 
701 
693 
689 
689 
690 
695 
700 
703 
707 
710 
1120 
1268 
1375 
1430 
1457 
1427 
1344 
1232 
716 
704 
701 
704 
712 
709 
726 
738 
742 
747 
749 
743 
733 
720 
709 
710 
706 
693 
692 
696 
692 
701 
708 
713 
714 
710 
704 
697 
696 
697 
718 
766 
848 
950 
1038 
1102 
1134 
1147 
1119 
1056 
978 
911 
863 
837 
829 
828 
825 
826 
823 
816 
804 
792 
782 
777 
779 
772 
764 
765 
765 
767 
767 
765 
759 
749 
739 
735 
737 
741 
739 
743 
748 
752 
718 
727 
735 
739 
735 
727 
720 
714 
712 
707 
710 
714 
719 
728 
733 
737 
739 
733 
726 
718 
707 
709 
714 
713 
715 
709 
713 
714 
711 
707 
697 
684 
677 
675 
679 
696 
744 
847 
992 
1167 
704 
709 
711 
706 
699 
691 
682 
682 
686 
690 
697 
703 
704 
709 
712 
712 
709 
704 
698 
695 
694 
690 
691 
693 
699 
695 
705 
718 
724 
723 
715 
708 
700 
701 
704 
702 
699 
702 
707 
714 
2030 
2283 
2482 
2648 
2746 
2793 
2772 
2709 
2577 
2406 
2169 
1875 
1597 
1370 
1229 
1143 
1077 
1007 
962 
923 
889 
863 
843 
809 
776 
763 
756 
724 
733 
746 
748 
746 
742 
736 
723 
715 
712 
712 
706 
706 
1294 
1465 
1597 
1702 
1768 
1812 
1815 
1785 
1687 
1576 
1412 
1247 
1099 
993 
931 
889 
859 
839 
824 
813 
800 
786 
769 
744 
723 
712 
706 
702 
697 
696 
699 
704 
711 
713 
711 
704 
696 
688 
681 
683 
702 
707 
714 
721 
713 
721 
726 
724 
734 
736 
732 
725 
717 
711 
711 
711 
711 
713 
711 
727 
744 
746 
745 
742 
736 
730 
718 
712 
714 
718 
726 
729 
736 
746 
752 
756 
755 
747 
733 
723 
720 
724 
728 
731 
735 
730 
745 
758 
741 
746 
750 
747 
746 
738 
735 
735 
737 
745 
753 
756 
762 
754 
752 
762 
742 
715 
699 
688 
687 
692 
692 
690 
689 
697 
719 
799 
965 
1192 
1472 
1755 
2020 
2261 
2454 
2618 
2719 
2787 
2792 
2743 
2621 
2444 
2193 
1895 
1604 
1369 
1214 
1121 
1049 
989 
953 
930 
909 
884 
864 
836 
797 
773 
756 
745 
735 
729 
729 
731 
733 
741 
746 
746 
742 
734 
723 
711 
762 
754 
748 
747 
742 
737 
735 
735 
740 
746 
753 
760 
769 
775 
774 
770 
761 
749 
741 
735 
734 
739 
747 
754 
759 
763 
768 
773 
766 
744 
727 
716 
711 
711 
715 
724 
733 
740 
749 
754 
759 
768 
810 
900 
1020 
1155 
1296 
1402 
1467 
1498 
1470 
1389 
1278 
1156 
1043 
966 
919 
887 
866 
847 
833 
821 
818 
823 
823 
821 
812 
794 
777 
761 
752 
748 
744 
744 
745 
750 
755 
759 
758 
756 
710 
753 
853 
985 
1137 
1278 
1420 
1532 
1598 
1628 
1602 
1519 
1409 
1265 
1129 
1012 
947 
910 
884 
868 
851 
835 
812 
794 
778 
760 
750 
737 
730 
735 
745 
752 
748 
743 
735 
721 
707 
697 
694 
699 
712 
716 
714 
711 
704 
691 
684 
681 
874 
853 
835 
820 
802 
788 
772 
761 
750 
747 
744 
738 
730 
730 
730 
730 
726 
718 
710 
705 
700 
698 
697 
700 
706 
710 
715 
719 
721 
716 
711 
704 
698 
697 
700 
703 
707 
713 
715 
721 
723 
721 
718 
712 
704 
698 
692 
688 
691 
689 
689 
701 
706 
696 
699 
698 
692 
689 
682 
678 
676 
675 
670 
678 
692 
735 
837 
972 
1124 
1270 
1404 
1498 
707 
707 
702 
704 
714 
724 
731 
739 
741 
739 
731 
723 
718 
714 
711 
710 
715 
731 
741 
740 
740 
722 
719 
719 
705 
700 
696 
694 
696 
700 
708 
727 
776 
881 
1023 
1190 
1333 
1491 
1609 
1712 
1779 
1816 
1816 
1779 
1691 
1591 
1436 
1282 
1133 
1035 
980 
931 
890 
856 
830 
816 
803 
793 
786 
770 
763 
766 
759 
755 
749 
738 
730 
727 
727 
723 
720 
721 
729 
743 
744 
746 
742 
738 
733 
729 
744 
743 
743 
747 
752 
759 
768 
774 
778 
772 
766 
764 
758 
752 
747 
743 
743 
742 
746 
751 
758 
765 
774 
784 
789 
793 
789 
779 
768 
757 
752 
752 
755 
762 
768 
778 
786 
792 
793 
787 
2726 
2776 
2769 
2715 
2597 
2430 
2191 
1905 
1623 
1387 
1230 
1126 
1048 
987 
949 
919 
896 
879 
858 
832 
800 
779 
761 
742 
730 
723 
717 
715 
715 
716 
716 
721 
723 
722 
717 
710 
703 
698 
696 
695 
698 
699 
704 
710 
714 
715 
711 
707 
702 
698 
694 
694 
695 
697 
700 
703 
708 
710 
710 
709 
702 
678 
667 
663 
659 
657 
656 
660 
666 
675 
681 
687 
687 
685 
695 
733 
801 
890 
969 
1026 
1064 
1085 
1075 
1027 
956 
893 
842 
807 
785 
773 
763 
759 
756 
755 
759 
762 
764 
761 
752 
729 
709 
701 
698 
695 
697 
690 
681 
687 
697 
707 
713 
711 
706 
699 
694 
691 
688 
690 
693 
698 
1144 
1285 
1379 
1424 
1443 
1405 
1319 
1213 
1091 
986 
918 
883 
856 
832 
812 
797 
782 
772 
768 
759 
752 
746 
731 
719 
719 
725 
734 
738 
736 
728 
715 
704 
693 
686 
687 
692 
700 
715 
726 
728 
759 
756 
752 
757 
763 
772 
782 
792 
800 
797 
791 
779 
769 
760 
757 
757 
759 
764 
772 
778 
777 
778 
781 
761 
737 
723 
711 
706 
707 
711 
714 
716 
721 
735 
808 
971 
1198 
1473 
1762 
2009 
2249 
2451 
2619 
2734 
2803 
2804 
2744 
2612 
2431 
2179 
1887 
1602 
1366 
1213 
1122 
1054 
1003 
965 
936 
911 
882 
856 
821 
781 
756 
739 
730 
727 
727 
729 
731 
732 
727 
720 
711 
702 
695 
693 
695 
697 
703 
708 
715 
718 
719 
715 
708 
698 
690 
686 
688 
691 
695 
705 
710 
712 
714 
712 
706 
700 
691 
686 
687 
685 
671 
669 
675 
679 
678 
676 
671 
663 
658 
656 
659 
664 
671 
693 
744 
819 
1131 
1274 
1378 
1437 
1462 
1423 
1331 
1218 
1383 
1275 
1148 
1035 
959 
912 
878 
851 
834 
824 
822 
820 
826 
827 
820 
805 
780 
754 
737 
731 
733 
740 
753 
760 
763 
765 
759 
750 
741 
731 
727 
727 
717 
714 
710 
705 
702 
699 
699 
696 
696 
701 
709 
716 
720 
722 
718 
710 
703 
700 
699 
700 
702 
707 
719 
730 
731 
728 
709 
698 
686 
675 
670 
670 
671 
677 
686 
696 
715 
761 
855 
984 
729 
723 
719 
715 
714 
714 
719 
728 
737 
745 
747 
747 
744 
738 
731 
719 
712 
706 
713 
726 
705 
723 
738 
750 
760 
759 
750 
739 
731 
729 
728 
728 
732 
738 
747 
757 
760 
762 
759 
752 
1774 
2026 
2261 
2451 
2616 
2730 
2799 
2797 
2744 
2615 
2446 
2199 
1903 
1614 
1375 
1223 
1128 
1060 
1010 
972 
946 
924 
903 
882 
848 
805 
778 
758 
745 
736 
731 
729 
733 
730 
731 
732 
737 
735 
739 
745 
746 
743 
736 
731 
724 
718 
718 
720 
721 
724 
728 
736 
744 
748 
748 
741 
737 
732 
728 
726 
726 
727 
730 
734 
744 
745 
731 
724 
717 
707 
696 
690 
689 
691 
695 
699 
707 
718 
728 
747 
735 
734 
738 
743 
748 
755 
762 
766 
767 
761 
752 
746 
741 
740 
743 
748 
752 
758 
766 
771 
774 
771 
763 
754 
740 
722 
715 
715 
720 
726 
733 
741 
746 
746 
742 
732 
726 
734 
781 
884 
1017 
1160 
1307 
1414 
1476 
1503 
1469 
1381 
1265 
1131 
1015 
945 
904 
878 
863 
851 
842 
835 
824 
813 
801 
787 
779 
767 
757 
756 
759 
762 
766 
765 
763 
752 
740 
728 
723 
722 
726 
732 
739 
748 
754 
757 
753 
746 
737 
730 
726 
725 
727 
734 
741 
746 
750 
753 
751 
746 
739 
729 
723 
719 
724 
726 
721 
735 
742 
729 
727 
719 
707 
698 
688 
689 
693 
699 
703 
714 
726 
767 
862 
985 
690 
692 
694 
700 
710 
711 
716 
719 
718 
718 
715 
709 
701 
696 
696 
703 
710 
709 
709 
713 
721 
726 
724 
719 
715 
709 
708 
709 
710 
711 
714 
722 
734 
741 
740 
738 
725 
722 
718 
703 
738 
744 
740 
742 
752 
761 
769 
774 
768 
764 
756 
747 
744 
746 
746 
746 
749 
755 
767 
781 
782 
775 
763 
760 
735 
717 
707 
703 
701 
706 
714 
717 
721 
726 
735 
800 
957 
1183 
1463 
1750 
2019 
2270 
2473 
2643 
2746 
2803 
2792 
2732 
2605 
2427 
2181 
1891 
1606 
1378 
1236 
1145 
1074 
1021 
980 
946 
911 
880 
855 
825 
794 
776 
763 
753 
749 
751 
753 
758 
763 
759 
750 
738 
728 
720 
718 
721 
724 
732 
740 
751 
760 
759 
750 
739 
726 
715 
712 
712 
718 
727 
738 
746 
756 
758 
756 
747 
733 
722 
718 
719 
719 
706 
710 
718 
721 
724 
720 
715 
705 
696 
690 
688 
690 
696 
721 
778 
1034 
1162 
1295 
1391 
1440 
1468 
1441 
1360 
2194 
1901 
1612 
1372 
1218 
1122 
1050 
988 
949 
925 
904 
886 
872 
845 
804 
775 
753 
740 
731 
728 
727 
727 
732 
736 
738 
737 
731 
719 
708 
702 
697 
698 
703 
709 
714 
721 
726 
728 
727 
716 
707 
701 
697 
698 
701 
705 
711 
718 
724 
729 
728 
719 
710 
703 
692 
670 
668 
670 
670 
674 
678 
685 
687 
685 
680 
673 
671 
674 
693 
742 
814 
909 
994 
1054 
1088 
1103 
1081 
1022 
945 
881 
834 
808 
791 
784 
766 
768 
770 
770 
767 
760 
754 
749 
746 
731 
717 
712 
710 
709 
715 
717 
719 
717 
712 
704 
696 
691 
689 
690 
693 
697 
704 
711 
1275 
1371 
1422 
1438 
1404 
1321 
1217 
1095 
990 
928 
891 
864 
839 
816 
794 
776 
766 
759 
755 
754 
754 
749 
741 
741 
739 
733 
724 
713 
706 
699 
696 
698 
701 
707 
713 
716 
719 
717 
711 
702 
762 
769 
775 
782 
789 
795 
798 
793 
784 
775 
766 
763 
763 
766 
772 
778 
785 
790 
794 
789 
780 
776 
745 
723 
713 
710 
714 
725 
734 
737 
735 
733 
741 
804 
962 
1187 
1468 
1755 
2020 
2267 
992 
1040 
1065 
1078 
1058 
1006 
938 
881 
841 
818 
808 
799 
787 
775 
761 
750 
742 
737 
735 
739 
743 
736 
730 
728 
726 
721 
712 
702 
696 
693 
692 
694 
699 
705 
712 
717 
718 
716 
707 
695 
722 
719 
713 
702 
697 
694 
697 
700 
704 
710 
718 
722 
726 
724 
719 
710 
703 
696 
692 
695 
699 
699 
700 
712 
720 
707 
702 
694 
685 
680 
674 
664 
668 
674 
681 
684 
700 
747 
848 
973 
2032 
2272 
2466 
2633 
2745 
2806 
2793 
2724 
2582 
2399 
2151 
1870 
1592 
1368 
1228 
1139 
1071 
1015 
969 
927 
887 
858 
833 
809 
777 
764 
756 
752 
751 
747 
742 
732 
719 
708 
699 
695 
695 
698 
700 
707 
829 
917 
991 
1033 
1054 
1064 
1046 
987 
922 
872 
837 
816 
804 
795 
782 
766 
750 
739 
734 
733 
736 
746 
746 
736 
729 
724 
721 
715 
707 
700 
691 
689 
686 
689 
694 
702 
707 
712 
711 
706 
1488 
1614 
1717 
1784 
1831 
1840 
1810 
1715 
1606 
1445 
1280 
1132 
1024 
954 
909 
878 
861 
850 
830 
820 
813 
808 
791 
769 
748 
736 
731 
730 
732 
739 
736 
738 
746 
751 
729 
739 
747 
746 
736 
730 
699 
703 
708 
714 
719 
726 
730 
726 
720 
714 
707 
702 
701 
704 
707 
713 
719 
722 
726 
728 
723 
715 
706 
698 
682 
677 
679 
681 
684 
679 
682 
691 
694 
692 
685 
682 
692 
738 
843 
975 
731 
743 
755 
762 
759 
756 
747 
738 
734 
734 
734 
739 
745 
755 
762 
765 
761 
760 
759 
754 
746 
740 
738 
741 
743 
747 
751 
759 
764 
767 
766 
760 
755 
750 
750 
750 
752 
756 
759 
766 
770 
774 
778 
773 
767 
759 
753 
750 
708 
717 
718 
727 
728 
719 
712 
701 
697 
696 
698 
704 
711 
722 
738 
750 
746 
739 
711 
690 
675 
670 
671 
677 
691 
691 
702 
713 
730 
772 
859 
985 
768 
762 
756 
754 
755 
757 
762 
759 
769 
777 
784 
786 
779 
767 
760 
759 
760 
763 
767 
772 
777 
782 
783 
779 
787 
766 
743 
728 
719 
714 
715 
720 
720 
719 
719 
730 
803 
972 
1203 
1487 
715 
719 
727 
732 
736 
739 
739 
737 
730 
724 
719 
716 
715 
719 
723 
724 
728 
733 
737 
739 
738 
735 
725 
718 
716 
704 
683 
680 
689 
697 
707 
709 
705 
698 
692 
682 
676 
676 
684 
707 
716 
702 
694 
692 
693 
694 
692 
702 
715 
727 
721 
723 
723 
722 
715 
711 
708 
705 
703 
712 
720 
711 
717 
713 
716 
717 
711 
699 
699 
695 
686 
683 
685 
689 
739 
845 
979 
1159 
1326 
1501 
735 
729 
722 
712 
709 
707 
706 
710 
703 
714 
728 
708 
723 
735 
743 
743 
732 
724 
718 
715 
717 
720 
726 
732 
736 
743 
753 
752 
748 
740 
729 
725 
724 
719 
723 
731 
734 
745 
754 
746 
721 
713 
710 
710 
714 
720 
728 
734 
739 
740 
736 
727 
718 
711 
708 
709 
712 
715 
722 
727 
732 
738 
727 
699 
693 
684 
679 
677 
673 
679 
683 
693 
701 
707 
709 
707 
719 
755 
822 
911 
759 
754 
747 
736 
731 
729 
728 
730 
735 
743 
749 
754 
759 
759 
754 
746 
736 
730 
726 
724 
726 
732 
734 
729 
727 
727 
724 
719 
710 
705 
700 
698 
700 
701 
712 
732 
786 
892 
1021 
1155 
692 
695 
703 
712 
725 
735 
732 
731 
721 
711 
703 
697 
699 
705 
702 
709 
716 
723 
727 
737 
739 
730 
723 
699 
692 
695 
690 
691 
692 
694 
697 
706 
709 
723 
765 
854 
998 
1167 
1313 
1475 
708 
706 
709 
715 
721 
738 
748 
749 
743 
733 
720 
710 
702 
703 
710 
720 
735 
741 
744 
745 
735 
736 
738 
731 
723 
726 
731 
735 
736 
736 
737 
742 
745 
753 
752 
752 
750 
744 
732 
731 
725 
728 
735 
744 
750 
754 
754 
752 
741 
734 
724 
722 
722 
722 
732 
740 
747 
754 
756 
754 
746 
735 
728 
718 
702 
699 
699 
702 
711 
717 
724 
725 
719 
712 
704 
702 
712 
759 
863 
995 
724 
725 
720 
713 
707 
706 
706 
699 
704 
707 
710 
713 
718 
723 
727 
728 
724 
716 
710 
706 
696 
690 
700 
703 
691 
696 
701 
703 
699 
686 
678 
666 
663 
664 
672 
690 
732 
829 
963 
1111 
1253 
1391 
1492 
1551 
1580 
1555 
1479 
1373 
1241 
1110 
1002 
935 
891 
866 
846 
822 
799 
779 
765 
754 
748 
743 
741 
740 
739 
737 
733 
718 
704 
702 
701 
702 
698 
700 
703 
708 
713 
711 
719 
724 
1495 
1628 
1736 
1791 
1816 
1800 
1760 
1665 
1243 
1143 
1064 
1018 
983 
951 
915 
886 
860 
827 
792 
774 
766 
759 
760 
759 
760 
759 
754 
746 
736 
727 
723 
722 
722 
726 
733 
739 
747 
752 
750 
745 
1486 
1549 
1592 
1580 
1515 
1415 
1281 
1147 
1027 
945 
890 
848 
824 
806 
799 
798 
796 
797 
793 
789 
768 
740 
722 
711 
705 
706 
713 
716 
721 
725 
729 
727 
723 
718 
710 
707 
707 
708 
708 
710 
709 
710 
709 
713 
716 
721 
725 
720 
712 
706 
701 
699 
695 
698 
705 
716 
728 
733 
736 
735 
719 
704 
681 
678 
678 
682 
695 
706 
714 
714 
710 
702 
698 
730 
822 
961 
1134 
1295 
1474 
1609 
1714 
1780 
1812 
1811 
1775 
1673 
1556 
1398 
1239 
1098 
1003 
942 
900 
872 
851 
829 
808 
787 
771 
757 
737 
722 
716 
716 
704 
706 
711 
710 
716 
718 
714 
706 
699 
696 
695 
696 
701 
704 
705 
707 
749 
753 
751 
748 
741 
730 
721 
718 
720 
726 
735 
741 
748 
751 
754 
753 
750 
743 
733 
726 
726 
721 
706 
703 
706 
713 
716 
707 
715 
716 
713 
707 
702 
701 
702 
722 
770 
847 
944 
1032 
1092 
1121 
1131 
1104 
1044 
967 
904 
862 
837 
826 
826 
826 
825 
820 
810 
799 
785 
774 
770 
767 
756 
750 
753 
759 
760 
760 
754 
745 
732 
722 
716 
716 
720 
729 
741 
749 
754 
756 
750 
737 
1697 
1753 
1793 
1794 
1762 
1665 
1551 
1393 
1239 
1108 
1014 
953 
909 
871 
837 
807 
787 
775 
767 
761 
746 
732 
729 
728 
726 
724 
718 
710 
703 
695 
682 
681 
684 
692 
699 
709 
722 
723 
720 
714 
731 
724 
717 
714 
707 
708 
714 
723 
734 
741 
747 
748 
747 
739 
733 
725 
721 
718 
721 
728 
736 
743 
744 
750 
757 
759 
747 
734 
726 
724 
727 
723 
729 
736 
746 
754 
755 
759 
756 
754 
731 
732 
727 
725 
724 
726 
727 
726 
725 
728 
733 
741 
747 
755 
753 
750 
736 
733 
731 
728 
722 
715 
698 
698 
707 
712 
719 
722 
721 
713 
706 
700 
699 
701 
706 
730 
780 
857 
960 
1043 
760 
757 
750 
742 
736 
730 
728 
730 
733 
739 
746 
752 
757 
763 
768 
765 
761 
754 
748 
745 
744 
740 
743 
748 
749 
743 
744 
745 
746 
743 
735 
727 
722 
718 
722 
726 
734 
752 
804 
912 
1110 
1257 
1406 
1519 
1583 
1615 
1594 
1522 
1416 
1272 
1133 
1015 
941 
894 
863 
838 
823 
814 
807 
803 
799 
788 
779 
757 
738 
728 
721 
718 
720 
724 
729 
733 
737 
735 
728 
718 
709 
701 
699 
699 
730 
735 
742 
746 
745 
739 
731 
724 
720 
720 
723 
729 
735 
742 
750 
750 
750 
748 
741 
732 
725 
724 
723 
732 
729 
718 
717 
721 
723 
719 
713 
704 
697 
693 
692 
699 
709 
720 
744 
794 
907 
1039 
1177 
1313 
1412 
1467 
1491 
1454 
718 
719 
724 
729 
734 
741 
748 
751 
751 
743 
735 
723 
697 
683 
680 
682 
685 
689 
694 
698 
707 
715 
720 
722 
726 
740 
779 
845 
938 
1001 
1064 
1099 
2789 
2766 
2698 
2563 
2388 
2148 
1859 
1587 
1366 
1227 
1143 
1077 
1012 
965 
925 
887 
859 
839 
806 
776 
764 
760 
760 
763 
763 
757 
747 
735 
722 
712 
709 
708 
707 
713 
719 
725 
724 
735 
742 
742 
730 
725 
717 
712 
711 
710 
719 
730 
741 
747 
745 
736 
740 
741 
736 
726 
718 
714 
721 
724 
713 
713 
716 
715 
714 
711 
707 
699 
694 
690 
695 
704 
714 
742 
793 
868 
963 
1041 
1088 
1108 
758 
748 
743 
740 
741 
748 
754 
762 
767 
773 
774 
769 
760 
751 
744 
741 
742 
740 
738 
751 
758 
748 
749 
743 
731 
722 
713 
710 
709 
715 
724 
732 
745 
786 
877 
1000 
1143 
1279 
1413 
1514 
1574 
1611 
1593 
1523 
1426 
1294 
1167 
1051 
976 
924 
880 
848 
827 
817 
808 
805 
804 
802 
803 
791 
773 
758 
743 
731 
726 
725 
726 
730 
736 
742 
745 
747 
744 
737 
729 
721 
715 
713 
715 
718 
1778 
1825 
1828 
1789 
1683 
1562 
1398 
1235 
1090 
992 
931 
896 
875 
853 
833 
815 
791 
768 
748 
729 
713 
708 
707 
710 
712 
717 
717 
720 
719 
714 
707 
698 
689 
685 
686 
690 
693 
694 
691 
693 
1389 
1448 
1481 
1458 
1383 
1279 
1155 
1042 
968 
920 
885 
863 
846 
836 
832 
828 
828 
828 
827 
823 
806 
784 
768 
759 
755 
750 
753 
758 
762 
766 
769 
773 
773 
766 
756 
750 
743 
740 
743 
748 
1546 
1607 
1634 
1602 
1518 
1405 
1268 
1136 
1026 
962 
925 
899 
881 
862 
845 
823 
803 
789 
778 
775 
764 
755 
754 
754 
757 
757 
755 
746 
736 
727 
719 
718 
719 
725 
732 
737 
744 
748 
748 
744 
2586 
2689 
2756 
2752 
2704 
2580 
2407 
2167 
1884 
1603 
1370 
1215 
1114 
1041 
981 
941 
915 
882 
863 
849 
829 
801 
783 
762 
748 
735 
727 
723 
722 
714 
713 
718 
724 
732 
736 
735 
732 
722 
714 
710 
710 
710 
714 
716 
720 
726 
732 
729 
735 
737 
735 
724 
719 
715 
718 
722 
718 
727 
735 
745 
751 
741 
710 
707 
705 
699 
692 
685 
688 
692 
699 
706 
714 
723 
729 
745 
785 
850 
937 
1015 
1695 
1764 
1813 
1814 
1788 
1693 
1583 
1420 
1251 
1100 
996 
930 
890 
864 
842 
823 
812 
800 
788 
773 
749 
727 
713 
709 
710 
711 
711 
711 
709 
707 
708 
710 
708 
706 
702 
697 
693 
692 
691 
691 
730 
739 
746 
750 
754 
749 
742 
734 
728 
727 
727 
727 
730 
725 
737 
749 
752 
757 
752 
744 
744 
719 
698 
690 
680 
684 
678 
683 
689 
693 
702 
714 
784 
945 
1172 
1447 
1728 
1987 
2232 
2438 
729 
728 
729 
709 
719 
729 
726 
727 
759 
749 
739 
736 
733 
735 
738 
740 
745 
751 
755 
760 
758 
753 
750 
743 
738 
732 
728 
730 
735 
745 
755 
764 
766 
760 
751 
738 
727 
725 
726 
731 
736 
744 
751 
756 
756 
752 
742 
735 
731 
727 
727 
731 
737 
744 
753 
758 
759 
754 
745 
735 
727 
722 
723 
726 
732 
738 
743 
744 
744 
749 
728 
703 
687 
674 
669 
670 
673 
676 
676 
681 
698 
695 
688 
677 
670 
666 
663 
669 
677 
684 
690 
697 
703 
704 
697 
685 
674 
669 
665 
667 
670 
671 
679 
691 
700 
703 
699 
694 
687 
682 
670 
650 
646 
650 
651 
652 
657 
666 
670 
676 
728 
732 
735 
735 
734 
732 
721 
712 
705 
703 
708 
719 
727 
731 
736 
737 
741 
736 
731 
724 
718 
718 
723 
720 
720 
722 
728 
739 
739 
732 
738 
737 
717 
710 
699 
691 
690 
692 
704 
705 
767 
769 
763 
754 
747 
741 
740 
739 
740 
745 
750 
753 
758 
758 
759 
756 
747 
740 
736 
736 
736 
739 
741 
748 
752 
758 
762 
758 
750 
741 
735 
735 
734 
738 
743 
750 
758 
762 
763 
758 
707 
713 
751 
848 
985 
1142 
1292 
1432 
1528 
1578 
1601 
1579 
1506 
1391 
1254 
1127 
1022 
966 
930 
900 
875 
852 
835 
818 
805 
796 
787 
784 
770 
763 
764 
768 
768 
767 
761 
753 
748 
740 
735 
732 
730 
736 
745 
757 
763 
763 
759 
757 
752 
746 
743 
744 
743 
746 
749 
755 
760 
766 
765 
764 
762 
763 
759 
754 
751 
743 
753 
763 
763 
767 
755 
753 
751 
745 
743 
736 
730 
728 
731 
741 
757 
802 
904 
1046 
1219 
1370 
1530 
1646 
1740 
1800 
1837 
1840 
1812 
1721 
1616 
1464 
1312 
1174 
1073 
1005 
951 
910 
878 
855 
842 
830 
824 
820 
810 
799 
788 
778 
764 
753 
743 
738 
737 
743 
750 
755 
762 
935 
1170 
1453 
1738 
1985 
2215 
2403 
2567 
2674 
2739 
2734 
2681 
2556 
2385 
2140 
1854 
1572 
1336 
1186 
1092 
1017 
962 
921 
883 
854 
838 
825 
804 
774 
747 
725 
705 
688 
683 
682 
686 
697 
708 
712 
760 
753 
747 
739 
737 
735 
735 
738 
747 
749 
757 
763 
761 
755 
746 
739 
734 
733 
734 
739 
744 
749 
755 
757 
757 
752 
745 
737 
735 
735 
739 
743 
746 
751 
757 
759 
759 
754 
746 
739 
732 
727 
731 
735 
743 
750 
757 
761 
762 
760 
752 
741 
732 
730 
727 
732 
736 
743 
748 
755 
759 
760 
755 
747 
737 
731 
730 
729 
731 
736 
742 
747 
751 
757 
755 
748 
740 
730 
726 
726 
751 
922 
1162 
1451 
1739 
1989 
2220 
2408 
2571 
2676 
2736 
2731 
2672 
2547 
2378 
2139 
1855 
1574 
1340 
1191 
1088 
1012 
955 
912 
878 
853 
835 
810 
784 
757 
744 
735 
720 
706 
696 
690 
684 
680 
675 
672 
679 
687 
695 
701 
702 
698 
689 
680 
731 
720 
718 
719 
727 
736 
747 
757 
759 
757 
751 
745 
730 
718 
717 
720 
726 
742 
758 
763 
763 
754 
741 
730 
724 
721 
726 
735 
739 
741 
735 
738 
742 
741 
743 
740 
741 
741 
737 
735 
734 
734 
732 
733 
739 
743 
748 
750 
746 
738 
731 
726 
720 
719 
723 
729 
738 
748 
753 
752 
744 
734 
725 
718 
717 
717 
722 
730 
738 
747 
753 
754 
667 
661 
654 
661 
679 
725 
799 
897 
987 
1053 
1087 
1101 
1079 
1018 
941 
875 
822 
795 
780 
775 
774 
763 
769 
774 
777 
781 
771 
765 
757 
738 
723 
716 
714 
714 
721 
728 
735 
741 
738 
729 
719 
722 
725 
732 
737 
733 
728 
723 
726 
726 
727 
724 
719 
723 
731 
740 
744 
746 
745 
737 
734 
732 
725 
718 
708 
715 
730 
732 
734 
738 
752 
755 
735 
721 
707 
697 
691 
695 
701 
709 
721 
724 
728 
732 
738 
748 
754 
751 
742 
733 
724 
720 
718 
718 
722 
728 
735 
744 
750 
750 
745 
738 
730 
723 
719 
718 
720 
726 
727 
731 
746 
730 
710 
698 
686 
673 
665 
663 
659 
656 
729 
731 
737 
748 
769 
817 
916 
1052 
1214 
1356 
1515 
1634 
1737 
1804 
1850 
1852 
1821 
1730 
1630 
1477 
1316 
1166 
1055 
983 
935 
899 
872 
854 
843 
836 
829 
824 
811 
795 
778 
764 
754 
747 
745 
746 
697 
691 
683 
674 
671 
671 
674 
679 
688 
697 
699 
701 
700 
694 
683 
676 
672 
672 
672 
671 
677 
684 
691 
697 
702 
706 
700 
693 
686 
680 
677 
679 
681 
678 
665 
665 
670 
678 
676 
674 
670 
663 
658 
656 
656 
657 
662 
680 
732 
811 
904 
992 
1050 
1077 
1088 
1064 
1007 
931 
868 
826 
807 
795 
789 
789 
790 
785 
779 
765 
754 
745 
744 
743 
731 
722 
723 
728 
737 
739 
736 
726 
736 
734 
732 
728 
726 
721 
716 
714 
709 
715 
722 
710 
711 
726 
739 
748 
749 
744 
736 
730 
724 
724 
724 
725 
724 
729 
742 
747 
740 
733 
735 
732 
715 
704 
700 
696 
701 
704 
710 
718 
705 
698 
686 
683 
683 
688 
691 
698 
698 
705 
713 
719 
717 
705 
699 
693 
690 
691 
693 
702 
711 
709 
711 
719 
722 
720 
715 
706 
687 
672 
667 
665 
654 
658 
676 
682 
688 
694 
696 
704 
766 
852 
973 
1120 
1265 
1405 
1513 
1578 
1612 
1600 
1528 
1426 
1291 
1157 
1026 
959 
920 
883 
853 
833 
820 
811 
811 
816 
804 
807 
796 
782 
774 
764 
754 
738 
732 
736 
741 
747 
758 
766 
766 
770 
1156 
1449 
1745 
2007 
2232 
2410 
2563 
2664 
2728 
2723 
2668 
2537 
2359 
2125 
1850 
1577 
1350 
1204 
1105 
1025 
963 
915 
876 
847 
828 
817 
799 
774 
763 
749 
735 
718 
700 
685 
672 
661 
652 
661 
673 
686 
688 
715 
759 
825 
900 
965 
1014 
1041 
727 
732 
735 
730 
723 
712 
703 
701 
702 
704 
709 
715 
719 
725 
728 
729 
716 
690 
676 
672 
668 
666 
666 
670 
674 
685 
691 
700 
702 
700 
710 
746 
701 
704 
707 
711 
717 
722 
724 
723 
721 
715 
710 
705 
703 
703 
704 
708 
714 
718 
723 
726 
727 
723 
709 
698 
699 
698 
682 
682 
687 
687 
694 
695 
698 
697 
696 
689 
687 
688 
718 
810 
750 
815 
902 
979 
1034 
1069 
1086 
1072 
1028 
962 
904 
856 
824 
800 
781 
768 
762 
759 
759 
760 
764 
764 
767 
766 
748 
727 
716 
710 
709 
708 
707 
709 
714 
715 
718 
718 
717 
709 
707 
706 
697 
701 
708 
715 
722 
726 
727 
724 
717 
710 
701 
693 
695 
697 
703 
710 
718 
724 
731 
733 
722 
710 
707 
702 
681 
679 
679 
680 
689 
696 
705 
709 
710 
704 
698 
694 
719 
806 
932 
1081 
706 
716 
727 
748 
749 
746 
741 
728 
718 
713 
710 
711 
715 
727 
741 
750 
750 
744 
739 
737 
734 
728 
726 
729 
733 
734 
742 
746 
748 
748 
752 
748 
750 
749 
744 
737 
735 
733 
737 
744 
752 
748 
751 
754 
759 
764 
762 
756 
740 
736 
739 
741 
744 
754 
761 
770 
775 
779 
777 
770 
760 
748 
746 
747 
750 
756 
762 
761 
772 
780 
786 
783 
778 
768 
759 
753 
752 
754 
758 
769 
703 
713 
721 
726 
730 
727 
721 
711 
706 
703 
699 
700 
703 
708 
717 
726 
737 
738 
735 
723 
704 
688 
692 
691 
678 
683 
692 
694 
700 
701 
698 
691 
682 
676 
665 
678 
717 
810 
940 
1094 
705 
712 
722 
730 
731 
719 
712 
707 
702 
694 
698 
705 
710 
714 
722 
727 
736 
738 
736 
731 
727 
720 
714 
711 
688 
684 
686 
691 
702 
713 
713 
708 
704 
705 
721 
753 
843 
981 
1153 
1310 
701 
710 
725 
741 
747 
745 
738 
733 
726 
717 
711 
711 
716 
724 
735 
734 
741 
749 
753 
748 
744 
736 
727 
720 
717 
725 
734 
734 
741 
748 
752 
759 
758 
748 
739 
733 
730 
728 
737 
744 
737 
746 
757 
768 
771 
773 
769 
758 
747 
738 
736 
730 
741 
751 
762 
763 
769 
773 
775 
767 
768 
763 
759 
755 
747 
750 
753 
761 
769 
776 
784 
782 
780 
774 
767 
761 
757 
758 
762 
768 
777 
783 
791 
796 
795 
789 
779 
772 
766 
763 
763 
767 
772 
779 
788 
795 
798 
797 
790 
780 
766 
758 
761 
745 
735 
733 
734 
740 
743 
743 
735 
722 
713 
721 
789 
957 
1194 
1484 
1776 
2035 
1132 
1259 
1354 
1415 
1445 
1416 
1342 
1239 
1120 
1016 
949 
904 
863 
832 
807 
789 
780 
776 
779 
778 
779 
778 
770 
758 
748 
733 
722 
714 
710 
710 
708 
715 
724 
731 
736 
736 
731 
722 
711 
703 
698 
698 
700 
705 
712 
720 
727 
728 
770 
767 
761 
752 
746 
747 
751 
753 
754 
753 
761 
768 
774 
776 
777 
771 
761 
748 
746 
746 
749 
752 
762 
771 
780 
788 
793 
794 
786 
776 
766 
759 
758 
761 
766 
774 
782 
791 
796 
796 
792 
782 
772 
766 
764 
766 
770 
776 
783 
790 
795 
792 
785 
780 
752 
728 
719 
717 
719 
723 
719 
723 
724 
725 
739 
807 
966 
1191 
1471 
1757 
2016 
2260 
748 
739 
732 
726 
722 
724 
725 
726 
732 
737 
743 
751 
753 
750 
742 
731 
721 
715 
712 
717 
726 
733 
742 
750 
747 
729 
714 
704 
691 
685 
686 
693 
696 
703 
711 
718 
726 
737 
779 
872 
1079 
1231 
1382 
1498 
1566 
1599 
1568 
1480 
1369 
1226 
1095 
987 
924 
883 
858 
841 
824 
811 
797 
783 
768 
755 
752 
739 
719 
714 
711 
711 
714 
721 
727 
728 
720 
713 
705 
702 
702 
705 
708 
709 
727 
718 
710 
705 
705 
704 
709 
714 
710 
722 
730 
732 
731 
722 
712 
706 
702 
703 
706 
710 
715 
720 
724 
730 
724 
697 
682 
674 
667 
664 
664 
663 
671 
681 
691 
697 
702 
702 
711 
745 
879 
997 
1128 
1259 
1352 
1406 
1434 
1407 
1331 
1233 
1116 
1008 
941 
897 
859 
830 
805 
786 
776 
771 
771 
773 
777 
778 
769 
754 
740 
726 
714 
706 
701 
700 
704 
711 
717 
726 
730 
730 
726 
718 
710 
712 
716 
714 
721 
730 
742 
751 
751 
744 
730 
719 
706 
709 
716 
711 
717 
725 
735 
750 
758 
754 
749 
741 
734 
731 
733 
731 
729 
736 
742 
751 
759 
758 
759 
756 
748 
735 
734 
738 
739 
731 
735 
740 
746 
758 
768 
773 
768 
763 
755 
751 
749 
749 
753 
755 
759 
754 
757 
766 
774 
777 
774 
766 
757 
751 
750 
749 
753 
761 
769 
776 
784 
789 
790 
787 
776 
768 
762 
758 
761 
765 
771 
781 
791 
795 
798 
792 
783 
773 
763 
754 
754 
758 
768 
783 
795 
803 
805 
798 
786 
770 
753 
746 
752 
744 
744 
749 
750 
749 
744 
735 
720 
707 
699 
712 
790 
959 
1195 
1476 
1757 
2016 
2268 
2472 
2639 
2739 
2787 
2762 
2688 
2559 
2393 
2158 
1885 
1616 
1394 
1253 
1158 
1079 
1011 
956 
918 
887 
863 
850 
829 
801 
789 
780 
768 
758 
745 
730 
720 
715 
712 
715 
719 
727 
733 
736 
933 
1083 
1228 
1374 
1492 
1567 
1604 
1578 
1492 
1376 
1230 
1095 
985 
909 
874 
852 
840 
831 
818 
805 
793 
778 
759 
746 
722 
711 
713 
717 
716 
718 
720 
723 
718 
721 
725 
721 
710 
702 
696 
698 
701 
711 
712 
717 
726 
731 
732 
731 
726 
713 
704 
697 
696 
702 
711 
712 
718 
724 
733 
739 
740 
731 
725 
723 
713 
714 
693 
691 
696 
704 
713 
720 
724 
720 
711 
705 
715 
755 
841 
975 
1143 
1304 
1486 
1609 
1714 
1787 
1834 
1836 
758 
760 
762 
761 
759 
753 
746 
739 
736 
742 
746 
748 
755 
758 
759 
758 
752 
746 
745 
723 
703 
696 
691 
691 
693 
692 
693 
689 
691 
704 
771 
931 
1158 
1438 
1728 
1983 
2221 
2408 
2577 
2690 
2757 
2751 
2694 
2559 
2373 
2121 
1833 
1553 
1329 
1189 
1099 
1034 
982 
944 
909 
875 
845 
816 
783 
746 
726 
718 
713 
706 
708 
711 
714 
712 
704 
694 
682 
673 
763 
759 
752 
744 
742 
739 
740 
744 
748 
752 
758 
764 
764 
761 
753 
745 
740 
737 
736 
738 
741 
744 
746 
746 
753 
734 
714 
700 
694 
686 
683 
683 
681 
679 
682 
701 
776 
944 
1174 
1451 
716 
712 
711 
708 
707 
709 
714 
725 
740 
744 
747 
740 
728 
715 
707 
697 
695 
701 
712 
730 
739 
742 
745 
745 
736 
723 
715 
708 
690 
693 
699 
703 
711 
716 
723 
729 
720 
719 
714 
708 
874 
1005 
1171 
1329 
1508 
1642 
1750 
1822 
1867 
1869 
1835 
1731 
1616 
1455 
1291 
1147 
1049 
987 
947 
910 
889 
864 
850 
844 
838 
828 
803 
781 
768 
760 
757 
754 
755 
758 
760 
762 
765 
764 
758 
751 
715 
710 
704 
705 
710 
715 
722 
722 
725 
731 
735 
735 
732 
723 
714 
711 
712 
719 
723 
725 
730 
737 
744 
747 
736 
722 
721 
719 
702 
701 
701 
700 
708 
715 
719 
721 
725 
723 
721 
720 
748 
755 
759 
761 
758 
755 
749 
741 
737 
737 
738 
739 
740 
746 
753 
759 
760 
758 
752 
743 
738 
735 
735 
738 
741 
748 
756 
760 
762 
760 
752 
743 
738 
734 
733 
735 
738 
743 
742 
751 
760 
867 
996 
1126 
1254 
1349 
1408 
1437 
1404 
1316 
1210 
1085 
983 
921 
882 
853 
827 
817 
812 
801 
787 
777 
767 
761 
756 
746 
736 
729 
730 
738 
740 
737 
735 
728 
724 
720 
707 
704 
703 
705 
1041 
1219 
1379 
1549 
1662 
1754 
1810 
1844 
1843 
1813 
1718 
1618 
1464 
1309 
1170 
1072 
1003 
954 
914 
878 
850 
833 
821 
814 
809 
800 
791 
787 
780 
772 
763 
751 
743 
741 
739 
742 
746 
750 
754 
755 
679 
683 
690 
696 
694 
691 
686 
681 
675 
672 
677 
681 
685 
690 
693 
700 
704 
706 
699 
690 
684 
680 
677 
679 
683 
681 
683 
667 
668 
673 
675 
671 
665 
662 
657 
658 
658 
660 
664 
666 
779 
775 
767 
757 
751 
747 
748 
752 
758 
767 
776 
782 
784 
783 
776 
766 
758 
753 
752 
756 
760 
768 
774 
782 
793 
797 
786 
775 
751 
741 
734 
734 
739 
746 
753 
758 
763 
769 
775 
808 
734 
741 
747 
751 
750 
743 
733 
729 
724 
722 
721 
722 
726 
736 
742 
749 
754 
754 
748 
738 
730 
721 
716 
715 
719 
723 
731 
740 
745 
749 
749 
743 
735 
728 
721 
718 
717 
722 
729 
738 
776 
874 
1002 
1143 
1288 
1424 
1519 
1576 
768 
878 
1014 
1151 
1283 
1376 
1425 
1446 
1413 
1332 
1228 
1107 
1002 
947 
908 
882 
863 
841 
822 
810 
795 
783 
774 
770 
771 
771 
765 
763 
763 
760 
757 
752 
727 
732 
731 
740 
744 
758 
802 
893 
1025 
1181 
1327 
1492 
1623 
1733 
1803 
1850 
1854 
1824 
1727 
1615 
1448 
1281 
1131 
1026 
962 
919 
886 
864 
850 
840 
832 
820 
803 
780 
755 
741 
735 
731 
731 
731 
753 
748 
742 
739 
766 
852 
978 
1130 
1283 
1435 
1544 
1605 
1638 
1616 
1538 
1426 
1284 
1152 
1041 
973 
933 
905 
882 
869 
859 
849 
838 
828 
813 
804 
786 
772 
765 
765 
767 
769 
773 
775 
774 
771 
763 
754 
748 
746 
746 
750 
755 
764 
773 
779 
782 
776 
763 
752 
744 
738 
738 
743 
751 
758 
767 
773 
779 
779 
772 
760 
750 
742 
746 
753 
754 
756 
743 
746 
753 
757 
756 
745 
733 
721 
725 
729 
732 
731 
726 
721 
712 
705 
704 
701 
704 
709 
718 
724 
732 
737 
737 
729 
719 
712 
705 
700 
702 
705 
709 
716 
725 
731 
735 
735 
728 
722 
715 
713 
711 
713 
717 
723 
730 
737 
738 
738 
732 
726 
718 
714 
713 
713 
714 
719 
724 
730 
733 
732 
729 
724 
722 
723 
724 
720 
720 
717 
718 
725 
728 
728 
739 
745 
743 
734 
731 
703 
681 
673 
668 
667 
671 
677 
682 
674 
676 
689 
757 
911 
1144 
1427 
1713 
1966 
2207 
2406 
2574 
2684 
2749 
2735 
2674 
2542 
2365 
2119 
1835 
1559 
1322 
1179 
1086 
1020 
969 
933 
905 
878 
852 
830 
800 
761 
736 
722 
713 
708 
710 
708 
710 
712 
710 
711 
716 
722 
729 
732 
736 
733 
730 
721 
712 
707 
706 
705 
711 
717 
724 
733 
736 
734 
730 
722 
711 
707 
703 
701 
704 
710 
719 
728 
733 
734 
734 
728 
721 
712 
707 
706 
707 
710 
714 
721 
723 
730 
735 
739 
733 
724 
715 
709 
707 
708 
710 
714 
718 
726 
732 
734 
730 
723 
714 
710 
706 
706 
708 
711 
716 
723 
725 
732 
735 
734 
726 
718 
707 
700 
694 
697 
704 
714 
746 
744 
748 
756 
758 
764 
772 
775 
771 
764 
757 
754 
748 
749 
751 
755 
760 
766 
770 
775 
772 
770 
762 
754 
748 
750 
757 
755 
756 
745 
747 
749 
749 
747 
737 
728 
722 
721 
723 
738 
723 
730 
737 
742 
739 
730 
719 
707 
699 
700 
708 
716 
730 
737 
740 
739 
730 
717 
707 
706 
706 
710 
714 
717 
720 
725 
726 
723 
722 
722 
719 
715 
712 
713 
712 
712 
714 
718 
721 
725 
727 
725 
720 
714 
710 
706 
705 
708 
710 
715 
721 
725 
731 
733 
728 
723 
715 
711 
707 
709 
714 
719 
726 
731 
735 
736 
733 
727 
718 
710 
705 
705 
708 
714 
720 
726 
731 
734 
733 
731 
693 
689 
698 
738 
811 
906 
991 
1051 
687 
694 
702 
704 
699 
693 
688 
681 
675 
670 
672 
675 
680 
687 
693 
704 
706 
702 
695 
684 
660 
650 
645 
640 
647 
656 
660 
666 
675 
679 
679 
681 
721 
765 
858 
975 
1098 
1232 
1336 
1396 
1430 
1409 
1325 
1222 
1100 
994 
923 
880 
847 
818 
796 
781 
773 
773 
775 
775 
772 
768 
759 
748 
735 
722 
713 
707 
708 
711 
709 
710 
718 
727 
734 
738 
735 
726 
717 
708 
709 
710 
708 
710 
712 
722 
732 
732 
733 
731 
729 
728 
723 
718 
715 
719 
724 
729 
737 
740 
736 
731 
740 
739 
712 
700 
692 
691 
700 
695 
699 
700 
713 
725 
723 
731 
1163 
1451 
1736 
1984 
2216 
2404 
2559 
2660 
2718 
2707 
2642 
2524 
2362 
2130 
1851 
1574 
1340 
1187 
1088 
1011 
953 
912 
880 
858 
841 
828 
807 
775 
755 
736 
719 
704 
692 
685 
683 
685 
690 
695 
701 
704 
678 
696 
748 
858 
992 
1129 
1256 
1347 
1396 
1421 
1388 
1298 
1198 
1082 
975 
912 
877 
853 
837 
821 
807 
792 
775 
765 
756 
749 
750 
744 
727 
721 
722 
724 
729 
731 
723 
716 
709 
707 
708 
708 
708 
709 
715 
714 
723 
726 
727 
729 
723 
716 
715 
713 
710 
706 
708 
717 
727 
728 
730 
733 
738 
737 
728 
719 
717 
711 
704 
714 
716 
705 
711 
715 
720 
721 
709 
702 
697 
699 
698 
698 
704 
735 
831 
969 
1111 
1263 
1412 
1522 
1583 
1606 
1574 
1495 
1389 
1253 
1123 
1014 
951 
918 
891 
874 
855 
834 
811 
792 
787 
781 
770 
753 
745 
749 
761 
767 
766 
762 
752 
739 
727 
720 
719 
723 
770 
769 
760 
750 
746 
738 
735 
734 
739 
748 
756 
764 
769 
771 
770 
762 
752 
743 
737 
734 
734 
737 
744 
755 
763 
766 
768 
762 
756 
745 
739 
735 
735 
740 
746 
754 
761 
765 
766 
766 
732 
738 
744 
749 
753 
751 
749 
749 
746 
738 
730 
723 
721 
728 
741 
742 
751 
760 
766 
766 
762 
751 
742 
734 
733 
742 
754 
759 
754 
743 
749 
754 
743 
746 
743 
734 
721 
716 
717 
730 
779 
883 
1031 
1213 
1355 
1523 
1646 
1749 
1813 
1847 
1842 
1808 
1710 
1605 
1451 
1291 
1146 
1052 
997 
960 
928 
897 
866 
840 
818 
800 
788 
777 
771 
773 
779 
783 
781 
771 
761 
749 
740 
735 
737 
740 
750 
760 
770 
774 
774 
768 
755 
744 
734 
729 
731 
734 
741 
750 
758 
765 
770 
771 
769 
762 
753 
744 
742 
742 
747 
756 
761 
765 
770 
773 
772 
765 
755 
746 
740 
739 
739 
745 
754 
764 
922 
1151 
1436 
1725 
1980 
2222 
2421 
2590 
2697 
2755 
2741 
2669 
2532 
2357 
2113 
1833 
1559 
1335 
1197 
1112 
1044 
987 
941 
900 
861 
831 
810 
783 
749 
736 
731 
731 
731 
727 
723 
714 
702 
688 
676 
670 
709 
705 
701 
701 
703 
708 
705 
715 
703 
701 
709 
713 
719 
726 
731 
734 
734 
728 
717 
707 
699 
701 
710 
711 
714 
717 
725 
735 
739 
737 
731 
720 
718 
721 
716 
715 
718 
721 
728 
728 
733 
740 
746 
746 
744 
735 
728 
722 
722 
728 
730 
732 
734 
739 
749 
753 
749 
743 
740 
736 
735 
728 
729 
735 
733 
745 
743 
746 
755 
761 
763 
762 
753 
744 
739 
738 
740 
745 
749 
750 
756 
764 
771 
764 
760 
756 
751 
750 
749 
748 
749 
753 
761 
766 
763 
771 
757 
735 
720 
710 
706 
694 
690 
687 
683 
695 
719 
796 
964 
1194 
1471 
1750 
1993 
2223 
2412 
2573 
2677 
2742 
2739 
2686 
1258 
1129 
1013 
946 
908 
880 
860 
846 
834 
828 
824 
819 
810 
801 
794 
780 
764 
756 
751 
747 
750 
754 
757 
760 
759 
754 
746 
739 
735 
735 
733 
735 
738 
739 
748 
756 
758 
758 
751 
745 
700 
707 
721 
732 
739 
739 
730 
715 
705 
702 
701 
704 
714 
730 
740 
740 
735 
713 
701 
687 
678 
679 
683 
687 
691 
696 
704 
717 
756 
849 
986 
1149 
1296 
1463 
1587 
1688 
1754 
1795 
1801 
1775 
731 
737 
743 
746 
744 
739 
728 
716 
713 
714 
721 
726 
731 
736 
744 
753 
755 
749 
741 
734 
729 
726 
721 
723 
727 
731 
743 
747 
751 
757 
760 
759 
751 
739 
730 
726 
726 
735 
744 
749 
2554 
2394 
2153 
1871 
1597 
1363 
1212 
1115 
1044 
991 
953 
911 
891 
872 
864 
847 
815 
795 
775 
757 
743 
734 
731 
726 
721 
717 
724 
736 
747 
752 
752 
748 
738 
724 
715 
710 
709 
714 
720 
729 
738 
739 
745 
746 
744 
739 
734 
733 
730 
727 
726 
725 
729 
737 
741 
742 
749 
744 
720 
709 
705 
699 
694 
693 
699 
703 
713 
724 
733 
736 
731 
739 
770 
834 
923 
1000 
1059 
1095 
1117 
1107 
1355 
1254 
1130 
1019 
945 
896 
861 
836 
816 
806 
801 
798 
798 
797 
799 
792 
775 
753 
740 
732 
729 
729 
732 
736 
742 
751 
750 
747 
736 
727 
721 
716 
714 
715 
719 
724 
732 
738 
740 
739 
734 
727 
720 
715 
710 
712 
716 
719 
729 
734 
741 
744 
743 
735 
718 
704 
707 
704 
689 
692 
700 
704 
714 
712 
711 
703 
695 
689 
688 
692 
729 
825 
956 
1110 
1261 
1403 
1498 
1553 
1581 
1555 
721 
729 
733 
736 
733 
727 
719 
711 
705 
702 
705 
711 
717 
722 
727 
730 
734 
729 
709 
698 
688 
682 
682 
683 
687 
692 
701 
707 
712 
714 
713 
727 
760 
822 
909 
989 
1045 
1079 
1092 
1075 
1031 
968 
913 
875 
848 
823 
804 
783 
771 
765 
769 
776 
791 
799 
802 
796 
774 
744 
726 
717 
715 
716 
726 
733 
739 
743 
742 
734 
728 
723 
715 
717 
721 
721 
723 
721 
722 
725 
727 
726 
758 
754 
751 
749 
746 
744 
744 
747 
737 
740 
742 
745 
750 
758 
761 
763 
762 
756 
749 
745 
740 
737 
736 
741 
746 
753 
761 
765 
765 
758 
751 
743 
739 
737 
740 
738 
745 
753 
763 
768 
769 
763 
753 
746 
740 
738 
737 
738 
743 
751 
759 
765 
765 
763 
754 
747 
742 
738 
736 
739 
743 
747 
754 
759 
764 
765 
760 
754 
747 
740 
727 
729 
733 
740 
745 
753 
760 
766 
766 
762 
667 
670 
672 
671 
677 
693 
736 
811 
899 
971 
1019 
1044 
1053 
1030 
990 
932 
877 
850 
832 
819 
804 
782 
765 
750 
743 
738 
743 
755 
762 
765 
754 
742 
737 
732 
716 
708 
702 
702 
706 
712 
724 
759 
849 
970 
1115 
1257 
1394 
1493 
1551 
1589 
1573 
1506 
1406 
1271 
1141 
1033 
961 
909 
868 
841 
823 
815 
804 
800 
798 
796 
800 
787 
771 
759 
747 
739 
736 
727 
728 
728 
731 
738 
744 
747 
744 
748 
750 
752 
762 
767 
769 
770 
762 
753 
747 
744 
747 
749 
752 
757 
757 
756 
758 
757 
759 
757 
755 
751 
748 
743 
739 
746 
727 
712 
710 
710 
707 
708 
704 
695 
684 
677 
684 
753 
713 
722 
759 
850 
963 
1091 
1228 
1330 
1386 
1417 
1396 
1322 
1220 
1098 
989 
919 
871 
838 
814 
799 
789 
782 
776 
766 
765 
765 
762 
755 
739 
729 
723 
718 
712 
707 
707 
706 
702 
706 
716 
724 
715 
708 
704 
702 
700 
697 
703 
708 
715 
715 
718 
722 
720 
717 
714 
710 
706 
703 
705 
710 
716 
724 
727 
731 
731 
729 
717 
705 
703 
697 
681 
683 
688 
693 
697 
700 
706 
704 
708 
706 
738 
731 
724 
720 
716 
714 
712 
721 
731 
737 
741 
744 
745 
743 
736 
730 
727 
723 
727 
724 
727 
734 
741 
753 
759 
758 
758 
755 
740 
731 
712 
698 
700 
705 
715 
723 
727 
731 
735 
739 
708 
708 
701 
694 
686 
683 
680 
685 
686 
689 
691 
694 
698 
699 
698 
697 
694 
692 
685 
681 
679 
680 
683 
685 
690 
695 
698 
691 
696 
691 
669 
659 
655 
654 
656 
656 
660 
666 
672 
674 
675 
672 
669 
678 
717 
787 
878 
959 
1018 
1052 
1059 
1044 
994 
923 
862 
822 
803 
791 
778 
763 
753 
745 
742 
742 
745 
750 
759 
766 
755 
735 
718 
709 
701 
691 
684 
683 
683 
690 
701 
710 
711 
760 
866 
995 
1127 
1257 
1351 
1402 
1427 
1394 
1311 
1209 
1088 
979 
917 
877 
853 
835 
815 
798 
783 
769 
761 
753 
753 
752 
745 
739 
737 
737 
732 
725 
716 
707 
702 
700 
701 
707 
713 
720 
727 
732 
731 
728 
720 
713 
704 
700 
699 
702 
709 
717 
722 
724 
729 
728 
724 
717 
713 
711 
715 
719 
721 
720 
715 
708 
717 
723 
706 
703 
703 
700 
699 
694 
694 
690 
685 
686 
692 
705 
743 
738 
734 
729 
727 
729 
707 
721 
705 
715 
716 
706 
697 
689 
683 
678 
676 
683 
686 
678 
671 
674 
676 
677 
672 
669 
665 
659 
656 
661 
666 
672 
696 
741 
808 
898 
979 
1035 
1066 
1078 
1054 
998 
929 
868 
830 
804 
792 
788 
782 
782 
782 
779 
771 
757 
748 
750 
751 
732 
721 
719 
720 
726 
729 
729 
728 
723 
720 
716 
712 
708 
705 
707 
714 
718 
723 
726 
731 
736 
731 
724 
1417 
1339 
1234 
1105 
993 
921 
869 
833 
812 
803 
801 
803 
802 
798 
791 
779 
769 
752 
730 
719 
714 
716 
723 
730 
730 
730 
730 
731 
734 
723 
719 
714 
714 
720 
724 
724 
725 
727 
728 
734 
738 
738 
737 
732 
732 
729 
723 
715 
714 
721 
730 
730 
734 
733 
740 
741 
729 
732 
727 
707 
706 
701 
700 
704 
707 
715 
721 
728 
728 
730 
731 
758 
843 
960 
1107 
1255 
1406 
1518 
1573 
1609 
763 
757 
751 
741 
730 
726 
729 
734 
748 
761 
768 
767 
760 
747 
737 
733 
733 
741 
747 
749 
754 
758 
756 
755 
753 
750 
743 
737 
738 
737 
737 
739 
743 
746 
751 
755 
756 
757 
752 
747 
744 
740 
739 
740 
743 
747 
751 
755 
759 
758 
754 
747 
744 
742 
740 
742 
742 
744 
746 
751 
753 
756 
756 
753 
750 
748 
743 
739 
739 
739 
744 
748 
754 
755 
759 
758 
753 
745 
741 
738 
1845 
1838 
1803 
1706 
1600 
1450 
1295 
1159 
1064 
999 
950 
910 
876 
851 
833 
821 
814 
809 
798 
789 
782 
777 
769 
758 
747 
741 
740 
740 
741 
746 
747 
755 
756 
754 
748 
744 
739 
738 
741 
741 
746 
752 
757 
761 
761 
759 
755 
749 
741 
735 
735 
741 
746 
747 
738 
743 
748 
753 
756 
755 
752 
750 
748 
746 
747 
747 
748 
748 
748 
754 
758 
759 
758 
754 
746 
741 
738 
736 
735 
739 
1628 
1597 
1506 
1394 
1250 
1117 
1014 
955 
903 
873 
850 
834 
828 
818 
808 
802 
798 
794 
775 
755 
746 
740 
739 
739 
738 
741 
746 
751 
754 
753 
747 
739 
733 
729 
731 
738 
741 
741 
741 
739 
743 
749 
754 
758 
760 
755 
749 
744 
739 
738 
740 
741 
745 
751 
757 
763 
767 
765 
759 
751 
745 
743 
740 
741 
742 
747 
752 
759 
766 
768 
764 
758 
752 
746 
743 
738 
740 
745 
752 
762 
724 
722 
725 
722 
733 
746 
755 
763 
767 
765 
753 
739 
731 
731 
738 
743 
750 
755 
746 
745 
739 
741 
740 
735 
734 
730 
729 
727 
729 
731 
740 
779 
877 
1014 
1193 
1357 
1531 
1656 
1754 
1807 
1834 
1830 
1799 
1707 
1606 
1456 
1300 
1154 
1059 
995 
947 
907 
874 
848 
829 
815 
807 
795 
779 
773 
776 
778 
778 
771 
762 
752 
745 
739 
736 
738 
742 
746 
752 
760 
767 
766 
762 
754 
745 
739 
1487 
1389 
1262 
1133 
1026 
959 
922 
891 
727 
727 
729 
731 
728 
724 
719 
714 
711 
712 
716 
721 
728 
732 
739 
740 
735 
731 
727 
715 
707 
691 
693 
697 
706 
714 
715 
715 
708 
701 
696 
701 
740 
838 
982 
1161 
1318 
1494 
1622 
1722 
1782 
1816 
1810 
1772 
1671 
1564 
1408 
1252 
1113 
1017 
957 
914 
876 
842 
811 
796 
783 
770 
761 
745 
733 
728 
724 
725 
727 
728 
728 
722 
713 
703 
695 
691 
713 
713 
715 
722 
728 
734 
740 
741 
738 
732 
724 
721 
717 
713 
712 
714 
723 
737 
734 
740 
743 
747 
748 
739 
732 
726 