-15376 
0 
262180 
32761 
-221139120 
14 
0 
0 
-2145979060 
1 
-221249536 
32761 
-217987728 
32761 
-221160800 
32761 
-14704 
0 
363830695 
54826 
-220316912 
32761 
0 
0 
-15248 
0 
0 
0 
0 
0 
-13424 
0 
-2143963392 
1 
-15376 
0 
-15680 
0 
262180 
0 
-15120 
0 
257 
32 
68 
5 
99180 
8 
0 
2 
5505102 
4259872 
5505109 
5177416 
4784210 
5832788 
0 
0 
0 
0 
0 
0 
0 
0 
0 
0 
-15592 
0 
568 
384 
0 
0 
1 
0 
0 
0 
0 
0 
0 
0 
0 
0 
0 
0 
1173952 
0 
0 
0 
0 
0 
0 
0 
0 
0 
0 
0 
-15248 
0 
-218005248 
32761 
0 
0 
0 
0 
0 
0 
0 
0 
-13816 
0 
0 
0 
1 
0 
0 
0 
4120576 
0 
0 
0 
0 
0 
758197587 
875965749 
3552045 
842151223 
3748149 
859321645 
825046070 
875968568 
909521453 
842151729 
758329394 
926496049 
959526965 
908931888 
943141173 
909193778 
825766445 
925972789 
758330932 
909324856 
959788085 
808594739 
859189817 
926233907 
943206701 
859189557 
3748920 
0 
0 
0 
0 
0 
-15344 
0 
1177976 
0 
1177952 
0 
1178020 
0 
0 
0 
60 
0 
0 
0 
1 
0 
0 
0 
0 
0 
0 
0 
0 
0 
0 
0 
0 
0 
0 
0 
-218338320 
32761 
7077955 
7667823 
2097252 
6488129 
7274595 
7209077 
2097268 
7667777 
6815860 
7209061 
6881396 
6357091 
6881396 
7209071 
0 
0 
448 
2 
0 
0 
0 
0 
0 
0 
0 
0 
0 
0 
0 
0 
0 
0 
-13248 
0 
-2147071248 
1 
0 
0 
-27048 
0 
0 
0 
0 
0 
-13816 
0 
0 
0 
0 
0 
0 
0 
0 
0 
0 
0 
-14704 
0 
0 
0 
0 
0 
0 
0 
0 
0 
0 
0 
1182032 
0 
487 
0 
363830919 
54826 
-14824 
0 
0 
0 
-13816 
0 
0 
0 
0 
0 
-218005112 
32761 
0 
0 
-218003552 
32761 
-220317616 
32761 
-218003552 
32761 
0 
0 
0 
0 
-218005112 
32761 
-14704 
0 
-13816 
0 
1903232307 
0 
-199358544 
32761 
-217921614 
32761 
-217987760 
32761 
2 
0 
-217987728 
32761 
-13816 
0 
512 
0 
803390738 
14948 
-217921620 
32761 
0 
0 
-2146619762 
1 
-14544 
0 
-2146506771 
1 
1182848 
0 
-199531375 
32761 
0 
0 
0 
0 
1182032 
0 
340 
0 
67 
32761 
564 
0 
48 
7667823 
0 
0 
0 
0 
0 
0 
0 
0 
0 
0 
0 
0 
0 
0 
303840 
8 
-2145116848 
1 
0 
0 
-2146619218 
1 
1 
0 
-13696 
0 
1 
0 
-2147198918 
1 
-14096 
0 
1182032 
0 
11 
0 
-2145615163 
1 
564 
0 
11 
0 
0 
0 
11 
0 
-14032 
0 
-2143844192 
1 
-2143846120 
1 
-2145190791 
1 
16 
8 
-2147202347 
1 
528 
0 
17 
8 
0 
0 
-2147199789 
1 
-2143844328 
1 
0 
0 
-2144872137 
1 
-14032 
0 
17 
8 
-2144821912 
1 
-2143844312 
1 
-2143846136 
1 
17 
8 
-2144821912 
1 
16 
8 
-2147202551 
1 
7 
0 
-14032 
0 
-2144872137 
1 
-2146473625 
1 
-14032 
0 
-2146470715 
1 
2240 
0 
-2145684739 
1 
-13504 
0 
0 
0 
-13504 
0 
-2146506395 
1 
-13216 
0 
-2144537984 
1 
-13424 
0 
0 
0 
-13744 
0 
-13752 
0 
-2145128704 
1 
-2146502650 
1 
0 
0 
-2145166944 
1 
0 
0 
0 
0 
1182048 
0 
-2145933643 
1 
64 
0 
784 
788 
794 
802 
813 
817 
814 
808 
801 
794 
787 
784 
785 
782 
786 
792 
797 
802 
803 
803 
797 
786 
778 
773 
772 
773 
774 
783 
787 
791 
796 
795 
790 
783 
779 
775 
778 
778 
776 
776 
773 
779 
779 
775 
768 
762 
757 
750 
745 
731 
738 
751 
728 
747 
769 
787 
801 
801 
793 
778 
759 
748 
750 
744 
749 
752 
753 
765 
777 
783 
782 
771 
756 
746 
737 
729 
726 
736 
752 
794 
870 
947 
1033 
1114 
1162 
1183 
1191 
1168 
1110 
1053 
991 
937 
914 
910 
903 
896 
886 
871 
852 
837 
829 
827 
830 
816 
813 
813 
816 
805 
807 
820 
830 
825 
831 
818 
802 
796 
792 
798 
811 
825 
832 
843 
846 
839 
822 
805 
790 
783 
793 
807 
821 
831 
837 
836 
828 
820 
806 
799 
795 
798 
801 
799 
806 
811 
811 
817 
827 
835 
832 
824 
811 
799 
791 
786 
782 
783 
792 
809 
820 
834 
837 
830 
815 
795 
777 
772 
770 
776 
786 
800 
818 
829 
828 
819 
805 
791 
780 
772 
770 
772 
783 
792 
803 
812 
814 
811 
801 
791 
777 
770 
770 
772 
777 
783 
791 
799 
804 
805 
798 
787 
775 
765 
761 
762 
764 
771 
778 
785 
794 
798 
797 
789 
779 
768 
763 
761 
761 
763 
770 
776 
783 
789 
787 
777 
772 
746 
724 
712 
702 
694 
697 
703 
737 
756 
783 
784 
786 
784 
778 
784 
834 
896 
972 
1062 
1138 
1191 
1225 
1205 
1159 
1097 
1021 
939 
900 
879 
865 
856 
846 
842 
840 
846 
855 
863 
866 
864 
851 
829 
809 
800 
794 
786 
786 
793 
804 
819 
831 
841 
841 
834 
821 
807 
794 
778 
781 
791 
806 
822 
833 
841 
844 
839 
828 
815 
807 
804 
808 
816 
824 
828 
835 
840 
843 
838 
828 
820 
826 
825 
805 
795 
792 
790 
798 
802 
752 
734 
728 
725 
731 
750 
783 
841 
915 
999 
1087 
1175 
1225 
1243 
1250 
1228 
1189 
1141 
1071 
1010 
960 
935 
901 
897 
893 
877 
854 
831 
818 
814 
821 
834 
835 
828 
828 
824 
822 
823 
819 
810 
792 
788 
789 
793 
799 
809 
819 
825 
832 
831 
832 
829 
825 
815 
803 
795 
795 
795 
796 
805 
815 
826 
835 
841 
842 
836 
826 
816 
808 
802 
807 
820 
819 
829 
823 
828 
832 
827 
819 
805 
791 
787 
792 
798 
812 
845 
911 
1000 
1106 
1193 
1301 
1374 
1427 
1459 
1476 
1473 
1455 
1400 
1348 
1273 
1191 
1108 
1043 
998 
962 
930 
903 
886 
878 
872 
870 
875 
868 
863 
861 
855 
842 
824 
809 
804 
806 
813 
818 
823 
829 
839 
845 
845 
839 
824 
812 
805 
803 
803 
811 
814 
822 
828 
830 
827 
823 
811 
800 
795 
795 
796 
801 
809 
819 
831 
838 
834 
828 
819 
807 
799 
791 
793 
796 
805 
813 
823 
827 
830 
826 
813 
803 
796 
738 
735 
729 
723 
727 
735 
746 
758 
763 
757 
746 
732 
722 
710 
708 
715 
726 
741 
746 
754 
760 
755 
741 
723 
712 
690 
692 
703 
704 
709 
709 
707 
754 
762 
763 
756 
741 
732 
723 
722 
723 
731 
731 
737 
750 
758 
766 
767 
759 
743 
730 
725 
725 
731 
725 
730 
737 
747 
762 
769 
765 
757 
747 
742 
735 
716 
711 
711 
715 
728 
736 
745 
748 
745 
739 
728 
716 
716 
743 
806 
890 
982 
1070 
1139 
1168 
1188 
1169 
1110 
1036 
954 
890 
859 
840 
831 
831 
812 
822 
825 
825 
829 
824 
818 
807 
784 
764 
757 
755 
759 
764 
769 
775 
784 
717 
720 
724 
752 
814 
898 
982 
1060 
1131 
1177 
1199 
1215 
1204 
1163 
1107 
1046 
990 
943 
908 
881 
850 
835 
824 
804 
792 
793 
799 
803 
802 
792 
790 
795 
799 
801 
795 
781 
763 
753 
755 
756 
756 
759 
766 
780 
799 
801 
798 
792 
783 
775 
765 
754 
749 
747 
756 
775 
781 
797 
811 
818 
819 
812 
795 
768 
754 
750 
755 
772 
795 
796 
807 
803 
801 
803 
795 
781 
763 
752 
744 
746 
814 
820 
833 
842 
843 
835 
824 
814 
805 
800 
800 
796 
807 
824 
841 
850 
852 
851 
844 
833 
818 
806 
802 
803 
811 
822 
836 
850 
859 
859 
852 
842 
822 
809 
804 
800 
805 
815 
830 
846 
729 
763 
863 
1004 
1180 
1359 
1522 
1682 
1809 
1901 
1969 
1999 
1983 
1935 
1847 
1746 
1607 
1446 
1294 
1172 
1096 
1047 
1005 
960 
920 
891 
868 
849 
836 
819 
796 
787 
786 
790 
788 
781 
771 
758 
747 
743 
700 
706 
712 
718 
733 
765 
810 
863 
906 
936 
951 
962 
951 
922 
880 
845 
822 
812 
811 
813 
810 
802 
786 
771 
765 
760 
757 
761 
769 
768 
768 
763 
766 
766 
758 
744 
733 
729 
725 
723 
765 
779 
785 
789 
793 
791 
783 
773 
765 
758 
758 
751 
757 
771 
769 
779 
786 
796 
803 
797 
787 
776 
769 
766 
773 
779 
785 
782 
785 
783 
800 
793 
790 
777 
761 
751 
746 
749 
752 
750 
767 
771 
775 
777 
787 
811 
863 
936 
1032 
1122 
1227 
1307 
1381 
1438 
1475 
1476 
1460 
1399 
1330 
1224 
1117 
1024 
961 
927 
909 
891 
878 
876 
878 
880 
874 
858 
837 
812 
799 
792 
791 
793 
799 
806 
817 
804 
791 
783 
780 
783 
788 
799 
809 
823 
832 
838 
831 
815 
802 
788 
776 
775 
778 
785 
799 
814 
825 
832 
829 
819 
804 
788 
775 
768 
763 
762 
776 
768 
766 
770 
770 
761 
747 
734 
728 
733 
737 
742 
745 
749 
748 
733 
722 
713 
706 
704 
703 
710 
720 
731 
741 
747 
750 
745 
732 
719 
707 
699 
692 
687 
693 
705 
720 
732 
744 
749 
735 
725 
699 
682 
672 
664 
663 
667 
717 
730 
736 
745 
747 
739 
730 
720 
876 
870 
864 
857 
857 
859 
862 
865 
871 
876 
881 
883 
879 
873 
868 
869 
868 
867 
868 
869 
871 
877 
879 
883 
883 
877 
870 
866 
862 
858 
860 
861 
863 
870 
871 
876 
880 
879 
877 
875 
872 
871 
860 
855 
848 
825 
806 
801 
810 
816 
821 
827 
826 
819 
819 
811 
810 
807 
810 
811 
816 
823 
827 
831 
830 
829 
827 
816 
811 
810 
813 
818 
864 
874 
880 
876 
873 
867 
859 
852 
853 
854 
862 
864 
860 
851 
821 
796 
793 
792 
792 
799 
806 
810 
811 
810 
812 
812 
810 
806 
803 
803 
806 
806 
805 
808 
810 
812 
813 
812 
809 
804 
854 
851 
851 
854 
856 
858 
860 
859 
857 
858 
855 
846 
838 
821 
802 
792 
789 
791 
792 
795 
804 
807 
804 
801 
798 
794 
792 
793 
794 
798 
801 
801 
804 
803 
803 
802 
802 
802 
799 
796 
799 
803 
810 
822 
835 
846 
849 
855 
860 
863 
864 
867 
865 
861 
853 
840 
838 
840 
850 
862 
868 
867 
865 
857 
848 
844 
843 
838 
840 
844 
849 
858 
855 
853 
850 
849 
853 
853 
853 
855 
862 
863 
863 
860 
861 
859 
859 
867 
877 
879 
875 
870 
858 
851 
848 
848 
854 
859 
862 
867 
867 
867 
861 
860 
862 
859 
863 
864 
868 
871 
870 
865 
859 
858 
860 
862 
864 
869 
872 
869 
865 
861 
853 
847 
845 
848 
852 
854 
853 
853 
838 
818 
808 
807 
806 
811 
812 
814 
814 
804 
800 
800 
803 
810 
821 
822 
816 
812 
806 
798 
792 
796 
796 
804 
821 
824 
828 
835 
841 
847 
864 
858 
857 
856 
858 
862 
867 
869 
872 
876 
878 
876 
871 
867 
862 
862 
866 
869 
874 
877 
878 
880 
879 
876 
868 
864 
863 
863 
864 
867 
868 
867 
871 
871 
871 
872 
871 
874 
874 
874 
837 
841 
852 
879 
902 
907 
894 
885 
867 
852 
853 
858 
871 
884 
887 
887 
885 
877 
870 
866 
866 
868 
876 
882 
882 
883 
878 
873 
865 
864 
864 
866 
873 
874 
875 
873 
864 
862 
862 
864 
853 
871 
869 
867 
862 
858 
856 
861 
868 
875 
877 
877 
873 
868 
865 
862 
859 
857 
860 
863 
865 
869 
872 
874 
873 
863 
858 
853 
850 
851 
852 
859 
862 
866 
864 
865 
865 
865 
864 
859 
857 
860 
858 
858 
860 
862 
864 
859 
851 
834 
816 
808 
804 
802 
799 
800 
800 
796 
794 
794 
799 
808 
814 
819 
817 
815 
809 
803 
800 
800 
800 
804 
808 
815 
817 
818 
820 
821 
819 
820 
831 
847 
858 
862 
861 
863 
863 
867 
867 
867 
869 
867 
860 
858 
855 
855 
857 
861 
865 
867 
867 
866 
865 
858 
856 
852 
851 
850 
848 
854 
861 
862 
862 
860 
860 
863 
860 
859 
858 
857 
863 
872 
872 
869 
869 
865 
863 
864 
864 
842 
823 
811 
803 
797 
791 
784 
775 
772 
771 
757 
742 
735 
731 
729 
729 
728 
728 
728 
730 
729 
725 
727 
730 
726 
724 
725 
726 
724 
724 
726 
728 
728 
730 
731 
729 
728 
727 
728 
731 
731 
726 
729 
733 
735 
738 
739 
739 
737 
737 
738 
735 
721 
715 
710 
710 
711 
711 
715 
716 
717 
714 
715 
720 
734 
799 
944 
1129 
1327 
1529 
1678 
660 
660 
659 
660 
661 
660 
662 
660 
662 
664 
665 
666 
664 
665 
663 
662 
667 
668 
663 
660 
645 
644 
641 
643 
645 
645 
645 
645 
648 
652 
664 
707 
802 
944 
1118 
1275 
1447 
1568 
1670 
1733 
653 
654 
657 
663 
666 
667 
667 
666 
667 
663 
662 
659 
659 
661 
663 
666 
667 
664 
662 
660 
659 
657 
656 
656 
659 
666 
671 
674 
673 
674 
674 
673 
671 
668 
668 
670 
670 
674 
678 
682 
3996 
3986 
3950 
3767 
3472 
3059 
2575 
2099 
1705 
1449 
1285 
1162 
1062 
988 
928 
881 
842 
807 
769 
725 
699 
680 
665 
655 
646 
640 
635 
633 
628 
624 
620 
613 
609 
608 
605 
609 
614 
618 
622 
619 
1310 
1277 
1187 
1063 
947 
861 
808 
777 
757 
740 
727 
718 
713 
705 
701 
694 
693 
692 
675 
661 
655 
654 
652 
649 
648 
645 
643 
640 
635 
635 
634 
636 
639 
638 
641 
643 
645 
648 
649 
650 
1773 
1728 
1604 
1442 
1249 
1082 
975 
907 
861 
824 
794 
771 
753 
739 
728 
720 
715 
711 
698 
685 
676 
669 
662 
656 
650 
648 
646 
647 
651 
657 
664 
663 
666 
662 
658 
656 
654 
655 
654 
657 
682 
679 
678 
674 
670 
669 
670 
673 
679 
676 
678 
684 
690 
695 
694 
689 
687 
684 
685 
683 
680 
683 
687 
698 
707 
706 
700 
683 
675 
670 
668 
669 
666 
667 
662 
663 
673 
690 
735 
824 
699 
699 
697 
696 
694 
695 
695 
693 
694 
698 
700 
703 
707 
709 
707 
705 
701 
699 
696 
696 
700 
705 
708 
712 
712 
715 
715 
710 
706 
703 
702 
702 
703 
706 
710 
712 
718 
720 
720 
722 
720 
716 
712 
709 
709 
709 
710 
713 
715 
717 
719 
720 
723 
721 
721 
716 
715 
713 
711 
710 
714 
722 
724 
725 
726 
726 
724 
719 
715 
715 
716 
718 
720 
722 
726 
728 
729 
727 
724 
723 
1806 
2228 
2606 
2965 
3260 
3498 
3638 
3707 
3682 
3595 
3411 
3155 
2793 
2368 
1953 
1610 
1391 
1249 
1140 
1054 
984 
926 
878 
838 
803 
771 
734 
714 
702 
691 
685 
679 
669 
658 
645 
634 
628 
629 
630 
632 
640 
646 
650 
648 
645 
640 
634 
629 
626 
627 
627 
629 
635 
641 
647 
649 
646 
643 
637 
633 
629 
626 
624 
624 
630 
639 
635 
620 
618 
618 
615 
608 
601 
599 
599 
601 
604 
611 
619 
627 
675 
678 
681 
681 
683 
678 
677 
674 
556 
545 
542 
543 
542 
543 
542 
544 
543 
542 
541 
536 
533 
532 
533 
534 
534 
538 
541 
544 
546 
543 
538 
534 
533 
532 
529 
534 
537 
540 
545 
547 
728 
689 
661 
639 
623 
608 
596 
587 
573 
564 
563 
562 
569 
571 
563 
554 
545 
537 
532 
535 
541 
545 
556 
564 
566 
560 
550 
543 
538 
533 
530 
531 
535 
539 
553 
562 
567 
566 
564 
559 
604 
601 
601 
603 
603 
600 
599 
603 
607 
596 
586 
581 
577 
570 
567 
565 
548 
537 
533 
556 
674 
930 
1288 
1719 
2150 
2536 
2885 
3171 
3411 
3562 
3648 
3632 
3538 
3343 
3089 
2730 
2309 
1888 
1539 
1307 
560 
559 
559 
562 
567 
573 
578 
580 
583 
580 
565 
557 
551 
546 
540 
540 
542 
547 
550 
556 
562 
572 
583 
616 
712 
885 
1130 
1373 
1532 
1619 
1704 
1747 
1745 
1689 
1580 
1399 
1186 
1015 
911 
840 
788 
747 
716 
693 
675 
663 
656 
650 
635 
616 
609 
610 
607 
602 
597 
595 
593 
593 
596 
598 
600 
600 
602 
603 
603 
598 
593 
591 
591 
591 
593 
594 
597 
603 
607 
611 
611 
611 
610 
607 
936 
910 
895 
884 
874 
864 
854 
839 
821 
801 
791 
784 
783 
779 
784 
791 
798 
806 
808 
802 
796 
790 
781 
777 
774 
778 
782 
791 
800 
806 
808 
808 
805 
795 
787 
783 
779 
782 
786 
791 
792 
788 
786 
784 
785 
787 
798 
807 
806 
806 
793 
786 
778 
765 
759 
756 
755 
758 
763 
772 
797 
861 
996 
1188 
1411 
1610 
1832 
2004 
2147 
2237 
2294 
2288 
2235 
2102 
1955 
1749 
1534 
1335 
1192 
1097 
1461 
1323 
1223 
1147 
1083 
1023 
973 
931 
883 
829 
798 
775 
760 
754 
754 
754 
751 
746 
741 
736 
726 
716 
711 
706 
699 
706 
715 
718 
723 
727 
729 
734 
735 
729 
727 
722 
723 
727 
731 
735 
873 
864 
858 
848 
839 
829 
823 
819 
802 
787 
781 
779 
775 
777 
779 
783 
781 
776 
771 
768 
763 
762 
761 
761 
763 
767 
776 
784 
787 
787 
785 
781 
777 
773 
777 
779 
782 
787 
790 
790 
788 
788 
791 
790 
785 
781 
779 
782 
785 
781 
772 
770 
771 
771 
773 
774 
771 
765 
762 
763 
766 
776 
804 
887 
1071 
1302 
1548 
1783 
1950 
2050 
2096 
2041 
1895 
1708 
1485 
1286 
1157 
1079 
1024 
984 
838 
822 
811 
798 
791 
783 
779 
780 
775 
764 
759 
755 
753 
748 
743 
739 
732 
729 
728 
732 
735 
738 
740 
740 
743 
744 
744 
744 
741 
739 
737 
739 
745 
747 
746 
747 
748 
749 
748 
748 
855 
839 
827 
814 
811 
804 
805 
799 
773 
754 
745 
738 
733 
737 
742 
745 
744 
741 
738 
735 
736 
738 
737 
740 
743 
745 
743 
739 
737 
735 
734 
737 
738 
743 
744 
741 
737 
732 
729 
728 
868 
844 
827 
814 
805 
796 
784 
775 
1090 
1071 
1077 
1087 
1128 
1217 
1359 
1539 
1711 
1833 
1899 
1932 
1890 
1771 
1617 
1482 
1380 
1319 
1290 
1262 
1244 
1235 
1222 
1214 
1202 
1191 
1175 
1163 
1153 
1136 
1121 
1119 
855 
854 
837 
823 
819 
822 
826 
826 
826 
826 
819 
815 
811 
803 
797 
795 
799 
807 
810 
822 
830 
831 
828 
822 
811 
801 
799 
801 
808 
809 
818 
830 
836 
840 
837 
828 
819 
812 
809 
809 
881 
879 
867 
858 
855 
854 
854 
855 
853 
847 
840 
830 
827 
826 
826 
828 
837 
842 
849 
854 
851 
850 
846 
843 
839 
837 
836 
841 
845 
851 
858 
860 
859 
859 
853 
848 
840 
832 
830 
830 
867 
870 
870 
866 
859 
852 
844 
843 
846 
850 
860 
871 
878 
880 
880 
870 
860 
847 
839 
835 
837 
847 
858 
868 
875 
878 
880 
874 
860 
849 
843 
842 
845 
847 
855 
865 
872 
877 
876 
873 
868 
856 
848 
843 
838 
844 
853 
858 
864 
869 
874 
871 
867 
860 
850 
845 
845 
843 
852 
857 
861 
865 
868 
864 
860 
858 
853 
851 
852 
850 
850 
851 
849 
845 
850 
854 
857 
861 
862 
860 
793 
793 
798 
798 
782 
781 
784 
786 
785 
780 
775 
767 
764 
765 
770 
773 
780 
797 
840 
905 
984 
1046 
1081 
1100 
1115 
1102 
1059 
1004 
959 
925 
903 
894 
890 
883 
878 
874 
875 
872 
862 
852 
759 
751 
741 
739 
739 
743 
743 
744 
744 
743 
744 
744 
755 
749 
734 
721 
711 
705 
707 
708 
719 
737 
755 
769 
768 
758 
747 
737 
727 
721 
721 
726 
736 
742 
747 
755 
754 
749 
750 
746 
719 
705 
696 
688 
691 
699 
713 
731 
735 
736 
740 
743 
768 
842 
929 
1041 
1155 
1273 
1369 
1431 
1473 
1467 
1414 
1329 
1217 
1099 
981 
907 
859 
830 
825 
819 
815 
815 
809 
820 
831 
820 
792 
770 
803 
795 
794 
784 
780 
787 
802 
810 
821 
831 
828 
817 
803 
787 
776 
775 
778 
788 
805 
801 
812 
819 
827 
826 
819 
805 
804 
802 
803 
806 
809 
816 
823 
823 
823 
824 
829 
837 
835 
828 
821 
813 
806 
798 
797 
803 
813 
826 
837 
851 
859 
859 
851 
835 
821 
808 
800 
807 
821 
835 
850 
855 
863 
866 
862 
849 
833 
815 
809 
811 
817 
826 
839 
849 
860 
864 
866 
857 
843 
827 
773 
754 
759 
769 
783 
794 
796 
787 
777 
782 
845 
993 
1207 
1463 
1732 
1980 
2217 
2403 
2562 
2652 
2698 
2684 
2620 
2489 
2318 
2090 
1833 
1577 
1369 
1243 
1168 
1112 
1061 
1015 
973 
937 
904 
879 
849 
815 
777 
773 
759 
741 
724 
712 
707 
709 
713 
722 
731 
731 
726 
738 
750 
745 
735 
724 
716 
713 
710 
716 
727 
738 
750 
744 
744 
749 
747 
738 
726 
720 
719 
720 
715 
716 
723 
727 
739 
750 
743 
733 
720 
705 
698 
691 
693 
699 
766 
753 
745 
728 
723 
727 
732 
737 
746 
752 
751 
746 
741 
738 
760 
819 
905 
1014 
1110 
1219 
1300 
1369 
1409 
1429 
1424 
1396 
1328 
1262 
1169 
1075 
991 
932 
752 
750 
745 
735 
727 
719 
714 
712 
712 
721 
732 
737 
740 
745 
742 
733 
725 
719 
718 
720 
721 
722 
725 
729 
739 
742 
742 
736 
731 
724 
720 
717 
714 
715 
719 
724 
728 
737 
740 
738 
723 
720 
721 
715 
717 
721 
724 
729 
735 
740 
721 
702 
686 
676 
668 
666 
663 
659 
658 
663 
687 
764 
926 
1146 
1403 
1656 
1889 
2117 
2293 
2445 
2543 
2596 
2585 
2535 
2423 
2272 
2052 
1793 
1537 
1314 
773 
760 
757 
761 
761 
767 
775 
787 
791 
783 
767 
748 
730 
719 
711 
707 
710 
717 
730 
730 
736 
742 
745 
745 
741 
734 
730 
724 
721 
718 
716 
724 
733 
744 
749 
757 
756 
750 
745 
736 
731 
724 
720 
720 
721 
723 
725 
735 
748 
761 
763 
746 
735 
723 
712 
712 
711 
716 
725 
731 
736 
737 
742 
758 
796 
871 
957 
1054 
1153 
1227 
1273 
1293 
1275 
1221 
1151 
1065 
979 
923 
890 
865 
715 
712 
706 
706 
715 
722 
728 
730 
726 
731 
723 
697 
688 
681 
677 
679 
673 
683 
698 
715 
725 
728 
735 
771 
877 
1025 
1208 
1388 
1568 
1699 
1780 
1827 
1802 
1710 
1580 
1408 
1234 
1080 
986 
928 
727 
733 
737 
738 
733 
725 
716 
713 
712 
705 
707 
696 
699 
708 
708 
713 
714 
706 
697 
694 
692 
707 
739 
823 
946 
1096 
1231 
1374 
1479 
1554 
1600 
1625 
1619 
1591 
1511 
1425 
1302 
1177 
1058 
978 
679 
682 
682 
684 
692 
701 
710 
715 
713 
708 
701 
693 
686 
681 
677 
674 
673 
669 
673 
683 
693 
702 
706 
711 
712 
705 
695 
690 
688 
691 
694 
702 
706 
711 
714 
714 
715 
712 
707 
699 
689 
688 
689 
686 
689 
693 
698 
694 
700 
712 
700 
679 
667 
657 
649 
645 
647 
642 
640 
641 
663 
773 
1009 
1330 
1715 
2095 
2427 
2738 
3001 
3221 
3355 
3432 
3411 
3337 
3178 
2955 
2630 
2242 
1859 
1534 
637 
637 
638 
639 
646 
648 
651 
653 
659 
668 
665 
641 
629 
624 
620 
622 
620 
618 
623 
635 
642 
649 
655 
661 
682 
734 
829 
952 
1040 
1120 
1164 
1188 
1167 
1105 
1016 
934 
875 
844 
818 
795 
850 
835 
822 
809 
795 
790 
786 
780 
770 
768 
770 
771 
769 
767 
762 
753 
747 
742 
734 
732 
734 
737 
746 
752 
762 
759 
764 
765 
763 
761 
762 
761 
761 
756 
758 
762 
767 
772 
775 
773 
911 
892 
872 
855 
845 
835 
829 
814 
803 
798 
799 
798 
795 
790 
787 
780 
771 
764 
764 
765 
768 
770 
776 
782 
787 
786 
784 
779 
778 
778 
775 
772 
772 
775 
778 
783 
790 
793 
793 
790 
781 
774 
770 
766 
761 
766 
776 
781 
720 
719 
713 
711 
703 
699 
701 
701 
705 
705 
711 
715 
715 
714 
712 
709 
709 
710 
709 
709 
707 
710 
713 
717 
719 
719 
714 
711 
708 
706 
703 
701 
701 
705 
708 
707 
710 
713 
718 
714 
708 
712 
714 
712 
708 
706 
707 
711 
714 
718 
722 
723 
720 
711 
705 
697 
695 
698 
701 
706 
712 
716 
721 
724 
722 
723 
722 
717 
711 
714 
694 
678 
672 
672 
673 
674 
672 
666 
655 
650 
665 
763 
995 
1322 
1715 
2106 
2457 
2790 
3063 
3293 
3432 
3499 
3476 
3397 
3223 
2988 
2655 
2268 
1879 
1551 
1341 
1211 
1107 
1027 
971 
921 
874 
834 
799 
764 
724 
701 
622 
626 
627 
632 
633 
631 
630 
622 
616 
616 
616 
620 
650 
726 
838 
972 
1090 
1169 
1212 
1227 
1193 
1116 
1012 
921 
856 
823 
804 
792 
779 
763 
746 
731 
722 
713 
712 
722 
726 
707 
684 
678 
678 
682 
684 
686 
686 
688 
691 
685 
675 
662 
657 
666 
674 
687 
698 
699 
694 
691 
688 
683 
676 
670 
667 
670 
675 
686 
685 
690 
697 
700 
707 
705 
700 
697 
691 
688 
687 
691 
691 
673 
694 
696 
696 
691 
686 
676 
667 
666 
668 
676 
675 
676 
681 
685 
688 
691 
690 
683 
677 
670 
668 
670 
667 
668 
673 
678 
686 
693 
695 
695 
693 
691 
688 
684 
682 
676 
672 
683 
689 
676 
674 
676 
676 
678 
672 
666 
662 
661 
650 
659 
670 
719 
843 
1008 
1198 
1370 
1545 
1674 
1748 
1785 
1753 
1659 
1529 
1365 
1198 
1056 
975 
925 
890 
863 
834 
810 
785 
769 
759 
748 
744 
731 
723 
720 
708 
699 
689 
683 
676 
673 
672 
681 
693 
710 
752 
837 
955 
1096 
1211 
1339 
1437 
1522 
1579 
1614 
1621 
1599 
1525 
1437 
1309 
1174 
1050 
957 
897 
859 
833 
813 
796 
783 
775 
771 
763 
750 
733 
724 
683 
684 
686 
693 
699 
701 
705 
707 
705 
703 
696 
693 
689 
688 
694 
698 
700 
702 
706 
708 
705 
699 
692 
688 
686 
682 
683 
690 
694 
699 
703 
704 
703 
703 
702 
699 
695 
691 
693 
695 
685 
676 
672 
666 
658 
650 
637 
626 
618 
616 
619 
626 
630 
634 
638 
642 
643 
643 
634 
627 
622 
623 
626 
627 
628 
631 
637 
643 
649 
652 
646 
639 
632 
626 
627 
626 
624 
627 
625 
618 
675 
668 
668 
669 
669 
661 
655 
652 
652 
655 
655 
657 
661 
664 
671 
677 
675 
672 
671 
667 
667 
665 
663 
664 
663 
666 
674 
676 
683 
691 
691 
686 
685 
680 
672 
661 
655 
659 
660 
656 
719 
722 
704 
700 
696 
695 
699 
697 
701 
701 
703 
706 
711 
720 
759 
864 
1004 
1167 
1332 
1491 
1605 
1672 
1710 
1691 
1614 
1501 
1351 
1198 
1064 
985 
936 
896 
867 
842 
823 
801 
793 
792 
789 
789 
778 
765 
757 
745 
736 
727 
718 
718 
667 
665 
667 
671 
685 
731 
827 
964 
1128 
1275 
1436 
1555 
1651 
1712 
1751 
1750 
1722 
1625 
1521 
1373 
1221 
1084 
985 
917 
872 
839 
814 
792 
776 
760 
747 
736 
724 
709 
701 
696 
691 
687 
682 
676 
673 
672 
672 
674 
674 
676 
678 
681 
684 
683 
681 
679 
677 
677 
676 
677 
678 
680 
680 
680 
681 
678 
678 
677 
675 
675 
674 
675 
674 
675 
677 
679 
683 
687 
693 
693 
690 
690 
684 
683 
683 
681 
683 
683 
686 
690 
690 
691 
690 
688 
684 
684 
681 
679 
681 
683 
685 
691 
697 
702 
703 
701 
701 
694 
689 
689 
690 
694 
697 
704 
708 
709 
719 
700 
683 
673 
663 
656 
655 
656 
656 
653 
656 
678 
800 
1074 
1452 
1908 
2358 
2764 
3155 
3468 
3724 
3881 
3944 
3936 
3859 
3662 
3384 
2993 
2530 
2073 
1690 
1442 
1282 
1165 
1075 
1007 
947 
898 
857 
819 
651 
642 
623 
615 
611 
610 
609 
612 
619 
624 
629 
625 
626 
626 
629 
660 
735 
856 
1010 
1149 
1249 
1308 
1335 
1303 
1217 
1097 
983 
896 
840 
805 
782 
763 
750 
741 
736 
731 
724 
720 
719 
715 
60 
58 
59 
59 
59 
59 
60 
59 
59 
59 
60 
59 
59 
61 
62 
62 
62 
62 
60 
60 
60 
61 
63 
62 
63 
63 
63 
65 
64 
65 
67 
68 
69 
67 
67 
67 
68 
68 
67 
67 
133 
129 
112 
110 
107 
105 
106 
109 
110 
110 
114 
118 
132 
174 
264 
390 
542 
678 
831 
942 
1033 
1089 
1124 
1125 
1097 
1015 
921 
786 
646 
519 
429 
374 
334 
301 
276 
256 
241 
233 
226 
223 
276 
280 
279 
282 
284 
288 
292 
291 
291 
290 
290 
292 
290 
295 
297 
299 
300 
297 
297 
299 
300 
303 
306 
308 
311 
315 
319 
320 
322 
318 
318 
318 
318 
322 
327 
330 
331 
331 
328 
325 
326 
304 
288 
283 
283 
283 
286 
286 
283 
277 
276 
298 
415 
677 
1041 
1483 
1930 
2326 
2689 
2986 
3234 
3388 
3467 
3451 
3365 
3170 
2901 
2523 
2084 
1653 
1289 
1053 
903 
790 
704 
637 
580 
533 
494 
463 
405 
387 
379 
374 
371 
368 
367 
364 
364 
367 
369 
373 
374 
371 
369 
371 
373 
374 
379 
383 
387 
387 
385 
384 
382 
380 
382 
381 
387 
393 
395 
391 
390 
388 
387 
387 
387 
387 
390 
393 
683 
668 
659 
651 
648 
645 
642 
641 
641 
644 
646 
647 
648 
648 
645 
644 
645 
643 
641 
640 
640 
643 
645 
646 
646 
645 
644 
643 
640 
642 
643 
645 
649 
652 
654 
655 
658 
657 
651 
645 
694 
680 
672 
667 
661 
658 
655 
652 
651 
650 
648 
647 
645 
645 
645 
645 
643 
642 
642 
641 
643 
644 
643 
644 
646 
648 
649 
650 
651 
650 
649 
650 
651 
652 
651 
652 
655 
658 
661 
660 
675 
675 
674 
674 
675 
678 
677 
678 
726 
711 
711 
711 
709 
711 
710 
710 
707 
708 
709 
711 
718 
763 
868 
998 
1148 
1290 
1429 
1528 
1593 
1634 
1614 
1542 
1436 
1299 
1160 
1038 
960 
914 
879 
854 
732 
734 
734 
735 
733 
740 
746 
741 
736 
718 
714 
712 
710 
709 
709 
710 
711 
713 
718 
727 
773 
870 
1006 
1172 
1317 
1476 
1598 
1698 
1765 
1806 
1807 
1774 
1674 
1566 
1414 
1261 
1120 
1024 
962 
920 
885 
860 
837 
820 
803 
788 
777 
761 
748 
741 
737 
737 
737 
735 
729 
726 
723 
720 
719 
716 
716 
718 
718 
718 
718 
718 
722 
723 
724 
723 
722 
722 
721 
721 
720 
720 
720 
721 
721 
723 
750 
751 
752 
755 
755 
754 
751 
753 
735 
718 
710 
704 
699 
700 
698 
696 
693 
691 
706 
783 
953 
1181 
1462 
1747 
2002 
2243 
2434 
2592 
2692 
2747 
2731 
2675 
2553 
2386 
2148 
1872 
1597 
1367 
1218 
1122 
1049 
990 
945 
911 
881 
858 
840 
816 
784 
766 
754 
743 
734 
727 
721 
717 
714 
714 
713 
711 
712 
711 
710 
709 
707 
706 
703 
702 
703 
704 
707 
714 
715 
713 
712 
710 
707 
706 
703 
705 
779 
774 
771 
770 
768 
773 
775 
763 
755 
748 
743 
739 
736 
731 
728 
726 
725 
727 
729 
730 
729 
729 
727 
724 
727 
725 
725 
724 
726 
730 
730 
730 
731 
731 
732 
731 
731 
731 
731 
730 
882 
854 
833 
815 
802 
790 
782 
764 
746 
738 
734 
729 
729 
727 
727 
726 
724 
723 
719 
717 
716 
716 
718 
719 
718 
719 
720 
720 
719 
719 
719 
719 
721 
722 
723 
724 
725 
725 
725 
726 
740 
743 
743 
743 
742 
741 
738 
739 
739 
739 
740 
742 
745 
746 
746 
744 
744 
744 
740 
742 
743 
743 
746 
744 
746 
748 
749 
750 
751 
750 
750 
750 
749 
749 
749 
748 
749 
751 
751 
751 
1046 
989 
946 
912 
883 
859 
841 
815 
781 
762 
747 
736 
730 
725 
722 
716 
711 
712 
710 
710 
709 
707 
705 
705 
703 
707 
707 
709 
709 
709 
709 
709 
708 
708 
707 
707 
707 
708 
707 
707 
783 
780 
776 
772 
769 
768 
766 
751 
739 
735 
732 
730 
730 
728 
727 
725 
725 
724 
722 
722 
723 
725 
725 
725 
724 
723 
724 
724 
725 
725 
724 
724 
724 
723 
724 
723 
724 
726 
728 
729 
814 
804 
795 
790 
785 
781 
777 
765 
750 
740 
737 
733 
731 
731 
732 
733 
730 
732 
731 
724 
724 
724 
726 
727 
731 
730 
730 
730 
729 
728 
728 
727 
727 
728 
730 
731 
732 
734 
737 
736 
839 
825 
810 
798 
792 
783 
779 
765 
749 
742 
737 
733 
731 
732 
734 
732 
731 
730 
727 
725 
725 
725 
727 
728 
731 
730 
730 
730 
729 
727 
727 
724 
728 
727 
727 
727 
729 
730 
731 
734 
750 
747 
748 
749 
749 
747 
747 
751 
708 
715 
715 
714 
711 
706 
701 
699 
700 
703 
711 
716 
715 
716 
712 
712 
704 
686 
681 
679 
676 
677 
673 
676 
676 
678 
680 
682 
686 
690 
712 
759 
715 
716 
716 
719 
722 
725 
727 
728 
728 
728 
727 
725 
721 
717 
716 
717 
720 
722 
729 
732 
734 
734 
728 
710 
700 
695 
693 
695 
697 
701 
705 
707 
710 
711 
714 
727 
779 
885 
1015 
1152 
732 
735 
738 
738 
739 
737 
734 
731 
729 
728 
728 
728 
731 
732 
735 
740 
742 
744 
742 
735 
726 
730 
730 
712 
710 
709 
705 
709 
710 
714 
715 
719 
718 
719 
723 
759 
857 
987 
1139 
1292 
1439 
1545 
1607 
1636 
1612 
1535 
1429 
1292 
1157 
1041 
970 
926 
891 
868 
846 
827 
808 
799 
793 
785 
781 
768 
758 
752 
747 
746 
742 
740 
739 
735 
732 
729 
730 
731 
730 
732 
739 
740 
739 
736 
721 
721 
720 
719 
720 
718 
719 
722 
722 
724 
726 
726 
726 
728 
728 
727 
727 
725 
722 
723 
724 
726 
726 
728 
730 
731 
730 
732 
727 
725 
727 
727 
726 
728 
732 
735 
735 
734 
737 
736 
743 
745 
745 
745 
744 
741 
739 
740 
740 
742 
749 
751 
749 
748 
745 
743 
742 
743 
744 
743 
743 
746 
729 
712 
704 
699 
695 
692 
690 
685 
680 
679 
693 
773 
944 
1178 
1458 
1736 
1983 
2218 
703 
705 
703 
703 
704 
702 
702 
704 
702 
704 
704 
707 
707 
707 
708 
708 
707 
708 
705 
705 
703 
703 
699 
683 
678 
679 
677 
675 
674 
674 
674 
676 
676 
680 
684 
690 
712 
762 
837 
929 
723 
724 
721 
719 
719 
719 
721 
724 
725 
726 
726 
726 
727 
728 
727 
724 
723 
724 
724 
724 
726 
728 
723 
710 
704 
701 
700 
701 
704 
703 
701 
701 
700 
699 
706 
726 
783 
893 
1022 
1162 
737 
737 
732 
729 
730 
728 
732 
733 
736 
741 
741 
741 
739 
738 
735 
734 
734 
735 
735 
731 
727 
735 
735 
721 
716 
713 
709 
712 
709 
710 
708 
713 
715 
720 
728 
767 
867 
995 
1142 
1289 
1598 
1699 
1767 
1806 
1804 
1767 
1673 
1571 
1423 
1268 
1126 
1026 
962 
917 
885 
857 
836 
821 
810 
800 
789 
771 
755 
747 
738 
732 
729 
726 
725 
725 
725 
727 
728 
730 
728 
726 
724 
724 
723 
719 
728 
730 
735 
736 
735 
736 
733 
734 
735 
735 
733 
733 
735 
737 
737 
738 
740 
741 
740 
740 
736 
733 
732 
731 
732 
736 
743 
747 
746 
745 
745 
740 
737 
735 
733 
734 
740 
745 
748 
749 
699 
699 
701 
701 
705 
704 
705 
705 
705 
705 
700 
700 
699 
700 
705 
705 
706 
710 
712 
709 
706 
708 
700 
681 
675 
674 
675 
675 
675 
679 
679 
682 
682 
682 
685 
688 
708 
758 
832 
923 
726 
727 
726 
723 
717 
713 
713 
714 
737 
737 
737 
736 
737 
738 
736 
738 
738 
737 
740 
739 
739 
739 
741 
741 
739 
736 
735 
736 
739 
742 
745 
745 
745 
747 
747 
745 
745 
744 
744 
744 
700 
700 
701 
703 
701 
703 
705 
705 
707 
706 
706 
705 
702 
702 
703 
702 
702 
703 
706 
705 
707 
709 
706 
707 
708 
703 
683 
677 
676 
674 
673 
670 
671 
672 
675 
675 
679 
683 
689 
710 
718 
722 
723 
724 
725 
724 
724 
724 
724 
725 
723 
722 
723 
723 
723 
723 
726 
727 
730 
732 
729 
728 
728 
728 
728 
726 
720 
707 
701 
699 
696 
701 
702 
705 
704 
704 
704 
703 
705 
723 
727 
727 
729 
729 
731 
730 
729 
729 
729 
728 
729 
731 
732 
735 
735 
735 
736 
735 
734 
733 
733 
732 
732 
727 
721 
728 
730 
715 
714 
713 
709 
709 
707 
707 
705 
706 
708 
714 
723 
764 
732 
732 
729 
728 
730 
732 
735 
738 
741 
741 
739 
731 
727 
727 
730 
735 
740 
746 
747 
745 
744 
741 
735 
739 
745 
740 
737 
723 
723 
724 
721 
720 
718 
717 
715 
716 
720 
731 
775 
871 
725 
724 
722 
723 
723 
725 
727 
728 
729 
728 
729 
729 
727 
727 
727 
727 
726 
726 
728 
730 
730 
730 
731 
730 
730 
731 
728 
731 
732 
733 
735 
737 
737 
736 
736 
737 
737 
735 
734 
732 
1445 
1732 
1988 
2232 
2424 
2577 
2669 
2727 
2716 
2666 
2546 
2380 
2143 
1864 
1586 
1356 
1207 
1113 
1042 
985 
944 
911 
882 
858 
838 
810 
777 
756 
745 
735 
728 
723 
720 
717 
716 
713 
710 
707 
706 
706 
704 
705 
706 
705 
704 
702 
704 
703 
702 
703 
702 
702 
705 
706 
706 
707 
708 
707 
709 
708 
705 
705 
705 
703 
702 
705 
702 
686 
681 
679 
679 
678 
676 
675 
672 
675 
676 
677 
682 
685 
729 
730 
729 
724 
721 
719 
719 
718 
718 
720 
725 
729 
729 
729 
726 
723 
721 
722 
721 
719 
723 
727 
728 
729 
729 
731 
730 
723 
711 
703 
698 
696 
694 
696 
701 
704 
704 
707 
707 
711 
761 
861 
989 
1141 
1289 
1434 
1536 
1595 
1627 
1607 
1532 
1431 
1294 
1159 
1039 
965 
919 
884 
860 
840 
827 
812 
801 
795 
787 
784 
770 
757 
750 
744 
741 
739 
736 
735 
735 
734 
735 
733 
730 
732 
874 
1010 
1171 
1311 
1475 
1599 
1699 
1766 
1809 
1808 
1775 
1680 
1571 
1419 
1264 
1123 
1027 
966 
925 
892 
866 
843 
823 
807 
794 
784 
769 
753 
747 
743 
741 
739 
736 
734 
732 
729 
727 
725 
723 
722 
736 
738 
738 
739 
739 
738 
739 
736 
736 
735 
735 
738 
738 
738 
740 
741 
740 
740 
739 
739 
738 
739 
738 
739 
742 
745 
747 
746 
747 
744 
745 
743 
738 
738 
739 
741 
744 
747 
748 
748 
749 
749 
747 
748 
745 
746 
746 
745 
733 
735 
733 
728 
723 
719 
717 
720 
720 
725 
727 
729 
733 
735 
734 
731 
732 
735 
739 
734 
731 
717 
714 
715 
710 
710 
710 
708 
710 
713 
716 
726 
719 
720 
720 
724 
730 
733 
735 
738 
734 
732 
733 
730 
727 
726 
729 
731 
730 
731 
731 
731 
733 
733 
737 
738 
742 
744 
739 
736 
735 
736 
733 
734 
735 
739 
744 
749 
750 
751 
750 
746 
756 
754 
756 
760 
765 
769 
770 
771 
768 
764 
761 
756 
756 
757 
760 
763 
764 
769 
771 
772 
770 
766 
762 
761 
760 
756 
751 
758 
743 
731 
727 
726 
723 
719 
712 
705 
694 
691 
705 
782 
716 
717 
716 
714 
712 
707 
702 
699 
704 
705 
708 
709 
709 
713 
714 
711 
709 
704 
702 
702 
703 
704 
706 
709 
714 
717 
718 
717 
710 
684 
672 
665 
662 
662 
663 
670 
678 
686 
688 
690 
729 
726 
724 
724 
726 
725 
726 
728 
728 
728 
730 
727 
727 
726 
727 
728 
729 
729 
729 
732 
734 
733 
731 
729 
727 
725 
722 
724 
720 
708 
705 
704 
706 
706 
703 
702 
699 
695 
695 
695 
719 
723 
725 
726 
728 
726 
723 
717 
715 
714 
713 
712 
714 
718 
721 
723 
726 
729 
730 
728 
726 
721 
718 
718 
719 
715 
709 
718 
723 
707 
705 
702 
697 
695 
690 
688 
693 
699 
702 
707 
722 
721 
723 
723 
722 
720 
718 
719 
724 
725 
725 
724 
722 
721 
723 
724 
727 
730 
733 
734 
731 
727 
719 
715 
719 
725 
736 
743 
745 
731 
725 
713 
698 
693 
691 
700 
710 
717 
723 
736 
731 
735 
735 
734 
731 
725 
719 
715 
713 
715 
720 
727 
732 
738 
740 
740 
736 
731 
728 
725 
722 
725 
726 
729 
731 
734 
736 
738 
740 
740 
739 
736 
734 
729 
729 
732 
739 
741 
746 
751 
967 
1197 
1471 
1746 
1995 
2230 
2420 
2575 
2671 
2721 
2709 
2660 
2547 
2388 
2154 
1878 
1601 
1365 
1214 
1116 
1044 
988 
949 
917 
894 
875 
856 
829 
792 
765 
747 
737 
727 
721 
720 
722 
728 
733 
733 
730 
720 
707 
699 
697 
699 
703 
712 
719 
721 
723 
720 
715 
708 
706 
703 
701 
708 
712 
713 
714 
713 
713 
712 
711 
712 
707 
707 
710 
705 
686 
681 
678 
674 
674 
675 
677 
682 
686 
684 
683 
735 
731 
728 
724 
723 
723 
726 
728 
734 
736 
739 
736 
734 
732 
727 
723 
720 
722 
724 
732 
734 
736 
738 
737 
735 
732 
729 
726 
726 
729 
728 
728 
723 
711 
707 
705 
704 
702 
701 
700 
709 
708 
708 
712 
723 
730 
733 
733 
731 
726 
719 
716 
714 
714 
717 
720 
723 
725 
728 
731 
730 
728 
724 
721 
719 
717 
717 
720 
723 
718 
715 
724 
726 
710 
705 
701 
693 
693 
689 
692 
704 
709 
716 
731 
778 
872 
1007 
1169 
716 
722 
726 
730 
730 
730 
726 
722 
717 
714 
715 
716 
719 
723 
727 
731 
731 
730 
727 
723 
719 
716 
717 
718 
715 
720 
727 
730 
732 
733 
732 
730 
728 
727 
728 
730 
731 
733 
738 
741 
745 
746 
745 
741 
738 
733 
734 
734 
735 
735 
739 
740 
740 
745 
726 
708 
695 
686 
681 
679 
679 
675 
674 
678 
694 
768 
939 
1171 
1448 
1724 
1973 
2203 
697 
696 
693 
695 
695 
698 
703 
704 
707 
708 
707 
707 
705 
705 
702 
702 
705 
707 
710 
710 
709 
712 
711 
690 
681 
676 
669 
669 
669 
668 
669 
675 
682 
690 
693 
700 
720 
765 
836 
923 
742 
742 
743 
744 
746 
749 
753 
758 
760 
757 
753 
747 
745 
740 
736 
740 
742 
746 
753 
758 
762 
767 
771 
759 
747 
726 
720 
719 
718 
724 
732 
738 
740 
741 
740 
745 
777 
867 
1000 
1165 
724 
727 
730 
732 
730 
727 
724 
722 
721 
722 
723 
725 
725 
728 
728 
729 
726 
723 
722 
719 
720 
723 
726 
728 
731 
731 
734 
731 
729 
727 
724 
726 
727 
727 
725 
727 
729 
729 
733 
733 
731 
737 
739 
739 
736 
734 
732 
731 
728 
728 
733 
735 
743 
751 
749 
747 
743 
738 
733 
729 
730 
728 
729 
738 
726 
716 
711 
705 
697 
689 
680 
671 
665 
662 
675 
757 
931 
1167 
1450 
1729 
703 
699 
696 
696 
693 
694 
697 
698 
702 
705 
707 
709 
706 
707 
706 
704 
700 
697 
700 
702 
703 
705 
706 
706 
707 
687 
683 
682 
681 
676 
672 
669 
666 
669 
671 
679 
688 
695 
716 
765 
707 
710 
714 
718 
723 
729 
730 
727 
744 
744 
744 
744 
748 
750 
756 
758 
758 
756 
750 
746 
745 
746 
747 
755 
763 
759 
757 
743 
738 
734 
729 
726 
722 
719 
718 
724 
728 
745 
788 
887 
691 
690 
692 
699 
707 
711 
710 
706 
702 
696 
694 
692 
690 
691 
693 
697 
705 
706 
709 
714 
716 
714 
709 
702 
696 
696 
691 
676 
672 
675 
678 
684 
688 
687 
683 
679 
672 
671 
674 
680 
702 
754 
834 
930 
1009 
1066 
1096 
1102 
726 
725 
726 
728 
727 
729 
732 
734 
734 
733 
732 
729 
730 
729 
728 
729 
728 
729 
731 
733 
737 
737 
739 
737 
735 
733 
730 
729 
726 
727 
730 
731 
724 
728 
730 
735 
743 
740 
740 
741 
728 
728 
728 
730 
730 
731 
732 
734 
731 
728 
724 
720 
721 
723 
726 
727 
734 
732 
732 
728 
725 
737 
743 
729 
728 
725 
720 
717 
714 
717 
714 
712 
737 
732 
726 
725 
724 
728 
734 
737 
742 
746 
748 
747 
742 
736 
731 
730 
729 
728 
734 
739 
746 
750 
748 
747 
742 
738 
736 
732 
730 
736 
719 
702 
693 
691 
687 
685 
685 
684 
681 
682 
707 
701 
698 
695 
693 
693 
694 
697 
1456 
1329 
1176 
1042 
956 
902 
865 
845 
824 
805 
792 
781 
773 
765 
759 
750 
740 
726 
722 
719 
714 
711 
708 
706 
704 
701 
699 
698 
700 
702 
703 
703 
1014 
1195 
1374 
1546 
1668 
1740 
1779 
1750 
1658 
1527 
1359 
1196 
1057 
970 
917 
883 
859 
835 
817 
800 
788 
777 
764 
758 
740 
728 
722 
720 
720 
719 
719 
716 
713 
708 
701 
696 
695 
696 
699 
703 
703 
707 
709 
715 
721 
726 
727 
724 
718 
710 
706 
708 
713 
724 
730 
730 
730 
727 
719 
712 
710 
710 
711 
717 
722 
725 
725 
728 
730 
723 
723 
724 
725 
726 
728 
733 
735 
735 
734 
731 
732 
732 
732 
731 
729 
731 
732 
732 
732 
731 
730 
732 
732 
735 
738 
738 
741 
743 
745 
744 
744 
742 
742 
741 
739 
739 
739 
741 
741 
741 
743 
742 
744 
743 
743 
743 
740 
741 
743 
744 
751 
854 
978 
1087 
1161 
1197 
1215 
1190 
1122 
1026 
941 
878 
838 
814 
799 
785 
778 
767 
760 
752 
745 
740 
738 
734 
723 
713 
708 
706 
706 
706 
707 
706 
704 
702 
699 
696 
695 
695 
695 
698 
1743 
1817 
1863 
1866 
1824 
1713 
1585 
1420 
1252 
1101 
1000 
937 
887 
845 
803 
771 
750 
734 
726 
723 
714 
699 
691 
682 
677 
671 
667 
667 
667 
672 
675 
672 
672 
669 
667 
667 
668 
667 
666 
667 
670 
671 
673 
673 
671 
666 
666 
665 
666 
667 
667 
670 
671 
675 
676 
678 
678 
679 
678 
679 
679 
681 
682 
682 
682 
681 
682 
684 
684 
684 
683 
682 
681 
680 
679 
679 
678 
680 
682 
685 
632 
627 
625 
625 
629 
634 
640 
645 
647 
647 
643 
639 
636 
634 
634 
635 
640 
649 
649 
646 
645 
636 
612 
601 
600 
600 
604 
612 
621 
622 
623 
623 
620 
618 
623 
655 
735 
863 
1021 
1164 
1803 
1848 
1798 
1666 
1488 
1274 
1084 
961 
881 
826 
785 
755 
730 
714 
699 
688 
682 
677 
669 
656 
639 
630 
624 
620 
619 
619 
618 
616 
619 
618 
615 
613 
608 
607 
604 
601 
602 
606 
611 
618 
619 
621 
621 
621 
619 
615 
612 
610 
614 
620 
624 
628 
626 
627 
625 
621 
617 
609 
602 
606 
606 
593 
594 
598 
596 
600 
601 
603 
603 
604 
603 
606 
615 
677 
833 
1049 
1303 
1551 
1789 
1959 
618 
617 
615 
616 
617 
619 
623 
624 
625 
625 
621 
621 
619 
619 
617 
618 
622 
623 
624 
623 
624 
627 
628 
631 
632 
634 
632 
632 
633 
633 
635 
637 
637 
638 
638 
640 
641 
640 
639 
637 
583 
587 
587 
589 
590 
590 
591 
586 
583 
582 
582 
583 
583 
586 
589 
593 
594 
594 
592 
593 
587 
569 
561 
563 
563 
567 
572 
572 
572 
569 
565 
567 
568 
573 
606 
686 
819 
983 
1134 
1237 
1504 
1535 
1497 
1398 
1274 
1121 
981 
894 
770 
802 
863 
933 
1010 
1084 
1140 
1177 
1199 
1189 
1142 
1087 
1017 
952 
910 
885 
864 
851 
843 
836 
830 
825 
826 
827 
830 
831 
824 
809 
800 
789 
778 
770 
815 
812 
811 
809 
809 
811 
817 
823 
830 
832 
829 
822 
813 
805 
802 
802 
805 
812 
820 
823 
824 
823 
821 
818 
813 
811 
808 
807 
809 
813 
817 
821 
825 
829 
831 
827 
818 
810 
805 
802 
748 
747 
742 
736 
738 
751 
810 
928 
1083 
1270 
1456 
1620 
1772 
1897 
2005 
2074 
2120 
2119 
2086 
2003 
1893 
1740 
1555 
1369 
1211 
1111 
1049 
1002 
966 
941 
922 
905 
889 
877 
859 
827 
812 
796 
786 
777 
774 
774 
774 
776 
779 
779 
776 
768 
765 
761 
756 
754 
753 
757 
762 
763 
764 
765 
766 
766 
767 
766 
761 
760 
758 
758 
759 
760 
760 
761 
764 
763 
762 
765 
770 
765 
747 
736 
732 
727 
788 
783 
786 
808 
838 
885 
946 
997 
1033 
1060 
1064 
1044 
1006 
946 
885 
841 
813 
799 
795 
799 
805 
807 
811 
825 
833 
831 
815 
790 
767 
753 
748 
748 
756 
754 
764 
777 
788 
796 
793 
792 
846 
867 
909 
961 
992 
1053 
1103 
1143 
1181 
1221 
1239 
1240 
1205 
1154 
1082 
1011 
959 
930 
920 
899 
903 
912 
923 
933 
939 
939 
928 
902 
865 
851 
847 
847 
854 
861 
869 
885 
872 
888 
904 
907 
899 
878 
860 
853 
853 
865 
887 
909 
926 
929 
923 
911 
894 
876 
864 
865 
854 
859 
865 
870 
880 
895 
904 
901 
901 
894 
883 
864 
849 
842 
849 
861 
872 
886 
905 
915 
911 
892 
872 
852 
751 
764 
779 
799 
821 
848 
871 
888 
900 
914 
915 
904 
883 
866 
857 
840 
827 
809 
798 
792 
788 
787 
787 
788 
798 
814 
817 
817 
817 
814 
800 
777 
757 
741 
734 
733 
737 
753 
773 
790 
746 
806 
868 
929 
976 
1003 
1018 
1007 
979 
943 
893 
841 
789 
759 
737 
715 
703 
690 
683 
675 
677 
686 
693 
698 
691 
672 
664 
658 
647 
641 
638 
630 
637 
640 
648 
654 
658 
661 
661 
656 
679 
675 
668 
665 
664 
669 
672 
677 
680 
683 
685 
685 
682 
679 
678 
677 
676 
678 
682 
684 
687 
691 
693 
699 
699 
697 
697 
696 
689 
683 
675 
673 
674 
680 
682 
693 
710 
714 
710 
698 
687 
676 
672 
671 
674 
684 
697 
714 
721 
721 
717 
709 
694 
683 
676 
677 
679 
684 
693 
701 
705 
712 
717 
714 
706 
695 
688 
685 
685 
687 
688 
694 
703 
708 
713 
714 
709 
703 
695 
688 
661 
662 
660 
657 
653 
649 
643 
642 
644 
643 
647 
652 
657 
661 
662 
661 
656 
647 
641 
635 
632 
629 
632 
637 
643 
648 
636 
633 
629 
620 
609 
601 
597 
596 
602 
605 
614 
627 
636 
651 
629 
630 
633 
636 
638 
643 
648 
645 
2534 
2530 
2483 
2367 
2208 
1983 
1730 
1483 
1285 
1165 
1085 
1026 
981 
939 
905 
872 
845 
821 
793 
764 
755 
745 
736 
730 
729 
730 
728 
724 
722 
715 
712 
714 
710 
709 
708 
712 
714 
711 
708 
710 
715 
716 
722 
724 
720 
715 
708 
704 
702 
703 
706 
709 
715 
726 
734 
733 
729 
724 
722 
716 
696 
686 
685 
687 
688 
694 
700 
705 
706 
703 
699 
695 
722 
727 
729 
731 
729 
729 
728 
725 
719 
717 
718 
718 
719 
725 
723 
730 
735 
737 
740 
739 
739 
734 
731 
731 
730 
730 
726 
716 
716 
716 
719 
717 
712 
713 
709 
705 
708 
707 
707 
725 
885 
1005 
1139 
1270 
1396 
1485 
1537 
1567 
1547 
1482 
1391 
1273 
1152 
1046 
982 
938 
905 
878 
854 
835 
819 
813 
812 
808 
809 
800 
792 
787 
782 
773 
765 
757 
751 
747 
747 
750 
754 
758 
762 
765 
768 
765 
757 
751 
747 
746 
745 
746 
751 
754 
757 
759 
762 
762 
761 
760 
758 
756 
756 
756 
757 
757 
760 
768 
776 
771 
763 
742 
731 
726 
724 
725 
726 
730 
735 
742 
749 
756 
785 
847 
726 
731 
735 
732 
736 
742 
742 
740 
740 
739 
736 
732 
729 
730 
732 
735 
738 
743 
744 
742 
742 
739 
733 
730 
727 
727 
731 
734 
736 
732 
734 
738 
741 
740 
738 
735 
735 
734 
733 
734 
738 
741 
743 
746 
746 
748 
746 
743 
738 
734 
734 
734 
733 
733 
735 
734 
736 
740 
744 
742 
742 
741 
740 
740 
739 
738 
738 
740 
742 
743 
744 
745 
747 
742 
740 
739 
740 
741 
738 
737 
1478 
1765 
2031 
2283 
2487 
2656 
2753 
2802 
2787 
2723 
2602 
2431 
2180 
1892 
1609 
1373 
1223 
1127 
1054 
995 
952 
917 
883 
854 
833 
808 
775 
760 
748 
739 
734 
726 
722 
716 
711 
707 
703 
701 
701 
700 
946 
953 
954 
950 
942 
933 
923 
917 
914 
918 
925 
923 
934 
947 
955 
959 
957 
950 
941 
934 
934 
934 
935 
938 
942 
948 
955 
958 
955 
942 
931 
923 
918 
916 
910 
909 
912 
918 
927 
926 
996 
993 
982 
967 
950 
947 
947 
955 
971 
983 
992 
1000 
1000 
989 
979 
974 
968 
967 
968 
971 
977 
981 
989 
992 
991 
986 
978 
979 
975 
959 
955 
954 
952 
956 
954 
958 
961 
968 
967 
969 
974 
972 
971 
969 
971 
975 
982 
987 
987 
991 
990 
985 
980 
976 
974 
973 
975 
976 
972 
978 
986 
990 
992 
986 
980 
981 
982 
971 
966 
949 
946 
951 
959 
969 
974 
974 
966 
959 
950 
946 
959 
961 
955 
947 
936 
932 
928 
924 
922 
927 
932 
938 
942 
947 
950 
951 
948 
942 
933 
929 
928 
929 
932 
936 
944 
949 
953 
952 
949 
945 
939 
935 
932 
931 
926 
927 
931 
935 
938 
940 
1119 
1325 
1566 
1805 
2014 
2212 
2376 
2522 
803 
787 
768 
759 
755 
753 
753 
752 
755 
759 
759 
761 
759 
757 
752 
745 
741 
740 
740 
741 
743 
749 
753 
758 
763 
760 
755 
750 
744 
742 
739 
740 
746 
746 
742 
735 
730 
728 
726 
719 
717 
730 
735 
723 
722 
721 
717 
716 
709 
707 
705 
706 
708 
709 
718 
749 
827 
925 
1037 
1142 
1241 
1315 
1353 
1371 
1352 
1296 
1224 
1130 
1042 
967 
919 
886 
860 
838 
819 
806 
790 
784 
781 
774 
771 
760 
752 
751 
754 
753 
750 
741 
734 
730 
726 
725 
726 
726 
727 
730 
738 
742 
739 
739 
736 
733 
732 
732 
730 
730 
731 
732 
737 
739 
739 
740 
745 
748 
746 
745 
743 
744 
746 
752 
754 
753 
756 
756 
756 
757 
754 
753 
750 
751 
750 
751 
754 
756 
762 
765 
767 
768 
769 
764 
761 
757 
754 
751 
757 
760 
766 
772 
775 
773 
773 
775 
773 
766 
764 
762 
763 
765 
768 
774 
782 
788 
789 
785 
782 
774 
766 
760 
760 
765 
770 
780 
787 
792 
793 
789 
783 
780 
776 
775 
774 
774 
777 
783 
790 
794 
793 
794 
792 
787 
779 
776 
1202 
1119 
1057 
1008 
970 
939 
913 
883 
857 
826 
793 
777 
766 
763 
764 
766 
769 
768 
761 
750 
740 
733 
727 
725 
731 
737 
744 
747 
750 
748 
744 
737 
730 
726 
724 
727 
730 
731 
733 
736 
835 
834 
836 
834 
830 
826 
818 
807 
802 
800 
787 
779 
774 
775 
779 
782 
781 
776 
769 
761 
755 
751 
751 
753 
757 
763 
770 
774 
774 
772 
769 
765 
757 
757 
756 
757 
760 
762 
764 
768 
746 
749 
755 
759 
756 
756 
760 
767 
769 
765 
763 
762 
761 
761 
757 
759 
763 
765 
768 
774 
778 
776 
775 
774 
772 
763 
758 
757 
759 
756 
763 
771 
780 
784 
782 
783 
779 
775 
773 
771 
818 
815 
809 
800 
791 
787 
787 
774 
762 
758 
759 
765 
766 
764 
759 
754 
749 
744 
740 
740 
743 
743 
747 
750 
755 
758 
757 
755 
753 
747 
743 
739 
740 
741 
742 
749 
755 
758 
762 
761 
757 
751 
746 
742 
739 
741 
744 
749 
751 
744 
741 
738 
730 
725 
718 
714 
711 
709 
710 
715 
723 
745 
794 
884 
987 
1095 
1199 
1270 
1309 
1328 
1307 
1247 
1166 
1069 
983 
930 
897 
868 
847 
827 
730 
729 
732 
737 
737 
744 
754 
750 
749 
731 
721 
714 
706 
701 
702 
706 
704 
709 
718 
734 
769 
833 
918 
1024 
1117 
1224 
1304 
1373 
1420 
1452 
1461 
1450 
1384 
1314 
1210 
1099 
1001 
931 
882 
853 
742 
743 
746 
749 
753 
754 
750 
755 
757 
753 
749 
745 
742 
741 
745 
749 
748 
752 
758 
764 
767 
767 
763 
757 
751 
749 
752 
756 
762 
768 
769 
773 
774 
772 
768 
759 
755 
756 
757 
760 
765 
768 
773 
774 
778 
776 
776 
774 
625 
632 
640 
636 
638 
649 
707 
849 
1027 
1219 
1417 
1561 
1648 
1691 
1643 
1526 
1381 
1202 
1041 
942 
885 
842 
808 
781 
754 
734 
723 
722 
724 
727 
720 
704 
688 
674 
672 
670 
669 
667 
660 
654 
653 
654 
662 
679 
731 
846 
1008 
1201 
1373 
1561 
1699 
1816 
1886 
1927 
1924 
1889 
1782 
1659 
1486 
1306 
1142 
1024 
942 
886 
843 
809 
784 
767 
752 
742 
731 
716 
669 
664 
661 
660 
659 
660 
659 
661 
664 
663 
667 
671 
671 
670 
670 
670 
669 
667 
663 
662 
665 
669 
674 
675 
675 
675 
673 
671 
670 
670 
666 
659 
658 
660 
663 
666 
671 
676 
680 
684 
659 
641 
630 
628 
631 
636 
639 
638 
634 
631 
655 
793 
1101 
1535 
2053 
2569 
3036 
3466 
3824 
3991 
4025 
4026 
4028 
4004 
3934 
3639 
3203 
2686 
2172 
1743 
1473 
1299 
1174 
1075 
1001 
938 
884 
835 
795 
751 
642 
642 
643 
642 
640 
629 
625 
623 
623 
626 
624 
623 
621 
617 
615 
616 
625 
648 
714 
854 
1024 
1203 
1386 
1520 
1599 
1633 
1588 
1478 
1334 
1163 
1012 
917 
867 
834 
810 
789 
770 
754 
738 
721 
709 
701 
688 
677 
666 
665 
668 
675 
677 
675 
674 
668 
661 
657 
654 
652 
653 
658 
662 
666 
668 
671 
674 
671 
667 
664 
658 
657 
658 
655 
659 
667 
675 
679 
680 
678 
678 
679 
676 
674 
875 
829 
791 
750 
703 
678 
660 
645 
635 
630 
627 
627 
623 
621 
615 
607 
602 
600 
595 
591 
590 
593 
600 
605 
607 
610 
611 
612 
610 
607 
603 
601 
602 
604 
603 
605 
609 
617 
624 
624 
770 
755 
742 
738 
735 
731 
728 
717 
701 
691 
683 
681 
680 
685 
691 
690 
689 
684 
681 
674 
673 
675 
680 
687 
690 
690 
686 
682 
677 
675 
673 
673 
675 
678 
683 
686 
689 
694 
696 
695 
832 
812 
794 
781 
769 
756 
748 
729 
715 
706 
699 
697 
695 
695 
695 
694 
692 
688 
686 
680 
678 
674 
675 
675 
676 
681 
682 
689 
691 
691 
692 
690 
690 
690 
689 
688 
686 
686 
688 
689 
705 
704 
702 
701 
701 
703 
704 
704 
705 
707 
705 
705 
703 
703 
701 
697 
701 
700 
699 
702 
699 
700 
702 
702 
705 
707 
712 
716 
716 
717 
715 
716 
714 
713 
709 
707 
710 
711 
711 
712 
1149 
1059 
985 
933 
887 
848 
820 
783 
741 
719 
699 
685 
672 
663 
655 
648 
646 
645 
646 
643 
638 
636 
632 
630 
631 
632 
636 
644 
648 
649 
646 
643 
639 
637 
637 
637 
641 
649 
651 
649 
801 
780 
760 
743 
727 
714 
705 
697 
693 
698 
701 
693 
682 
674 
668 
661 
659 
659 
655 
654 
658 
660 
658 
659 
658 
658 
658 
657 
658 
655 
655 
655 
654 
655 
657 
656 
658 
656 
656 
656 
682 
686 
688 
689 
687 
685 
685 
685 
712 
714 
710 
707 
705 
703 
701 
701 
701 
702 
697 
692 
699 
704 
691 
689 
686 
680 
681 
680 
683 
682 
683 
686 
689 
696 
736 
835 
961 
1106 
1248 
1386 
1405 
1450 
1483 
1486 
1469 
1402 
1329 
1220 
1106 
999 
922 
873 
840 
816 
800 
784 
773 
767 
759 
753 
738 
723 
713 
705 
700 
699 
694 
695 
695 
699 
703 
703 
702 
702 
699 
698 
698 
695 
691 
694 
734 
737 
740 
742 
742 
741 
738 
734 
731 
731 
731 
735 
737 
735 
734 
736 
736 
736 
736 
734 
736 
720 
706 
699 
696 
692 
689 
688 
683 
681 
680 
697 
784 
984 
1255 
1582 
1913 
2203 
2471 
2695 
2658 
2909 
3113 
3233 
3301 
3284 
3213 
3054 
2829 
2515 
2151 
1792 
1494 
1291 
1169 
1078 
1008 
950 
903 
865 
833 
805 
775 
735 
712 
697 
690 
684 
677 
673 
670 
664 
661 
658 
656 
651 
650 
650 
647 
648 
950 
1055 
1126 
1163 
1183 
1158 
1092 
1000 
914 
849 
811 
787 
772 
758 
752 
745 
740 
734 
730 
722 
719 
716 
703 
689 
684 
682 
683 
685 
686 
683 
680 
675 
672 
670 
667 
666 
667 
670 
674 
677 
677 
680 
682 
683 
686 
685 
683 
678 
675 
673 
670 
674 
675 
675 
679 
684 
688 
689 
691 
689 
687 
685 
683 
682 
684 
687 
691 
694 
697 
698 
692 
690 
689 
688 
685 
691 
694 
694 
694 
693 
1085 
1159 
1203 
1226 
1206 
1138 
1039 
948 
880 
837 
810 
790 
773 
762 
754 
749 
744 
740 
736 
737 
735 
723 
709 
702 
696 
693 
690 
687 
686 
687 
687 
686 
687 
692 
692 
695 
692 
692 
691 
691 
1385 
1511 
1585 
1622 
1586 
1484 
1352 
1193 
1050 
961 
905 
868 
843 
821 
801 
788 
774 
764 
753 
747 
738 
727 
715 
713 
712 
710 
707 
705 
703 
699 
695 
693 
693 
694 
699 
705 
705 
703 
702 
701 
1558 
1686 
1757 
1792 
1767 
1677 
1550 
1386 
1221 
1072 
982 
926 
883 
851 
825 
802 
783 
770 
762 
753 
748 
734 
722 
715 
712 
709 
706 
701 
699 
696 
695 
695 
696 
696 
699 
700 
699 
698 
695 
691 
689 
688 
689 
691 
691 
696 
699 
699 
700 
699 
698 
697 
695 
694 
695 
696 
699 
701 
703 
711 
717 
710 
706 
689 
682 
677 
674 
674 
672 
672 
676 
681 
687 
700 
738 
817 
935 
1084 
1220 
1372 
712 
715 
715 
714 
714 
712 
710 
709 
708 
709 
712 
716 
719 
719 
720 
717 
715 
710 
711 
711 
711 
716 
721 
724 
728 
727 
726 
724 
720 
719 
718 
719 
721 
724 
726 
728 
729 
730 
730 
731 
742 
743 
747 
751 
751 
751 
754 
755 
752 
750 
750 
751 
751 
754 
758 
760 
761 
761 
759 
757 
752 
753 
746 
735 
732 
734 
734 
731 
730 
730 
727 
726 
728 
731 
736 
760 
811 
906 
1014 
1127 
740 
740 
739 
737 
736 
736 
734 
735 
1018 
1007 
990 
976 
972 
971 
972 
980 
992 
1002 
1015 
1019 
1018 
1011 
996 
978 
964 
955 
956 
965 
971 
987 
998 
1005 
1012 
1011 
996 
980 
966 
960 
959 
962 
795 
794 
793 
791 
791 
789 
789 
795 
802 
807 
813 
809 
801 
798 
777 
757 
745 
739 
738 
743 
746 
746 
746 
744 
759 
841 
1023 
1280 
1590 
1908 
2197 
2475 
2704 
2892 
3005 
3066 
3047 
2980 
2835 
2636 
741 
736 
727 
719 
713 
706 
703 
707 
715 
724 
735 
733 
731 
735 
727 
704 
693 
683 
677 
681 
689 
700 
698 
701 
699 
705 
718 
753 
856 
989 
1137 
1283 
1419 
1512 
1563 
1597 
1583 
1522 
1434 
1308 
760 
763 
758 
753 
748 
743 
737 
736 
741 
747 
748 
761 
776 
773 
765 
743 
727 
719 
716 
718 
726 
730 
733 
734 
734 
746 
785 
858 
955 
1075 
1178 
1294 
1386 
1459 
1505 
1538 
1540 
1522 
1458 
1390 
1284 
1170 
1059 
975 
920 
886 
865 
848 
838 
832 
827 
826 
823 
809 
790 
776 
761 
754 
754 
760 
768 
770 
772 
776 
779 
777 
773 
765 
753 
745 
742 
740 
742 
749 
755 
760 
769 
781 
780 
777 
862 
856 
847 
838 
831 
830 
831 
837 
845 
856 
863 
868 
869 
867 
865 
860 
852 
851 
850 
848 
852 
855 
859 
867 
869 
872 
869 
864 
860 
854 
852 
851 
852 
855 
857 
865 
869 
871 
873 
873 
2730 
2675 
2556 
2399 
2181 
1925 
1669 
1452 
1310 
1218 
1147 
1089 
1047 
1015 
986 
966 
951 
928 
899 
883 
867 
855 
842 
832 
827 
823 
818 
820 
819 
822 
826 
828 
825 
826 
822 
817 
813 
810 
809 
811 
821 
820 
815 
811 
806 
798 
794 
793 
794 
800 
806 
813 
818 
822 
821 
820 
814 
810 
796 
782 
779 
779 
781 
784 
788 
792 
792 
794 
793 
790 
791 
801 
843 
931 
1034 
1143 
1254 
1335 
1383 
1411 
825 
822 
811 
805 
804 
804 
798 
798 
798 
805 
815 
818 
820 
826 
825 
819 
812 
811 
807 
791 
789 
791 
791 
798 
794 
800 
806 
804 
799 
801 
802 
831 
913 
1015 
1135 
1258 
1379 
1467 
1523 
1554 
1535 
1471 
1388 
1276 
1163 
1067 
1008 
972 
949 
931 
916 
907 
896 
889 
880 
872 
863 
846 
826 
823 
825 
829 
828 
826 
821 
825 
828 
827 
827 
828 
831 
831 
828 
827 
827 
826 
827 
831 
831 
831 
706 
705 
707 
711 
715 
721 
724 
725 
723 
717 
711 
706 
707 
707 
708 
713 
716 
716 
714 
723 
706 
690 
677 
671 
665 
663 
661 
657 
654 
659 
675 
754 
927 
1163 
1444 
1729 
1991 
2237 
2436 
2604 
1074 
1087 
1070 
1019 
944 
879 
825 
792 
773 
761 
750 
741 
730 
724 
718 
714 
710 
710 
712 
701 
690 
687 
682 
680 
677 
676 
674 
671 
666 
667 
667 
667 
670 
675 
675 
675 
674 
672 
670 
665 
663 
660 
660 
663 
667 
670 
671 
676 
1102 
980 
890 
832 
792 
763 
737 
713 
696 
689 
681 
673 
673 
678 
682 
669 
655 
649 
640 
633 
627 
623 
623 
627 
635 
636 
635 
635 
629 
624 
621 
619 
626 
627 
628 
632 
636 
639 
643 
640 
639 
640 
640 
638 
635 
634 
634 
634 
639 
643 
644 
641 
639 
632 
621 
628 
628 
613 
614 
617 
618 
623 
624 
624 
622 
622 
621 
626 
640 
703 
863 
1078 
723 
725 
728 
738 
748 
759 
762 
760 
757 
748 
737 
731 
731 
733 
737 
734 
738 
749 
756 
757 
761 
753 
746 
742 
738 
741 
745 
746 
740 
737 
741 
745 
751 
755 
751 
749 
752 
752 
753 
752 
744 
739 
744 
748 
754 
758 
765 
766 
763 
759 
753 
746 
741 
741 
743 
750 
757 
765 
769 
763 
767 
769 
759 
750 
746 
746 
749 
758 
765 
767 
767 