-15760 
0 
-14528 
0 
-15376 
0 
262180 
32761 
-221139120 
16 
0 
0 
-2145979060 
1 
-221249536 
32761 
-217987728 
32761 
-221160800 
32761 
-14704 
0 
-1746933427 
53418 
-220316912 
32761 
0 
0 
-15248 
0 
0 
0 
0 
0 
-13424 
0 
-2143963392 
1 
-15376 
0 
-15680 
0 
262180 
0 
-15120 
0 
257 
32 
68 
5 
99180 
8 
0 
2 
5505102 
4259872 
5505109 
5177416 
4784210 
5832788 
0 
0 
0 
0 
0 
0 
0 
0 
0 
0 
-15592 
0 
568 
384 
0 
0 
1 
0 
0 
0 
0 
0 
0 
0 
0 
0 
0 
0 
7730272 
0 
0 
0 
0 
0 
0 
0 
0 
0 
0 
0 
-15248 
0 
-218005248 
32761 
0 
0 
0 
0 
0 
0 
0 
0 
-13816 
0 
0 
0 
1 
0 
0 
0 
3649536 
0 
0 
0 
0 
0 
758197587 
875965749 
3552045 
808530740 
3291448 
859321645 
825046070 
875968568 
909521453 
842151729 
758329394 
926496049 
959526965 
908931888 
943141173 
909193778 
825766445 
925972789 
758330932 
909324856 
959788085 
808594739 
859189817 
926233907 
943206701 
859189557 
3748920 
0 
0 
0 
0 
0 
-15344 
0 
7726200 
0 
7726176 
0 
7726244 
0 
0 
0 
60 
0 
0 
0 
1 
0 
0 
0 
0 
0 
0 
0 
0 
0 
0 
0 
0 
0 
0 
0 
-218338320 
32761 
7077955 
7667823 
2097252 
6488129 
7274595 
7209077 
2097268 
7667777 
6815860 
7209061 
6881396 
6357091 
6881396 
7209071 
0 
0 
448 
2 
0 
0 
0 
0 
0 
0 
0 
0 
0 
0 
-13264 
0 
-2147071248 
1 
0 
0 
0 
0 
0 
0 
-27048 
0 
0 
0 
0 
0 
-13816 
0 
0 
0 
0 
0 
0 
0 
0 
0 
0 
0 
-14704 
0 
0 
0 
0 
0 
0 
0 
0 
0 
0 
0 
7710704 
0 
54 
0 
-1746933139 
53418 
3 
0 
0 
0 
-13816 
0 
0 
0 
0 
0 
-218005112 
32761 
0 
0 
-218003552 
32761 
-220317616 
32761 
-218003552 
32761 
0 
0 
0 
0 
-218005112 
32761 
-14704 
0 
-199358544 
32761 
1903232307 
0 
-217987760 
32761 
-217921614 
32761 
-217987760 
32761 
2 
0 
-217987728 
32761 
379670996 
6276 
512 
0 
0 
0 
-2146619762 
1 
-14560 
0 
-2146506771 
1 
0 
0 
50331651 
16 
0 
0 
-199531375 
32761 
7602176 
0 
360 
0 
7667779 
0 
3 
0 
48 
32761 
0 
0 
0 
0 
0 
0 
0 
0 
0 
0 
0 
0 
0 
0 
306304 
8 
-2145116848 
1 
0 
0 
-2146619218 
1 
1 
0 
-13712 
0 
1 
0 
-2147198918 
1 
0 
0 
34 
0 
-14096 
0 
7710704 
0 
11 
0 
11 
0 
0 
0 
11 
0 
-14048 
0 
-2143844184 
1 
-2143846112 
1 
-2145190791 
1 
16 
8 
-2147202347 
1 
528 
0 
17 
8 
0 
0 
-2147199789 
1 
-2143844320 
1 
0 
0 
-2144872137 
1 
-14048 
0 
17 
8 
-2144821912 
1 
-2143844304 
1 
-2143846128 
1 
17 
8 
-2144821912 
1 
16 
8 
-2147202551 
1 
7 
0 
-14048 
0 
-2144872137 
1 
-2146473625 
1 
-14048 
0 
-2146470715 
1 
0 
0 
7602176 
0 
-13520 
0 
0 
0 
-13520 
0 
-2146506395 
1 
64 
36 
-2144537984 
1 
-13440 
0 
0 
0 
-13760 
0 
-13768 
0 
-2145128704 
1 
-2146502650 
1 
-2143962624 
1 
-2143846224 
1 
11 
0 
-2145166944 
1 
0 
0 
-2145933643 
1 
64 
0 
774 
774 
776 
783 
794 
822 
877 
933 
994 
1053 
1092 
1111 
1119 
1101 
1066 
1026 
974 
934 
909 
891 
881 
879 
873 
868 
863 
855 
850 
849 
848 
846 
836 
827 
822 
816 
817 
820 
820 
824 
826 
824 
819 
813 
807 
800 
801 
802 
807 
814 
818 
825 
827 
826 
820 
811 
806 
805 
806 
809 
811 
815 
814 
818 
821 
822 
822 
820 
817 
816 
808 
802 
808 
810 
780 
778 
776 
777 
777 
778 
782 
785 
788 
787 
787 
788 
802 
846 
903 
967 
1025 
1086 
1131 
1162 
1182 
1176 
1144 
1098 
1038 
984 
937 
907 
891 
878 
874 
868 
868 
864 
861 
861 
853 
850 
835 
824 
820 
813 
811 
811 
812 
815 
818 
821 
817 
814 
811 
807 
807 
808 
811 
813 
814 
816 
816 
819 
818 
815 
810 
808 
808 
807 
809 
813 
817 
821 
821 
824 
825 
823 
821 
816 
820 
825 
819 
815 
802 
800 
800 
802 
800 
799 
796 
793 
791 
790 
794 
810 
848 
894 
961 
1019 
1084 
1132 
1170 
1194 
1206 
1203 
1192 
1157 
1121 
1069 
1018 
970 
936 
916 
902 
890 
879 
867 
861 
855 
852 
850 
842 
834 
829 
828 
825 
823 
815 
811 
808 
806 
806 
808 
808 
810 
811 
813 
816 
817 
815 
811 
806 
805 
803 
803 
804 
807 
812 
815 
815 
814 
811 
808 
805 
801 
802 
803 
807 
808 
812 
817 
818 
816 
813 
807 
804 
801 
799 
801 
803 
806 
812 
815 
814 
814 
815 
814 
808 
803 
802 
800 
801 
803 
805 
809 
814 
819 
820 
818 
810 
802 
798 
797 
798 
803 
810 
812 
811 
814 
811 
808 
804 
802 
799 
798 
802 
805 
807 
809 
811 
812 
811 
811 
808 
805 
803 
800 
799 
800 
799 
802 
804 
808 
810 
811 
808 
806 
802 
800 
799 
799 
799 
802 
803 
804 
807 
808 
810 
810 
801 
792 
793 
776 
759 
754 
751 
749 
752 
754 
749 
744 
740 
743 
775 
848 
944 
1062 
1187 
1300 
1407 
1496 
1570 
1618 
1644 
1636 
1615 
1562 
1492 
1394 
1280 
1170 
1074 
1019 
980 
951 
929 
914 
902 
889 
872 
864 
843 
819 
807 
800 
799 
795 
795 
793 
794 
795 
792 
786 
785 
782 
780 
777 
775 
775 
776 
780 
784 
788 
784 
786 
786 
785 
782 
780 
782 
780 
778 
778 
781 
783 
785 
788 
792 
791 
788 
785 
783 
778 
759 
753 
748 
747 
746 
742 
749 
755 
758 
760 
763 
767 
766 
773 
799 
836 
882 
918 
946 
959 
969 
967 
947 
915 
887 
865 
851 
842 
841 
838 
840 
843 
842 
841 
841 
841 
840 
838 
823 
810 
809 
808 
806 
804 
802 
803 
802 
802 
801 
800 
798 
797 
797 
796 
796 
798 
800 
800 
798 
800 
804 
806 
803 
799 
797 
797 
798 
799 
801 
804 
806 
809 
810 
809 
805 
802 
799 
799 
798 
794 
781 
779 
782 
781 
783 
784 
784 
782 
778 
774 
772 
772 
771 
772 
782 
809 
862 
918 
980 
1040 
1085 
1110 
1122 
1108 
1071 
1026 
972 
926 
900 
885 
877 
874 
868 
860 
857 
850 
847 
845 
844 
836 
825 
815 
813 
813 
806 
809 
809 
810 
812 
811 
808 
808 
805 
805 
806 
803 
803 
805 
807 
810 
811 
815 
812 
811 
811 
810 
808 
808 
800 
800 
802 
804 
809 
811 
813 
816 
820 
819 
810 
802 
785 
791 
779 
778 
780 
780 
784 
780 
776 
772 
770 
769 
774 
778 
794 
843 
904 
970 
1030 
1088 
1130 
1158 
1172 
1163 
1131 
1088 
1032 
982 
936 
910 
892 
882 
877 
866 
858 
849 
843 
841 
842 
840 
829 
818 
815 
817 
815 
815 
810 
809 
809 
807 
805 
806 
803 
804 
808 
805 
807 
808 
808 
809 
813 
813 
808 
805 
801 
798 
803 
803 
805 
810 
817 
822 
821 
818 
814 
809 
802 
800 
805 
815 
816 
819 
809 
809 
806 
800 
797 
790 
782 
775 
775 
779 
786 
807 
849 
905 
974 
1030 
1083 
1124 
1159 
1182 
1197 
1199 
1192 
1159 
1124 
1074 
1024 
973 
941 
917 
901 
886 
875 
867 
861 
856 
852 
851 
842 
834 
833 
832 
829 
825 
820 
814 
808 
805 
804 
805 
807 
812 
819 
827 
827 
825 
820 
812 
806 
804 
803 
804 
811 
817 
822 
824 
824 
820 
815 
810 
808 
805 
804 
808 
814 
818 
820 
822 
823 
820 
817 
811 
809 
805 
808 
812 
815 
818 
820 
823 
822 
816 
814 
815 
812 
810 
808 
808 
809 
814 
816 
819 
823 
824 
821 
815 
814 
810 
807 
805 
807 
810 
814 
815 
815 
816 
817 
816 
814 
814 
810 
810 
809 
809 
811 
814 
816 
815 
815 
811 
814 
815 
813 
810 
809 
806 
805 
807 
808 
811 
813 
816 
818 
818 
814 
810 
808 
807 
806 
805 
807 
809 
812 
815 
818 
817 
811 
804 
805 
783 
766 
758 
755 
754 
754 
757 
756 
752 
749 
754 
786 
860 
952 
1063 
1182 
1296 
1406 
1496 
1576 
1626 
1653 
1651 
1624 
1564 
1489 
1390 
1274 
1164 
1081 
1029 
992 
963 
931 
907 
893 
879 
871 
870 
856 
828 
814 
805 
798 
795 
793 
791 
795 
795 
793 
788 
785 
779 
772 
772 
776 
776 
780 
787 
791 
789 
786 
783 
779 
775 
770 
772 
776 
779 
786 
791 
791 
792 
791 
789 
784 
780 
778 
776 
776 
771 
748 
747 
750 
754 
755 
753 
753 
751 
751 
747 
750 
753 
756 
770 
794 
835 
885 
926 
948 
961 
966 
957 
934 
901 
872 
854 
843 
838 
840 
842 
843 
840 
837 
834 
829 
827 
828 
828 
817 
805 
802 
803 
803 
804 
801 
800 
798 
795 
790 
787 
786 
784 
787 
791 
794 
795 
799 
802 
802 
799 
796 
791 
788 
785 
784 
787 
790 
794 
799 
808 
810 
808 
805 
796 
787 
784 
782 
789 
796 
797 
790 
783 
783 
778 
774 
773 
766 
765 
770 
798 
852 
912 
975 
1039 
1084 
1112 
1124 
1108 
1068 
1017 
960 
911 
884 
874 
871 
870 
864 
859 
854 
846 
839 
836 
833 
830 
824 
815 
813 
814 
814 
814 
812 
806 
800 
797 
795 
792 
794 
798 
802 
805 
810 
811 
809 
808 
805 
801 
796 
794 
794 
797 
801 
804 
806 
811 
814 
815 
812 
810 
803 
801 
802 
798 
795 
788 
798 
800 
786 
786 
772 
771 
774 
772 
775 
774 
773 
771 
769 
771 
788 
836 
898 
960 
1024 
1083 
1130 
1156 
1168 
1155 
1120 
1075 
1020 
971 
928 
902 
889 
882 
878 
869 
859 
844 
836 
834 
830 
824 
815 
806 
805 
811 
810 
813 
811 
811 
810 
802 
795 
793 
792 
795 
793 
797 
799 
803 
806 
809 
807 
806 
805 
802 
799 
796 
795 
794 
797 
801 
808 
809 
808 
809 
810 
808 
806 
801 
805 
813 
808 
803 
788 
787 
787 
789 
792 
790 
789 
786 
785 
787 
789 
802 
836 
886 
952 
1013 
1075 
1122 
1158 
1182 
1197 
1192 
1180 
1147 
1114 
1061 
1011 
966 
932 
913 
902 
888 
877 
867 
860 
851 
842 
836 
828 
821 
822 
826 
829 
826 
820 
813 
808 
805 
803 
804 
808 
808 
810 
810 
815 
816 
815 
816 
815 
812 
809 
808 
811 
812 
813 
810 
806 
805 
804 
806 
810 
813 
814 
819 
822 
822 
819 
816 
813 
812 
813 
813 
814 
816 
819 
822 
825 
826 
824 
818 
811 
806 
805 
804 
808 
813 
821 
829 
833 
831 
827 
820 
813 
808 
806 
808 
811 
817 
825 
832 
833 
829 
823 
811 
807 
807 
810 
815 
821 
824 
825 
823 
822 
822 
820 
815 
814 
815 
817 
816 
816 
816 
821 
824 
826 
823 
820 
816 
815 
814 
812 
815 
819 
819 
821 
824 
824 
826 
825 
821 
816 
812 
811 
810 
812 
815 
816 
816 
822 
804 
786 
776 
768 
762 
758 
756 
755 
751 
750 
757 
796 
872 
966 
1084 
1207 
1316 
1418 
1501 
1573 
1615 
1644 
1642 
1624 
1576 
1514 
1422 
1306 
1189 
1090 
1027 
987 
954 
931 
915 
904 
895 
889 
882 
865 
837 
823 
814 
808 
802 
797 
796 
796 
796 
796 
795 
792 
790 
788 
786 
782 
781 
781 
782 
784 
785 
786 
788 
790 
791 
790 
787 
784 
781 
780 
779 
780 
782 
786 
789 
790 
790 
788 
788 
789 
780 
758 
749 
747 
746 
746 
746 
749 
751 
754 
756 
758 
759 
759 
770 
795 
833 
879 
919 
945 
956 
966 
962 
940 
907 
876 
856 
842 
836 
833 
828 
827 
826 
832 
832 
833 
831 
833 
837 
825 
809 
800 
796 
793 
789 
787 
786 
786 
790 
792 
795 
797 
800 
797 
791 
786 
785 
780 
778 
780 
784 
789 
793 
799 
801 
799 
794 
790 
786 
786 
785 
786 
787 
791 
796 
802 
803 
803 
801 
797 
787 
772 
765 
761 
760 
762 
766 
772 
768 
771 
773 
775 
803 
855 
910 
974 
1037 
1083 
1101 
1110 
1094 
1056 
1008 
958 
913 
888 
879 
872 
864 
859 
853 
847 
838 
831 
826 
823 
822 
817 
813 
811 
810 
808 
806 
801 
796 
792 
791 
794 
794 
794 
795 
795 
796 
799 
801 
803 
804 
803 
800 
796 
791 
792 
787 
790 
794 
796 
799 
799 
803 
808 
805 
803 
798 
796 
795 
790 
785 
794 
798 
785 
781 
780 
774 
763 
758 
756 
754 
756 
760 
767 
773 
793 
842 
901 
958 
1015 
1071 
1113 
1138 
1152 
1147 
1118 
1075 
1019 
969 
925 
899 
885 
875 
866 
854 
845 
834 
830 
830 
830 
827 
820 
812 
812 
812 
812 
806 
802 
798 
790 
790 
788 
789 
789 
792 
796 
799 
803 
804 
802 
798 
797 
796 
792 
792 
788 
790 
794 
793 
795 
797 
799 
803 
804 
803 
801 
799 
798 
800 
805 
812 
810 
806 
792 
789 
786 
780 
776 
776 
774 
771 
772 
778 
789 
808 
844 
893 
956 
1004 
1064 
1108 
1145 
1165 
1181 
1184 
1180 
1149 
1118 
1066 
1018 
968 
930 
905 
885 
870 
860 
850 
843 
838 
840 
842 
835 
826 
822 
819 
816 
812 
805 
800 
797 
798 
802 
802 
805 
810 
813 
815 
813 
811 
805 
800 
798 
797 
798 
798 
803 
808 
812 
815 
816 
816 
810 
803 
800 
799 
802 
803 
807 
811 
813 
815 
819 
820 
818 
816 
813 
808 
803 
803 
805 
810 
815 
817 
822 
818 
818 
819 
818 
818 
813 
809 
806 
806 
808 
815 
822 
828 
830 
832 
830 
824 
818 
813 
809 
811 
815 
818 
822 
826 
828 
830 
829 
826 
821 
816 
811 
811 
811 
813 
818 
820 
824 
829 
832 
833 
832 
827 
824 
817 
816 
815 
816 
817 
820 
823 
826 
829 
833 
831 
830 
824 
819 
818 
818 
817 
818 
819 
823 
828 
826 
820 
822 
802 
784 
774 
769 
765 
765 
767 
762 
760 
761 
771 
803 
877 
972 
1088 
1207 
1314 
1422 
1509 
1582 
1630 
1663 
1659 
1638 
1581 
1511 
1412 
1296 
1182 
1090 
1034 
1001 
975 
953 
936 
922 
906 
890 
877 
857 
830 
819 
818 
812 
815 
816 
814 
814 
810 
804 
799 
794 
790 
788 
786 
787 
792 
796 
799 
802 
802 
801 
798 
793 
787 
783 
784 
786 
786 
789 
789 
792 
800 
801 
800 
797 
794 
788 
784 
785 
779 
762 
761 
762 
763 
763 
763 
763 
759 
758 
754 
754 
758 
761 
775 
801 
843 
891 
929 
953 
963 
968 
961 
939 
905 
876 
857 
844 
841 
840 
839 
838 
837 
836 
834 
834 
830 
832 
833 
822 
810 
802 
798 
799 
800 
797 
792 
788 
787 
787 
787 
786 
783 
783 
787 
787 
789 
789 
790 
788 
788 
788 
788 
787 
788 
788 
787 
786 
782 
785 
787 
787 
791 
793 
793 
792 
791 
790 
788 
787 
783 
771 
765 
763 
759 
762 
765 
767 
765 
761 
759 
760 
764 
781 
805 
852 
904 
960 
1022 
1068 
1093 
1102 
1091 
1058 
1014 
963 
919 
894 
878 
865 
856 
848 
839 
832 
828 
828 
827 
829 
828 
822 
812 
806 
802 
799 
793 
788 
786 
788 
789 
791 
794 
794 
796 
797 
798 
796 
791 
789 
789 
784 
787 
792 
790 
793 
798 
800 
800 
799 
796 
794 
788 
785 
788 
789 
790 
794 
798 
796 
792 
799 
799 
780 
774 
769 
764 
773 
772 
770 
766 
764 
762 
763 
764 
781 
830 
888 
955 
1016 
1078 
1122 
1147 
1162 
1151 
1118 
1071 
1014 
962 
915 
889 
877 
866 
862 
855 
848 
839 
833 
832 
827 
828 
817 
804 
801 
799 
800 
799 
798 
798 
797 
792 
789 
787 
790 
793 
794 
796 
796 
798 
796 
797 
794 
792 
791 
790 
789 
791 
790 
793 
797 
800 
800 
799 
798 
797 
796 
794 
792 
791 
796 
802 
798 
796 
783 
782 
781 
783 
783 
779 
775 
772 
770 
774 
777 
790 
826 
876 
946 
1003 
1067 
1114 
1150 
1176 
1187 
1184 
1172 
1137 
1104 
1054 
1007 
961 
927 
908 
892 
876 
861 
848 
840 
837 
838 
834 
829 
824 
822 
820 
814 
802 
797 
796 
795 
794 
798 
802 
803 
807 
811 
810 
807 
800 
800 
800 
795 
799 
799 
800 
803 
802 
799 
798 
801 
806 
809 
813 
813 
809 
807 
805 
798 
795 
796 
799 
804 
815 
823 
822 
818 
814 
808 
802 
796 
796 
797 
802 
814 
822 
820 
819 
817 
814 
809 
808 
808 
809 
811 
816 
822 
824 
822 
818 
815 
814 
814 
809 
810 
810 
814 
819 
816 
819 
819 
819 
820 
821 
822 
821 
819 
818 
815 
813 
816 
817 
820 
821 
823 
827 
827 
824 
823 
820 
815 
814 
813 
815 
817 
820 
826 
830 
832 
833 
832 
827 
822 
820 
820 
819 
819 
821 
824 
824 
823 
823 
828 
814 
796 
785 
774 
766 
760 
759 
755 
754 
757 
771 
810 
887 
986 
1102 
1215 
1315 
1419 
1504 
1579 
1626 
1656 
1656 
1640 
1592 
1529 
1430 
1312 
1193 
1094 
1030 
992 
964 
944 
928 
922 
914 
906 
897 
879 
850 
834 
825 
818 
811 
807 
808 
809 
810 
808 
807 
805 
802 
797 
796 
794 
796 
797 
797 
800 
801 
802 
801 
802 
801 
800 
796 
795 
797 
797 
798 
798 
799 
799 
802 
800 
799 
795 
792 
794 
788 
770 
766 
764 
763 
763 
763 
766 
764 
763 
760 
760 
762 
765 
780 
811 
853 
901 
939 
964 
974 
976 
965 
939 
904 
876 
860 
850 
849 
850 
851 
851 
849 
846 
841 
835 
831 
829 
829 
817 
807 
806 
804 
805 
805 
805 
803 
799 
794 
789 
787 
787 
786 
787 
789 
791 
794 
794 
793 
793 
792 
790 
788 
786 
785 
784 
786 
786 
789 
792 
796 
797 
793 
791 
789 
787 
789 
791 
791 
791 
786 
775 
768 
764 
760 
760 
759 
759 
759 
762 
766 
764 
766 
845 
903 
964 
1028 
1075 
1105 
1119 
1107 
1070 
1020 
961 
907 
877 
861 
851 
850 
847 
847 
848 
844 
845 
841 
834 
825 
812 
799 
793 
794 
792 
793 
795 
796 
798 
797 
795 
793 
791 
788 
787 
787 
794 
793 
790 
791 
788 
787 
785 
788 
795 
805 
807 
802 
799 
795 
784 
779 
781 
787 
794 
801 
806 
808 
803 
793 
787 
779 
761 
757 
754 
759 
773 
770 
763 
766 
771 
777 
795 
839 
893 
955 
1016 
1074 
1115 
1139 
1151 
1147 
1121 
1081 
1027 
977 
930 
902 
881 
865 
851 
840 
836 
831 
833 
839 
841 
841 
825 
812 
803 
796 
792 
791 
791 
792 
791 
790 
791 
795 
796 
792 
789 
788 
786 
786 
783 
787 
790 
794 
797 
796 
797 
797 
797 
796 
794 
792 
790 
787 
785 
787 
789 
790 
797 
802 
807 
812 
804 
797 
777 
770 
769 
767 
770 
768 
765 
767 
774 
779 
783 
798 
831 
878 
939 
993 
1054 
1100 
1137 
1165 
1182 
1186 
1180 
1147 
1112 
1060 
1003 
950 
911 
888 
873 
862 
852 
841 
838 
839 
841 
838 
831 
820 
812 
806 
801 
796 
794 
794 
794 
796 
799 
801 
803 
803 
803 
802 
796 
794 
792 
793 
794 
793 
795 
799 
803 
808 
808 
804 
801 
797 
797 
795 
795 
799 
801 
805 
808 
808 
809 
808 
807 
803 
799 
797 
795 
798 
804 
807 
808 
807 
809 
811 
807 
804 
802 
801 
802 
804 
806 
807 
806 
808 
813 
813 
812 
812 
812 
811 
813 
814 
803 
803 
805 
802 
802 
806 
810 
814 
821 
820 
822 
825 
823 
815 
807 
803 
805 
806 
812 
820 
826 
829 
829 
824 
818 
814 
812 
814 
798 
796 
792 
791 
790 
789 
791 
791 
793 
795 
798 
799 
798 
796 
793 
790 
790 
790 
788 
787 
791 
793 
795 
789 
777 
775 
769 
765 
761 
756 
756 
756 
759 
764 
768 
774 
786 
811 
858 
910 
1049 
1096 
1137 
1164 
1186 
1190 
1184 
1150 
1111 
1056 
999 
945 
906 
883 
871 
864 
857 
855 
851 
849 
845 
842 
826 
811 
800 
797 
796 
795 
795 
799 
804 
807 
808 
803 
799 
795 
793 
789 
789 
789 
791 
795 
801 
806 
808 
811 
807 
804 
800 
792 
787 
788 
792 
797 
798 
802 
802 
806 
807 
806 
805 
801 
802 
801 
800 
800 
799 
801 
804 
810 
811 
811 
809 
810 
809 
802 
800 
799 
800 
803 
805 
808 
809 
814 
818 
820 
815 
811 
808 
807 
808 
807 
806 
809 
811 
815 
818 
819 
817 
815 
811 
808 
806 
807 
807 
808 
809 
813 
820 
824 
826 
822 
819 
815 
813 
811 
813 
813 
813 
815 
820 
823 
826 
824 
824 
821 
819 
818 
815 
813 
815 
817 
819 
820 
824 
825 
825 
823 
822 
819 
812 
806 
812 
797 
786 
782 
779 
778 
777 
776 
768 
758 
755 
757 
792 
867 
967 
1091 
1216 
1326 
775 
802 
855 
912 
972 
1033 
1076 
1100 
1110 
1097 
1057 
1013 
960 
912 
885 
873 
861 
858 
854 
850 
845 
839 
832 
829 
826 
819 
810 
798 
794 
793 
797 
798 
800 
803 
803 
802 
797 
790 
782 
780 
779 
781 
783 
788 
793 
795 
798 
800 
800 
798 
795 
789 
785 
784 
785 
783 
786 
792 
797 
799 
801 
803 
797 
795 
787 
778 
784 
787 
771 
771 
770 
769 
769 
771 
787 
833 
891 
956 
1017 
1077 
1122 
1149 
1166 
1155 
1123 
1079 
1024 
969 
920 
891 
877 
866 
858 
852 
848 
843 
839 
837 
834 
833 
821 
809 
805 
801 
799 
799 
800 
798 
796 
792 
790 
789 
788 
788 
787 
788 
786 
788 
792 
797 
800 
798 
796 
795 
792 
790 
791 
791 
794 
795 
795 
795 
798 
798 
796 
798 
795 
794 
798 
805 
798 
796 
784 
782 
777 
771 
774 
774 
773 
774 
770 
771 
778 
794 
829 
876 
938 
992 
1056 
1107 
1152 
1176 
1192 
1191 
1180 
1142 
1104 
1048 
991 
942 
911 
897 
890 
879 
871 
859 
852 
842 
833 
825 
814 
806 
805 
804 
807 
810 
811 
811 
807 
802 
795 
793 
792 
793 
788 
793 
794 
798 
802 
802 
803 
803 
806 
804 
799 
796 
795 
796 
795 
793 
795 
800 
801 
807 
808 
808 
808 
806 
802 
799 
796 
794 
792 
798 
806 
810 
811 
813 
812 
811 
807 
802 
799 
802 
806 
809 
809 
809 
807 
806 
808 
812 
812 
814 
816 
814 
814 
814 
809 
802 
798 
800 
807 
815 
826 
830 
827 
820 
809 
803 
799 
798 
801 
811 
819 
823 
828 
828 
820 
816 
813 
811 
811 
817 
821 
821 
818 
814 
810 
812 
815 
816 
822 
828 
827 
828 
826 
823 
820 
815 
810 
813 
815 
819 
824 
828 
828 
828 
821 
814 
816 
798 
783 
776 
774 
767 
769 
773 
771 
766 
763 
766 
800 
873 
971 
1092 
1211 
1319 
1423 
1507 
1586 
1634 
1664 
1661 
1644 
1593 
1519 
1418 
1299 
1181 
1087 
1032 
1003 
980 
959 
942 
928 
912 
897 
883 
864 
839 
830 
828 
829 
828 
826 
823 
813 
803 
798 
796 
796 
798 
800 
803 
805 
807 
811 
811 
807 
802 
798 
794 
791 
789 
791 
794 
797 
801 
807 
811 
812 
810 
806 
799 
792 
791 
789 
791 
795 
793 
778 
774 
775 
773 
768 
763 
762 
758 
759 
759 
763 
770 
775 
788 
817 
855 
900 
932 
951 
963 
971 
964 
943 
914 
887 
870 
860 
856 
852 
846 
842 
839 
838 
837 
839 
840 
843 
844 
834 
820 
813 
805 
800 
794 
790 
788 
790 
794 
796 
799 
801 
803 
802 
801 
796 
792 
789 
784 
784 
788 
791 
795 
795 
797 
799 
797 
796 
792 
791 
788 
786 
786 
787 
789 
792 
795 
796 
798 
799 
792 
775 
765 
759 
759 
760 
760 
762 
763 
767 
770 
772 
775 
780 
800 
849 
902 
960 
1023 
965 
1020 
1063 
1087 
1102 
1094 
1064 
1024 
971 
924 
894 
878 
864 
854 
844 
835 
832 
829 
831 
832 
832 
831 
824 
812 
809 
805 
803 
797 
793 
790 
786 
784 
784 
788 
791 
797 
802 
804 
800 
796 
792 
789 
788 
787 
787 
788 
790 
794 
796 
801 
802 
801 
800 
796 
793 
791 
792 
792 
790 
790 
788 
786 
792 
795 
781 
780 
778 
773 
771 
765 
766 
768 
768 
764 
769 
779 
796 
842 
894 
953 
1009 
1068 
1114 
1142 
1158 
1152 
1123 
1084 
1029 
977 
929 
894 
875 
858 
851 
842 
838 
830 
829 
829 
823 
826 
820 
816 
814 
810 
804 
798 
792 
788 
781 
782 
786 
788 
789 
795 
801 
803 
803 
800 
795 
789 
783 
781 
782 
782 
787 
794 
800 
805 
804 
803 
800 
793 
787 
785 
787 
789 
795 
799 
803 
812 
807 
797 
784 
781 
777 
770 
771 
771 
771 
771 
774 
775 
779 
799 
842 
888 
950 
1004 
1064 
1106 
1141 
1163 
1181 
1183 
1179 
1147 
1113 
1062 
1008 
960 
924 
899 
879 
866 
856 
850 
847 
843 
841 
839 
832 
824 
815 
809 
805 
801 
799 
797 
799 
801 
801 
804 
805 
805 
805 
804 
805 
801 
796 
795 
794 
797 
801 
802 
803 
801 
804 
808 
805 
804 
803 
801 
800 
799 
799 
800 
803 
805 
809 
809 
811 
811 
807 
807 
808 
804 
803 
801 
802 
804 
806 
804 
806 
810 
813 
817 
818 
817 
815 
811 
810 
810 
809 
811 
811 
815 
814 
817 
820 
822 
820 
816 
811 
806 
804 
803 
805 
813 
821 
825 
828 
827 
824 
822 
818 
812 
807 
806 
809 
816 
823 
828 
831 
829 
827 
825 
823 
820 
816 
814 
814 
812 
808 
810 
815 
821 
825 
831 
832 
833 
831 
824 
818 
817 
816 
818 
820 
823 
820 
820 
823 
808 
796 
789 
781 
772 
767 
764 
759 
756 
760 
771 
807 
885 
980 
1094 
1212 
1321 
1428 
1511 
1580 
1627 
1657 
1658 
1640 
1590 
1526 
1431 
1311 
1193 
1098 
1039 
1001 
970 
945 
929 
916 
905 
898 
892 
875 
849 
837 
827 
820 
814 
811 
811 
810 
808 
810 
809 
807 
805 
802 
799 
797 
797 
796 
797 
799 
802 
801 
800 
801 
802 
799 
797 
794 
794 
793 
796 
797 
800 
803 
803 
801 
799 
797 
794 
794 
787 
768 
765 
766 
764 
762 
760 
764 
766 
766 
764 
764 
764 
768 
780 
810 
849 
897 
933 
957 
969 
974 
968 
944 
909 
881 
863 
854 
848 
846 
845 
843 
839 
839 
840 
840 
838 
839 
838 
825 
813 
806 
801 
797 
797 
799 
800 
801 
799 
795 
791 
789 
786 
784 
784 
787 
790 
794 
796 
798 
800 
800 
795 
790 
788 
784 
782 
785 
787 
791 
793 
796 
800 
798 
797 
794 
793 
790 
786 
783 
779 
768 
767 
767 
768 
770 
772 
771 
765 
761 
759 
760 
762 
775 
803 
857 
913 
1587 
1626 
1655 
1653 
1634 
1582 
1515 
1417 
1304 
1192 
1099 
1041 
1003 
973 
947 
927 
912 
901 
892 
884 
870 
845 
835 
828 
823 
817 
811 
805 
802 
802 
801 
800 
801 
801 
800 
799 
799 
800 
799 
798 
799 
798 
797 
795 
790 
786 
787 
790 
795 
801 
803 
801 
800 
798 
795 
792 
787 
788 
788 
790 
798 
800 
784 
775 
765 
756 
748 
748 
749 
752 
762 
768 
774 
778 
779 
782 
798 
829 
876 
915 
942 
965 
979 
975 
954 
919 
887 
861 
846 
837 
834 
833 
834 
836 
840 
842 
840 
840 
840 
836 
819 
803 
798 
799 
799 
796 
794 
794 
793 
794 
792 
792 
791 
790 
787 
784 
784 
784 
787 
789 
792 
795 
794 
789 
787 
790 
790 
789 
790 
788 
788 
788 
790 
786 
783 
789 
790 
795 
797 
799 
797 
789 
774 
765 
756 
751 
752 
755 
759 
763 
768 
772 
773 
772 
779 
803 
851 
903 
962 
1022 
1066 
1093 
1111 
1102 
1069 
1027 
973 
923 
891 
871 
857 
847 
839 
836 
837 
839 
841 
840 
840 
832 
820 
805 
800 
796 
793 
793 
796 
800 
801 
802 
801 
799 
795 
793 
790 
789 
787 
789 
792 
791 
795 
798 
800 
804 
803 
800 
796 
792 
790 
791 
788 
791 
792 
793 
798 
803 
808 
809 
801 
794 
796 
792 
771 
764 
759 
760 
768 
775 
780 
781 
785 
787 
768 
765 
764 
767 
784 
828 
886 
952 
1016 
1080 
1122 
1145 
1160 
1153 
1121 
1081 
1027 
970 
921 
891 
877 
865 
857 
851 
850 
845 
843 
842 
838 
833 
817 
804 
797 
795 
794 
798 
798 
798 
801 
803 
803 
803 
799 
791 
782 
779 
782 
783 
789 
795 
803 
809 
810 
811 
804 
793 
787 
782 
784 
786 
791 
794 
796 
801 
807 
809 
806 
803 
805 
806 
800 
794 
777 
776 
774 
777 
776 
779 
780 
779 
782 
784 
784 
796 
830 
879 
944 
1000 
1061 
1108 
1151 
1178 
1195 
1193 
1183 
1148 
1113 
1059 
1002 
952 
916 
895 
882 
875 
867 
860 
857 
853 
844 
837 
824 
813 
810 
808 
807 
805 
803 
809 
811 
810 
806 
804 
802 
801 
798 
798 
800 
799 
800 
804 
807 
811 
810 
808 
808 
807 
802 
798 
798 
797 
799 
803 
805 
808 
811 
814 
815 
812 
809 
805 
803 
804 
806 
807 
806 
807 
813 
817 
818 
819 
819 
817 
812 
809 
807 
805 
805 
810 
814 
814 
816 
819 
817 
818 
818 
817 
816 
816 
815 
813 
811 
814 
817 
818 
821 
821 
819 
818 
818 
818 
817 
813 
811 
811 
811 
814 
819 
818 
824 
832 
832 
828 
821 
813 
808 
811 
811 
816 
825 
835 
838 
839 
834 
824 
816 
811 
811 
813 
821 
826 
828 
829 
831 
828 
827 
826 
823 
819 
812 
809 
816 
799 
786 
783 
783 
779 
773 
769 
763 
758 
756 
762 
796 
872 
972 
1088 
1206 
1318 
752 
759 
769 
782 
795 
819 
863 
908 
957 
1016 
1060 
1087 
1108 
1104 
1074 
1028 
975 
923 
886 
868 
858 
850 
848 
851 
849 
844 
836 
831 
825 
822 
819 
815 
819 
819 
813 
804 
793 
785 
782 
786 
789 
797 
803 
807 
807 
807 
800 
794 
789 
786 
787 
787 
791 
793 
799 
806 
806 
806 
803 
798 
797 
793 
790 
792 
795 
800 
803 
804 
798 
792 
797 
795 
788 
783 
766 
764 
761 
759 
763 
764 
767 
768 
773 
772 
776 
781 
794 
835 
888 
950 
1011 
1072 
1115 
1142 
1157 
1146 
1120 
1083 
1031 
981 
934 
905 
883 
866 
855 
844 
840 
835 
832 
833 
833 
839 
831 
822 
817 
809 
801 
796 
794 
793 
794 
793 
793 
794 
798 
800 
799 
799 
797 
796 
797 
796 
794 
794 
796 
798 
800 
800 
802 
800 
798 
796 
796 
795 
796 
796 
799 
803 
798 
800 
808 
815 
810 
805 
785 
776 
773 
771 
772 
775 
779 
781 
786 
790 
794 
810 
843 
887 
948 
999 
1056 
1100 
1141 
1172 
1195 
1198 
1192 
1160 
1125 
1069 
1010 
953 
913 
890 
880 
870 
863 
858 
858 
855 
851 
847 
836 
821 
815 
813 
808 
803 
803 
806 
806 
807 
806 
806 
805 
808 
809 
807 
804 
803 
802 
805 
806 
801 
802 
806 
804 
806 
810 
814 
813 
808 
807 
804 
806 
806 
809 
811 
811 
810 
806 
808 
809 
811 
808 
808 
809 
812 
814 
814 
815 
815 
811 
811 
815 
816 
815 
815 
814 
812 
814 
815 
816 
817 
816 
819 
820 
819 
819 
817 
817 
816 
817 
816 
816 
817 
818 
818 
819 
819 
821 
824 
823 
824 
827 
824 
820 
817 
811 
810 
811 
814 
816 
823 
830 
834 
833 
830 
823 
815 
809 
807 
810 
814 
821 
828 
831 
836 
837 
832 
824 
815 
810 
808 
810 
816 
822 
825 
826 
828 
823 
816 
817 
798 
780 
773 
768 
766 
765 
767 
764 
761 
762 
771 
804 
876 
967 
1084 
1207 
1318 
1421 
1503 
1571 
1618 
1651 
1652 
1635 
1588 
1519 
1421 
1298 
1185 
1087 
1028 
990 
962 
939 
925 
916 
908 
897 
887 
869 
842 
830 
822 
815 
811 
809 
805 
803 
801 
798 
794 
793 
791 
793 
795 
795 
797 
796 
797 
796 
793 
794 
792 
790 
790 
794 
795 
792 
793 
792 
789 
790 
790 
791 
793 
794 
794 
791 
788 
788 
782 
762 
755 
756 
759 
761 
760 
763 
762 
764 
761 
758 
755 
750 
761 
792 
837 
891 
933 
961 
972 
976 
962 
935 
900 
872 
854 
842 
841 
843 
843 
842 
841 
840 
836 
831 
827 
830 
827 
814 
802 
799 
800 
799 
798 
797 
796 
794 
792 
792 
789 
784 
784 
783 
785 
787 
790 
792 
793 
792 
792 
790 
788 
786 
785 
787 
789 
790 
792 
794 
794 
791 
790 
787 
785 
786 
787 
789 
792 
796 
792 
778 
772 
769 
765 
761 
756 
775 
781 
785 
790 
807 
838 
881 
940 
994 
1058 
1101 
1139 
1163 
1181 
1189 
1181 
1148 
1114 
1062 
1008 
955 
917 
895 
883 
873 
862 
853 
846 
841 
839 
842 
836 
828 
824 
817 
811 
800 
791 
788 
791 
797 
806 
816 
816 
812 
812 
803 
793 
790 
788 
792 
801 
805 
808 
810 
810 
807 
804 
802 
801 
802 
806 
810 
810 
804 
799 
794 
794 
797 
805 
812 
819 
822 
821 
814 
808 
802 
799 
796 
798 
804 
812 
816 
818 
822 
820 
815 
811 
808 
805 
807 
811 
812 
810 
813 
815 
812 
809 
811 
813 
814 
816 
816 
819 
817 
816 
815 
814 
811 
814 
816 
819 
823 
824 
823 
822 
820 
815 
813 
811 
811 
812 
815 
821 
823 
823 
822 
824 
823 
820 
819 
818 
817 
819 
822 
823 
827 
830 
835 
835 
832 
826 
818 
817 
816 
816 
817 
819 
820 
819 
820 
828 
812 
795 
784 
774 
766 
762 
763 
761 
759 
762 
773 
809 
882 
977 
1096 
1214 
1320 
1420 
1502 
1576 
1623 
1654 
1657 
1643 
1593 
1524 
1423 
1304 
1186 
1090 
1028 
994 
969 
948 
934 
922 
912 
899 
888 
868 
837 
823 
818 
818 
816 
816 
820 
815 
810 
806 
803 
799 
795 
795 
793 
793 
794 
795 
798 
797 
800 
804 
804 
801 
797 
793 
790 
788 
790 
790 
793 
795 
797 
801 
803 
803 
800 
794 
790 
788 
783 
766 
761 
763 
763 
766 
768 
769 
766 
762 
757 
757 
760 
763 
776 
804 
845 
895 
934 
957 
968 
971 
961 
935 
903 
876 
861 
854 
850 
850 
849 
848 
846 
842 
835 
830 
826 
828 
829 
818 
807 
806 
807 
806 
807 
802 
795 
791 
783 
781 
780 
781 
783 
785 
790 
796 
800 
802 
798 
795 
790 
786 
783 
781 
780 
781 
785 
788 
792 
793 
791 
791 
790 
787 
787 
787 
788 
789 
790 
790 
788 
778 
769 
763 
757 
756 
757 
761 
759 
760 
765 
768 
770 
777 
803 
854 
909 
966 
1026 
1069 
1092 
1107 
1096 
1063 
1021 
970 
920 
889 
870 
860 
857 
850 
840 
836 
834 
836 
835 
831 
822 
815 
804 
802 
802 
802 
801 
798 
797 
794 
791 
790 
791 
794 
791 
793 
798 
799 
800 
797 
793 
790 
789 
789 
788 
793 
795 
797 
799 
798 
799 
803 
802 
800 
797 
793 
791 
791 
789 
784 
780 
791 
788 
768 
762 
757 
754 
756 
759 
765 
815 
816 
817 
815 
814 
811 
804 
802 
800 
804 
807 
811 
815 
819 
820 
817 
819 
816 
813 
808 
806 
807 
811 
814 
818 
822 
822 
819 
821 
821 
816 
815 
814 
812 
812 
816 
820 
822 
825 
826 
825 
822 
819 
820 
819 
818 
817 
817 
817 
816 
815 
814 
817 
823 
827 
832 
833 
832 
828 
824 
820 
817 
817 
816 
818 
820 
823 
825 
832 
832 
829 
831 
808 
788 
776 
767 
764 
765 
768 
766 
764 
803 
882 
981 
1100 
1219 
1325 
1426 
1506 
1577 
1623 
1652 
1651 
1636 
1590 
1524 
1429 
1313 
1199 
1100 
1037 
999 
972 
950 
933 
921 
913 
905 
896 
881 
851 
836 
825 
819 
817 
815 
814 
814 
813 
814 
815 
815 
812 
810 
805 
799 
796 
796 
798 
804 
810 
811 
815 
818 
816 
809 
803 
800 
797 
797 
797 
804 
807 
811 
814 
815 
812 
805 
800 
800 
792 
775 
772 
776 
777 
775 
774 
775 
771 
772 
772 
773 
774 
779 
792 
818 
854 
902 
938 
962 
971 
982 
980 
960 
931 
904 
882 
864 
855 
848 
845 
848 
852 
858 
858 
856 
856 
854 
850 
835 
818 
808 
804 
804 
806 
808 
810 
814 
811 
808 
803 
801 
800 
799 
799 
800 
803 
804 
806 
806 
804 
802 
799 
801 
799 
799 
801 
800 
801 
800 
800 
802 
801 
798 
795 
793 
795 
799 
800 
800 
795 
783 
776 
771 
769 
769 
768 
770 
771 
770 
771 
771 
774 
780 
806 
859 
917 
978 
1037 
1081 
1104 
1113 
1095 
1057 
1013 
963 
920 
897 
886 
880 
870 
858 
846 
834 
827 
825 
825 
826 
827 
824 
818 
815 
811 
806 
800 
794 
789 
785 
785 
786 
785 
784 
784 
787 
792 
790 
791 
795 
796 
796 
795 
794 
790 
787 
787 
791 
791 
793 
794 
798 
801 
802 
801 
798 
794 
793 
791 
795 
792 
791 
792 
797 
804 
807 
808 
808 
804 
801 
797 
794 
793 
792 
794 
795 
796 
800 
804 
811 
811 
810 
806 
800 
795 
797 
793 
794 
793 
798 
803 
804 
809 
813 
814 
816 
809 
806 
802 
799 
800 
801 
803 
807 
811 
814 
815 
817 
814 
810 
808 
807 
808 
804 
804 
806 
811 
815 
815 
817 
817 
817 
817 
816 
814 
813 
811 
812 
813 
810 
812 
815 
819 
823 
825 
824 
818 
813 
812 
813 
810 
810 
814 
798 
784 
775 
775 
773 
770 
767 
763 
756 
754 
760 
798 
872 
971 
1094 
1220 
1332 
1438 
1519 
1588 
1627 
1653 
1645 
1627 
1580 
1514 
1423 
1310 
1195 
1104 
1047 
1009 
978 
952 
933 
917 
906 
895 
889 
875 
854 
847 
841 
838 
832 
825 
818 
811 
808 
801 
795 
798 
801 
809 
814 
818 
816 
811 
807 
803 
802 
799 
799 
801 
803 
806 
810 
815 
819 
817 
813 
806 
803 
802 
799 
800 
804 
799 
800 
806 
806 
791 
783 
779 
772 
767 
765 
766 
767 
771 
775 
780 
786 
789 
798 
821 
855 
901 
936 
955 
969 
978 
973 
956 
929 
907 
893 
876 
865 
858 
846 
842 
838 
842 
845 
853 
862 
867 
866 
848 
825 
808 
801 
799 
800 
808 
813 
816 
817 
816 
812 
806 
803 
798 
795 
797 
800 
801 
802 
803 
807 
809 
810 
808 
806 
802 
800 
798 
796 
795 
794 
797 
802 
804 
807 
808 
810 
810 
807 
804 
796 
779 
772 
768 
766 
767 
771 
780 
781 
794 
797 
795 
793 
796 
817 
864 
918 
978 
1041 
1091 
1119 
1135 
1123 
1084 
1035 
978 
928 
898 
881 
871 
867 
864 
861 
861 
859 
856 
850 
843 
837 
827 
814 
811 
810 
810 
814 
813 
814 
813 
810 
807 
802 
798 
794 
795 
794 
798 
799 
804 
808 
807 
808 
807 
802 
801 
798 
796 
794 
793 
794 
798 
800 
804 
808 
812 
807 
802 
796 
784 
772 
780 
784 
813 
810 
787 
783 
780 
778 
783 
785 
788 
790 
792 
791 
791 
791 
805 
850 
907 
970 
1034 
1094 
1140 
1168 
1180 
1172 
1139 
1092 
1035 
981 
934 
907 
894 
886 
880 
875 
872 
865 
857 
851 
843 
838 
823 
812 
808 
808 
811 
818 
820 
818 
815 
814 
808 
801 
795 
793 
794 
796 
800 
803 
806 
808 
809 
808 
805 
800 
798 
797 
795 
794 
797 
800 
802 
804 
803 
806 
808 
806 
802 
798 
800 
801 
795 
792 
780 
782 
786 
784 
781 
777 
773 
771 
769 
770 
774 
792 
830 
883 
949 
1003 
1063 
1106 
1139 
1158 
1175 
1175 
1167 
1138 
1107 
1057 
1007 
955 
918 
892 
875 
862 
848 
842 
837 
834 
834 
834 
872 
845 
832 
826 
819 
810 
805 
800 
795 
796 
801 
799 
800 
800 
800 
803 
802 
801 
799 
795 
795 
790 
794 
800 
802 
803 
807 
808 
804 
803 
807 
806 
800 
798 
796 
795 
796 
802 
807 
809 
800 
802 
787 
789 
788 
786 
791 
790 
790 
787 
786 
785 
786 
788 
806 
852 
910 
974 
1036 
1098 
1142 
1166 
1179 
1167 
1135 
1094 
1036 
984 
937 
912 
898 
884 
878 
870 
863 
852 
848 
846 
843 
842 
832 
822 
821 
820 
819 
817 
813 
808 
805 
801 
800 
800 
799 
797 
800 
804 
806 
806 
806 
804 
802 
801 
800 
801 
801 
801 
801 
803 
803 
804 
804 
802 
801 
797 
796 
797 
796 
795 
804 
811 
808 
805 
788 
782 
778 
776 
776 
775 
771 
767 
768 
774 
783 
800 
838 
887 
949 
998 
1058 
1102 
1138 
1158 
1173 
1175 
1169 
1141 
1115 
1064 
1008 
954 
914 
885 
864 
851 
844 
840 
845 
846 
845 
840 
826 
812 
802 
796 
791 
788 
787 
788 
790 
793 
798 
801 
800 
797 
793 
786 
779 
775 
775 
776 
783 
792 
796 
799 
800 
799 
793 
785 
779 
777 
776 
778 
786 
793 
798 
802 
804 
799 
792 
785 
782 
778 
784 
790 
792 
795 
796 
797 
798 
798 
797 
795 
791 
789 
787 
788 
787 
792 
796 
795 
797 
795 
795 
799 
799 
802 
796 
795 
793 
792 
791 
791 
790 
792 
797 
801 
804 
808 
808 
805 
802 
798 
797 
796 
794 
793 
793 
797 
803 
810 
812 
812 
809 
806 
803 
798 
794 
797 
799 
802 
805 
810 
814 
812 
811 
807 
801 
795 
797 
798 
800 
806 
812 
814 
815 
816 
815 
809 
800 
793 
797 
779 
764 
761 
763 
762 
765 
768 
793 
794 
793 
792 
788 
786 
794 
818 
870 
927 
989 
1051 
1095 
1120 
1135 
1122 
1084 
1037 
981 
933 
905 
892 
881 
876 
870 
864 
861 
859 
856 
852 
847 
844 
835 
822 
818 
815 
814 
814 
814 
814 
810 
805 
803 
804 
804 
804 
806 
807 
808 
811 
810 
809 
809 
807 
804 
800 
799 
801 
799 
802 
807 
810 
812 
814 
812 
807 
804 
798 
798 
798 
790 
786 
800 
800 
797 
791 
788 
781 
781 
782 
784 
785 
791 
800 
818 
864 
921 
984 
1039 
1094 
1134 
1157 
1172 
1167 
1140 
1103 
1051 
1000 
952 
922 
901 
885 
875 
863 
858 
853 
854 
855 
854 
856 
844 
832 
823 
815 
812 
808 
807 
806 
808 
810 
812 
811 
812 
814 
814 
809 
804 
802 
801 
802 
802 
803 
807 
812 
816 
816 
813 
807 
801 
797 
796 
795 
797 
801 
804 
808 
810 
814 
820 
823 
811 
802 
779 
773 
772 
773 
777 
784 
790 
788 
787 
786 
784 
792 
825 
873 
937 
994 
1063 
1114 
1155 
1182 
1196 
1190 
1176 
1134 
1096 
1043 
995 
956 
921 
900 
886 
870 
858 
848 
842 
839 
836 
835 
822 
810 
801 
795 
793 
793 
795 
795 
799 
801 
799 
796 
790 
787 
779 
776 
779 
783 
791 
798 
801 
801 
798 
794 
787 
779 
779 
780 
784 
785 
791 
794 
798 
798 
796 
796 
795 
790 
787 
787 
788 
787 
790 
795 
795 
800 
800 
801 
799 
793 
790 
791 
790 
790 
787 
784 
788 
794 
797 
799 
800 
798 
794 
787 
783 
786 
789 
791 
796 
802 
804 
804 
803 
798 
794 
791 
791 
787 
790 
792 
795 
799 
802 
805 
801 
800 
799 
798 
797 
795 
795 
796 
797 
797 
797 
798 
798 
799 
802 
805 
807 
812 
811 
805 
801 
791 
790 
792 
791 
795 
798 
804 
813 
817 
819 
815 
809 
807 
799 
787 
790 
773 
762 
760 
761 
764 
767 
764 
756 
747 
741 
740 
772 
849 
953 
1078 
1204 
1316 
1419 
1501 
1571 
1614 
1642 
1641 
1624 
1575 
1507 
1411 
1295 
1183 
1088 
1032 
994 
961 
938 
920 
907 
897 
883 
877 
866 
840 
828 
821 
813 
807 
808 
802 
799 
795 
794 
795 
794 
795 
799 
800 
801 
804 
805 
803 
798 
793 
790 
789 
786 
787 
790 
795 
799 
803 
805 
806 
805 
803 
803 
800 
798 
796 
794 
794 
796 
795 
778 
776 
775 
776 
773 
769 
768 
764 
764 
766 
768 
775 
780 
794 
822 
861 
908 
945 
969 
982 
983 
976 
950 
919 
893 
875 
867 
863 
864 
863 
866 
864 
861 
857 
851 
846 
842 
839 
831 
824 
821 
823 
825 
825 
822 
816 
812 
812 
812 
809 
810 
812 
816 
815 
816 
817 
819 
818 
815 
811 
808 
807 
808 
807 
810 
813 
816 
819 
822 
821 
818 
816 
812 
808 
807 
806 
808 
812 
816 
815 
804 
798 
794 
791 
786 
781 
782 
779 
819 
825 
826 
823 
822 
820 
808 
800 
803 
803 
784 
785 
787 
788 
795 
795 
796 
795 
795 
791 
790 
791 
806 
852 
910 
978 
1041 
1103 
1150 
1175 
1189 
1178 
801 
802 
804 
810 
816 
821 
823 
824 
820 
815 
810 
805 
802 
803 
810 
816 
815 
816 
805 
802 
795 
790 
787 
786 
783 
781 
782 
787 
796 
812 
852 
902 
963 
1014 
1070 
1109 
1145 
1170 
1188 
1190 
800 
804 
805 
802 
799 
796 
792 
788 
788 
790 
790 
794 
798 
800 
801 
802 
800 
798 
796 
792 
789 
788 
790 
789 
793 
796 
801 
803 
801 
798 
794 
791 
788 
787 
789 
791 
792 
797 
799 
802 
803 
798 
794 
790 
787 
789 
791 
796 
802 
807 
808 
807 
802 
800 
795 
787 
792 
775 
760 
752 
749 
751 
754 
754 
752 
747 
742 
744 
774 
845 
942 
1064 
1191 
1306 
1411 
1495 
1568 
1614 
1644 
1640 
1617 
1564 
1498 
1402 
1283 
1171 
1078 
1024 
987 
959 
938 
917 
900 
886 
876 
869 
848 
821 
811 
807 
807 
803 
804 
803 
802 
798 
795 
790 
787 
787 
787 
784 
785 
787 
791 
795 
797 
799 
797 
793 
946 
915 
884 
867 
859 
853 
853 
854 
856 
854 
855 
851 
845 
838 
835 
838 
829 
820 
818 
818 
819 
820 
819 
815 
809 
803 
799 
800 
800 
802 
805 
810 
814 
817 
819 
816 
813 
811 
804 
803 
1085 
1039 
987 
943 
916 
902 
891 
882 
875 
865 
861 
858 
856 
852 
850 
848 
840 
831 
829 
828 
829 
823 
818 
815 
810 
810 
811 
815 
816 
819 
820 
821 
819 
814 
811 
808 
805 
805 
806 
805 
908 
896 
887 
876 
867 
860 
855 
855 
854 
857 
849 
842 
837 
833 
829 
821 
814 
810 
810 
811 
815 
818 
820 
819 
821 
823 
821 
816 
811 
807 
807 
810 
811 
813 
816 
821 
824 
824 
823 
820 
921 
899 
884 
875 
867 
863 
862 
858 
855 
851 
836 
819 
809 
802 
799 
800 
802 
806 
810 
809 
809 
808 
804 
797 
795 
791 
790 
791 
793 
795 
797 
802 
806 
807 
804 
800 
796 
792 
790 
788 
796 
800 
802 
802 
800 
798 
796 
794 
790 
788 
789 
788 
792 
795 
798 
800 
802 
803 
803 
798 
794 
791 
789 
788 
788 
791 
795 
795 
796 
800 
802 
801 
800 
799 
797 
799 
797 
796 
794 
793 
800 
799 
795 
790 
790 
788 
786 
786 
787 
787 
792 
792 
774 
771 
772 
770 
766 
762 
755 
751 
753 
757 
764 
768 
774 
785 
816 
858 
904 
936 
956 
966 
972 
961 
939 
909 
885 
872 
864 
864 
863 
858 
856 
853 
850 
840 
838 
835 
836 
838 
829 
818 
815 
819 
823 
824 
822 
818 
813 
804 
799 
798 
796 
796 
800 
805 
809 
815 
818 
822 
819 
812 
806 
800 
798 
799 
803 
805 
809 
811 
892 
883 
874 
865 
856 
848 
849 
851 
804 
800 
799 
795 
790 
790 
791 
790 
791 
787 
784 
781 
778 
778 
776 
776 
774 
775 
780 
786 
793 
797 
794 
790 
783 
772 
767 
771 
773 
781 
793 
799 
799 
797 
791 
780 
773 
774 
772 
759 
761 
763 
759 
755 
751 
751 
750 
752 
751 
757 
765 
767 
779 
801 
837 
886 
925 
950 
965 
976 
968 
947 
914 
880 
856 
841 
840 
843 
839 
842 
844 
847 
851 
846 
843 
839 
835 
821 
807 
801 
800 
801 
805 
807 
809 
810 
808 
805 
802 
798 
794 
790 
789 
791 
795 
797 
801 
804 
808 
807 
805 
800 
799 
797 
797 
795 
795 
798 
802 
806 
806 
807 
808 
805 
803 
805 
803 
799 
796 
782 
779 
780 
774 
777 
778 
780 
781 
779 
780 
779 
784 
794 
820 
875 
932 
989 
1050 
1094 
1116 
1130 
1115 
1075 
1028 
975 
927 
901 
892 
884 
877 
870 
867 
863 
858 
858 
854 
849 
842 
832 
822 
820 
824 
825 
827 
831 
828 
821 
814 
808 
806 
803 
807 
808 
808 
810 
814 
818 
820 
820 
821 
817 
813 
809 
809 
811 
814 
816 
817 
820 
822 
820 
822 
823 
810 
804 
800 
791 
787 
796 
797 
785 
787 
787 
786 
788 
784 
780 
777 
775 
776 
778 
783 
802 
849 
907 
974 
1036 
1099 
1143 
1163 
1174 
1165 
1135 
1093 
1037 
984 
937 
914 
903 
890 
883 
877 
874 
859 
850 
846 
843 
844 
836 
830 
827 
823 
824 
821 
822 
816 
814 
816 
812 
807 
805 
809 
811 
813 
816 
819 
820 
819 
815 
817 
816 
815 
814 
811 
812 
809 
810 
814 
818 
820 
824 
827 
823 
821 
819 
815 
819 
822 
816 
815 
796 
797 
797 
799 
800 
799 
795 
792 
789 
794 
801 
819 
853 
902 
962 
1012 
1075 
1125 
1168 
1193 
1210 
1210 
1200 
1164 
1127 
1069 
1013 
962 
929 
911 
901 
892 
883 
874 
867 
859 
852 
846 
835 
824 
823 
821 
823 
825 
827 
821 
814 
807 
799 
795 
798 
801 
810 
822 
827 
824 
819 
804 
794 
792 
794 
798 
810 
818 
821 
823 
821 
815 
810 
803 
798 
794 
793 
792 
798 
806 
810 
814 
816 
818 
814 
806 
800 
796 
797 
802 
807 
807 
810 
811 
810 
808 
808 
808 
806 
807 
807 
803 
802 
800 
798 
796 
800 
805 
810 
817 
816 
814 
808 
803 
798 
790 
789 
793 
798 
807 
811 
812 
813 
811 
807 
804 
799 
795 
794 
794 
796 
798 
801 
804 
807 
808 
805 
804 
804 
802 
801 
798 
797 
797 
798 
802 
805 
807 
808 
806 
803 
798 
799 
795 
793 
793 
798 
801 
806 
808 
806 
799 
800 
777 
753 
747 
744 
742 
745 
751 
755 
752 
746 
748 
776 
840 
935 
1056 
1184 
1298 
1406 
1491 
1563 
1607 
1636 
1635 
1617 
1564 
1495 
1398 
1281 
1167 
1072 
1015 
981 
954 
933 
915 
903 
890 
877 
864 
845 
818 
806 
822 
816 
812 
808 
805 
804 
807 
812 
811 
809 
808 
809 
810 
808 
808 
808 
810 
812 
813 
810 
807 
804 
802 
798 
804 
811 
817 
822 
825 
820 
814 
809 
795 
807 
813 
814 
806 
794 
795 
788 
764 
762 
763 
765 
775 
774 
779 
782 
785 
786 
783 
784 
798 
840 
896 
958 
1019 
1083 
1127 
1154 
1167 
1162 
1137 
1097 
1044 
994 
943 
910 
888 
873 
866 
856 
853 
846 
848 
851 
851 
851 
840 
830 
823 
819 
811 
803 
801 
800 
804 
808 
812 
815 
817 
814 
812 
809 
804 
799 
799 
799 
801 
806 
810 
811 
814 
814 
817 
818 
816 
815 
812 
810 
808 
805 
807 
810 
809 
816 
828 
835 
826 
819 
800 
793 
784 
781 
784 
785 
789 
792 
798 
805 
810 
824 
855 
898 
950 
1003 
1071 
1118 
1162 
1190 
1211 
1213 
1208 
1173 
1134 
1075 
1017 
963 
924 
904 
891 
884 
877 
877 
877 
875 
871 
859 
839 
824 
817 
814 
814 
816 
822 
825 
827 
823 
822 
819 
814 
810 
807 
808 
809 
810 
811 
811 
810 
810 
811 
814 
815 
815 
812 
814 
814 
811 
812 
812 
810 
810 
812 
815 
816 
816 
815 
814 
812 
811 
812 
814 
811 
810 
810 
811 
813 
812 
813 
816 
815 
814 
813 
810 
809 
811 
814 
817 
820 
822 
818 
815 
808 
803 
800 
803 
808 
812 
816 
823 
827 
823 
817 
807 
801 
799 
798 
799 
802 
810 
818 
819 
820 
820 
816 
810 
806 
803 
803 
803 
804 
806 
809 
814 
816 
818 
816 
813 
809 
805 
805 
802 
801 
803 
807 
808 
810 
811 
813 
813 
811 
805 
802 
799 
799 
799 
796 
796 
805 
792 
776 
767 
760 
754 
749 
748 
742 
734 
734 
744 
782 
860 
961 
1081 
1198 
1298 
1400 
1486 
1561 
1607 
1639 
1642 
1623 
1570 
1500 
1402 
1285 
1171 
1079 
1019 
981 
952 
928 
912 
899 
884 
874 
867 
853 
830 
818 
808 
799 
795 
788 
786 
784 
784 
783 
785 
788 
788 
787 
783 
779 
773 
771 
771 
774 
778 
782 
786 
790 
792 
792 
789 
787 
783 
779 
775 
771 
771 
770 
768 
778 
788 
792 
792 
793 
784 
758 
746 
742 
741 
740 
741 
746 
751 
757 
762 
766 
768 
767 
771 
794 
828 
872 
909 
937 
953 
965 
963 
944 
912 
884 
861 
848 
842 
835 
830 
828 
827 
832 
829 
833 
833 
838 
840 
828 
813 
807 
803 
795 
790 
785 
787 
793 
798 
798 
798 
796 
795 
794 
791 
789 
787 
786 
788 
792 
792 
794 
796 
799 
802 
801 
800 
798 
795 
792 
794 
792 
791 
791 
795 
798 
796 
795 
798 
802 
800 
784 
778 
772 
767 
765 
762 
764 
766 
769 
777 
779 
784 
796 
822 
870 
923 
978 
1032 
1072 
1094 
1111 
1105 
1074 
1033 
983 
938 
912 
894 
878 
867 
859 
853 
843 
838 
838 
842 
845 
845 
839 
830 
789 
785 
779 
787 
789 
774 
771 
767 
763 
763 
762 
764 
765 
766 
769 
771 
773 
793 
839 
896 
956 
1014 
1071 
1117 
1142 
1158 
1152 
1124 
1083 
1027 
976 
929 
899 
883 
868 
856 
847 
843 
839 
838 
840 
838 
836 
824 
814 
810 
804 
799 
795 
793 
791 
791 
792 
795 
796 
799 
801 
799 
799 
799 
795 
793 
791 
790 
792 
796 
798 
799 
801 
800 
803 
800 
796 
794 
795 
796 
796 
798 
800 
801 
800 
806 
812 
797 
796 
784 
782 
778 
780 
781 
781 
779 
778 
779 
780 
782 
796 
833 
883 
947 
1004 
1068 
1114 
1152 
1173 
1188 
1186 
1175 
1143 
1108 
1058 
1005 
958 
923 
901 
886 
872 
862 
852 
846 
842 
841 
840 
832 
823 
820 
813 
807 
803 
801 
800 
800 
799 
800 
800 
803 
805 
804 
802 
802 
801 
797 
796 
795 
795 
797 
799 
802 
804 
805 
806 
807 
807 
805 
802 
799 
799 
797 
798 
798 
802 
806 
807 
807 
806 
804 
803 
802 
800 
801 
801 
802 
801 
804 
808 
810 
811 
808 
806 
803 
798 
796 
796 
798 
803 
809 
810 
809 
811 
808 
805 
806 
805 
802 
801 
804 
805 
807 
808 
810 
811 
811 
808 
805 
802 
799 
799 
801 
803 
805 
807 
808 
807 
809 
811 
809 
807 
802 
801 
802 
802 
804 
806 
809 
812 
811 
809 
808 
806 
804 
803 
802 
801 
802 
806 
807 
810 
814 
814 
812 
807 
801 
793 
795 
779 
766 
760 
757 
754 
754 
753 
750 
743 
742 
747 
781 
856 
953 
1071 
1191 
1300 
1408 
1498 
1573 
1620 
1648 
1643 
1619 
1561 
1491 
1395 
1282 
1173 
1085 
1029 
995 
965 
932 
906 
888 
874 
869 
867 
855 
829 
818 
809 
802 
795 
789 
788 
789 
792 
796 
792 
788 
783 
777 
774 
775 
777 
780 
783 
785 
784 
783 
783 
782 
779 
777 
775 
775 
780 
784 
788 
787 
786 
784 
781 
778 
774 
772 
775 
779 
778 
760 
757 
757 
753 
749 
745 
743 
743 
743 
741 
745 
752 
760 
772 
799 
836 
882 
916 
937 
948 
956 
952 
931 
901 
873 
857 
847 
844 
843 
838 
835 
831 
827 
825 
823 
821 
822 
821 
813 
804 
801 
795 
797 
799 
800 
796 
792 
787 
781 
778 
777 
779 
782 
788 
793 
797 
798 
795 
794 
789 
782 
782 
781 
781 
782 
786 
791 
793 
795 
795 
795 
794 
790 
789 
787 
787 
788 
789 
791 
789 
776 
772 
768 
766 
766 
764 
761 
760 
760 
763 
767 
771 
781 
809 
861 
919 
977 
1030 
1066 
1085 
1099 
1090 
1062 
1025 
977 
931 
903 
885 
867 
853 
843 
835 
832 
830 
832 
835 
839 
841 
833 
818 
808 
804 
801 
796 
793 
792 
795 
796 
796 
797 
797 
796 
796 
798 
797 
796 
796 
800 
799 
793 
792 
791 
790 
792 
795 
797 
798 
801 
802 
803 
803 
799 
797 
796 
797 
818 
816 
814 
812 
811 
811 
811 
814 
816 
815 
818 
819 
820 
819 
817 
816 
815 
812 
813 
813 
815 
817 
813 
811 
814 
796 
780 
773 
766 
762 
761 
760 
756 
751 
750 
758 
792 
867 
965 
1083 
1205 
1310 
1415 
1500 
1576 
1623 
1652 
1652 
1633 
1582 
1515 
1416 
1297 
1179 
1086 
1029 
991 
963 
938 
923 
909 
896 
885 
877 
861 
835 
823 
816 
813 
810 
806 
803 
799 
796 
795 
795 
793 
790 
787 
783 
783 
785 
787 
791 
793 
795 
795 
795 
794 
792 
790 
788 
786 
786 
787 
790 
790 
791 
794 
794 
793 
793 
790 
786 
785 
781 
762 
756 
755 
754 
755 
757 
758 
759 
761 
758 
760 
759 
760 
773 
801 
842 
891 
933 
959 
968 
974 
965 
940 
905 
876 
858 
845 
839 
839 
835 
838 
840 
846 
846 
843 
838 
838 
834 
819 
804 
799 
797 
796 
799 
800 
799 
798 
799 
796 
792 
792 
791 
791 
791 
794 
796 
799 
798 
796 
795 
793 
794 
794 
791 
792 
792 
792 
795 
794 
796 
799 
799 
800 
797 
796 
794 
795 
795 
793 
790 
778 
770 
771 
772 
774 
773 
772 
772 
770 
771 
769 
774 
784 
810 
861 
918 
978 
1039 
1079 
1102 
1115 
1103 
1070 
1024 
971 
921 
892 
881 
871 
863 
858 
851 
847 
841 
840 
837 
835 
831 
823 
813 
809 
809 
811 
811 
811 
809 
806 
801 
796 
794 
794 
794 
795 
799 
804 
808 
809 
807 
804 
799 
797 
795 
794 
795 
797 
804 
808 
808 
807 
807 
804 
800 
798 
796 
797 
801 
799 
794 
796 
795 
775 
769 
766 
764 
768 
768 
776 
782 
780 
781 
781 
782 
792 
835 
891 
955 
1018 
1080 
1129 
1159 
1177 
1170 
1138 
1089 
1030 
974 
924 
899 
884 
872 
865 
862 
859 
851 
849 
847 
842 
840 
825 
812 
806 
805 
805 
805 
809 
807 
807 
807 
807 
805 
803 
800 
798 
798 
796 
798 
797 
798 
799 
800 
803 
802 
802 
802 
801 
800 
802 
800 
801 
802 
804 
803 
803 
804 
803 
802 
807 
812 
805 
801 
788 
787 
785 
785 
787 
787 
785 
780 
778 
780 
783 
798 
835 
887 
951 
1008 
1075 
1123 
1158 
1178 
1193 
1190 
1179 
1146 
1110 
1059 
1007 
962 
929 
908 
891 
879 
869 
860 
856 
850 
843 
840 
830 
821 
820 
817 
813 
814 
811 
809 
805 
804 
804 
802 
801 
803 
805 
808 
808 
808 
807 
805 
802 
803 
805 
802 
800 
806 
809 
808 
807 
804 
801 
800 
802 
805 
813 
816 
815 
814 
809 
806 
803 
801 
800 
800 
804 
807 
811 
813 
814 
815 
814 
812 
810 
809 
808 
809 
810 
807 
810 
812 
813 
813 
811 
810 
808 
807 
808 
808 
810 
813 
815 
817 
818 
819 
818 
817 
810 
809 
808 
809 
811 
814 
818 
820 
822 
823 
823 
817 
811 
808 
806 
807 
811 
814 
817 
818 
759 
761 
764 
769 
771 
776 
780 
779 
778 
781 
801 
849 
902 
961 
1024 
1073 
1104 
1122 
1114 
1078 
1030 
974 
919 
887 
870 
858 
853 
850 
850 
848 
845 
845 
843 
837 
830 
820 
808 
802 
801 
801 
803 
804 
805 
803 
800 
799 
796 
793 
791 
794 
797 
797 
796 
797 
799 
801 
798 
795 
795 
796 
795 
795 
795 
799 
801 
802 
804 
800 
797 
797 
800 
801 
806 
798 
787 
789 
784 
767 
765 
766 
766 
771 
774 
777 
776 
776 
774 
774 
775 
789 
833 
886 
951 
1012 
1077 
1126 
1154 
1170 
1160 
1129 
1084 
1025 
970 
923 
897 
883 
871 
864 
858 
853 
845 
841 
808 
809 
808 
812 
811 
815 
819 
821 
798 
800 
800 
802 
803 
800 
796 
790 
787 
787 
789 
790 
790 
793 
797 
800 
801 
799 
796 
795 
792 
789 
787 
787 
788 
791 
793 
795 
800 
802 
802 
798 
800 
799 
799 
804 
811 
803 
800 
785 
779 
778 
779 
781 
781 
777 
775 
776 
778 
781 
796 
835 
884 
947 
1000 
1065 
1110 
1151 
1178 
1192 
1190 
1180 
1144 
1110 
1056 
1002 
955 
921 
901 
886 
874 
864 
855 
850 
846 
840 
836 
827 
815 
812 
809 
808 
807 
807 
808 
804 
802 
799 
798 
798 
798 
797 
798 
802 
804 
807 
808 
810 
806 
802 
800 
797 
796 
795 
792 
798 
800 
800 
805 
806 
810 
811 
809 
807 
803 
802 
802 
802 
802 
802 
805 
807 
810 
811 
809 
810 
813 
810 
809 
808 
804 
800 
800 
803 
802 
807 
810 
815 
816 
814 
813 
814 
812 
813 
811 
810 
810 
810 
813 
812 
815 
817 
840 
838 
838 
840 
837 
823 
812 
808 
806 
804 
802 
801 
798 
795 
795 
796 
796 
795 
794 
791 
792 
792 
794 
794 
795 
795 
794 
794 
795 
793 
791 
791 
791 
791 
791 
788 
791 
794 
794 
796 
797 
797 
796 
798 
796 
795 
791 
778 
771 
769 
768 
768 
769 
769 
765 
763 
765 
767 
769 
779 
807 
860 
918 
978 
1037 
1082 
1104 
1113 
1100 
1065 
1018 
963 
916 
887 
873 
864 
860 
855 
851 
849 
845 
841 
836 
830 
824 
813 
803 
804 
802 
805 
808 
807 
808 
806 
802 
797 
793 
791 
789 
790 
790 
790 
792 
795 
800 
804 
803 
804 
801 
797 
795 
794 
792 
791 
794 
795 
798 
800 
802 
804 
797 
796 
792 
793 
791 
785 
780 
790 
792 
780 
777 
777 
772 
770 
766 
767 
765 
764 
764 
768 
774 
793 
841 
899 
964 
1024 
1084 
1127 
1147 
1160 
1149 
1119 
1076 
1023 
976 
930 
906 
891 
880 
869 
856 
848 
839 
832 
831 
828 
831 
821 
815 
814 
813 
812 
809 
804 
801 
797 
793 
791 
788 
790 
794 
792 
798 
804 
806 
804 
801 
797 
793 
790 
791 
790 
790 
793 
797 
802 
807 
809 
806 
802 
794 
788 
787 
788 
791 
803 
819 
815 
793 
782 
778 
779 
778 
776 
772 
772 
768 
767 
769 
769 
774 
786 
814 
868 
922 
980 
1038 
1080 
1096 
1107 
1095 
1062 
1022 
973 
926 
899 
884 
872 
861 
847 
838 
834 
834 
835 
836 
839 
839 
832 
820 
814 
805 
798 
794 
790 
789 
790 
793 
798 
800 
802 
799 
795 
795 
794 
794 
792 
792 
793 
792 
792 
793 
794 
794 
793 
795 
794 
797 
800 
798 
795 
812 
802 
792 
791 
787 
771 
772 
776 
778 
786 
786 
785 
779 
772 
766 
770 
773 
793 
843 
902 
966 
1030 
1087 
1127 
1153 
1166 
1157 
1126 
1086 
1031 
980 
934 
905 
887 
872 
863 
857 
851 
843 
838 
839 
840 
838 
825 
817 
813 
811 
808 
805 
802 
799 
796 
793 
791 
792 
794 
798 
799 
798 
798 
797 
798 
798 
793 
793 
795 
797 
795 
797 
794 
796 
795 
791 
794 
795 
796 
800 
800 
798 
798 
796 
803 
807 
800 
798 
784 
779 
778 
774 
774 
772 
772 
771 
772 
775 
781 
800 
836 
885 
947 
999 
1058 
1101 
1140 
1162 
1178 
1182 
1176 
1142 
1111 
1058 
1004 
954 
916 
895 
879 
864 
854 
845 
839 
838 
837 
836 
827 
815 
810 
805 
800 
797 
796 
795 
794 
794 
795 
795 
796 
792 
789 
788 
790 
795 
799 
800 
799 
795 
792 
790 
785 
784 
786 
791 
796 
803 
809 
810 
807 
800 
792 
787 
785 
787 
790 
797 
800 
804 
808 
810 
808 
804 
798 
793 
791 
791 
796 
802 
802 
804 
806 
806 
805 
803 
801 
797 
797 
799 
798 
798 
800 
803 
807 
809 
811 
813 
812 
806 
802 
801 
800 
802 
803 
804 
807 
810 
812 
815 
816 
816 
814 
809 
804 
803 
803 
802 
802 
798 
802 
810 
813 
817 
819 
819 
818 
815 
812 
809 
804 
802 
805 
806 
810 
816 
818 
822 
825 
824 
817 
813 
809 
806 
808 
806 
803 
803 
811 
802 
787 
781 
774 
766 
762 
754 
750 
748 
751 
760 
796 
873 
972 
1091 
1209 
1316 
1422 
1507 
1577 
1622 
1652 
1653 
1632 
1579 
1516 
1421 
1307 
1194 
1102 
1042 
1003 
971 
946 
925 
906 
894 
887 
885 
875 
855 
847 
839 
829 
804 
804 
800 
800 
800 
798 
793 
794 
795 
792 
794 
796 
797 
798 
797 
794 
789 
795 
804 
811 
813 
812 
809 
804 
800 
798 
796 
796 
803 
804 
806 
807 
807 
803 
800 
798 
791 
788 
798 
802 
793 
794 
789 
783 
777 
770 
769 
771 
772 
773 
778 
787 
808 
856 
910 
970 
1027 
1079 
1118 
1143 
1161 
1159 
1134 
1097 
1042 
990 
941 
908 
886 
868 
858 
850 
848 
844 
842 
844 
844 
846 
833 
823 
813 
806 
802 
798 
794 
793 
794 
797 
801 
805 
806 
806 
805 
800 
798 
795 
794 
790 
788 
791 
794 
796 
799 
800 
802 
800 
798 
795 
794 
793 
794 
794 
797 
798 
800 
800 
808 
813 
806 
798 
782 
778 
781 
795 
823 
878 
940 
999 
1055 
1094 
1108 
1114 
1102 
1070 
1033 
990 
948 
921 
903 
888 
871 
856 
850 
847 
850 
854 
854 
856 
854 
846 
828 
818 
813 
809 
808 
810 
811 
812 
812 
811 
808 
808 
808 
806 
805 
802 
805 
808 
810 
810 
810 
806 
803 
803 
804 
806 
811 
815 
811 
808 
802 
798 
796 
800 
803 
811 
818 
811 
800 
804 
799 
778 
806 
792 
797 
798 
785 
788 
792 
794 
798 
795 
795 
791 
785 
783 
784 
787 
805 
851 
911 
978 
1041 
1103 
1146 
1168 
1179 
1170 
1138 
1095 
1039 
986 
941 
914 
901 
891 
883 
875 
870 
860 
856 
853 
847 
847 
833 
824 
821 
820 
819 
815 
814 
814 
813 
812 
811 
814 
814 
814 
810 
812 
812 
810 
808 
803 
800 
801 
803 
806 
809 
813 
815 
817 
817 
815 
814 
811 
806 
804 
802 
802 
802 
806 
818 
827 
822 
819 
801 
794 
787 
781 
778 
777 
774 
776 
782 
787 