-15376 
0 
262180 
32761 
-221139120 
14 
0 
0 
-2145979060 
1 
-221249536 
32761 
-217987728 
32761 
-221160800 
32761 
-14704 
0 
1077536093 
12993 
-220316912 
32761 
0 
0 
-15248 
0 
0 
0 
0 
0 
-13424 
0 
-2143963392 
1 
-15376 
0 
-15680 
0 
262180 
0 
-15120 
0 
257 
32 
68 
5 
99180 
8 
0 
2 
5505102 
4259872 
5505109 
5177416 
4784210 
5832788 
0 
0 
0 
0 
0 
0 
0 
0 
0 
0 
-15592 
0 
568 
384 
0 
0 
1 
0 
0 
0 
0 
0 
0 
0 
0 
0 
0 
0 
643216 
0 
0 
0 
0 
0 
0 
0 
0 
0 
0 
0 
-15248 
0 
-218005248 
32761 
0 
0 
0 
0 
0 
0 
0 
0 
-13816 
0 
0 
0 
1 
0 
0 
0 
3080192 
0 
0 
0 
0 
0 
758197587 
875965749 
3552045 
842151223 
3748149 
859321645 
825046070 
875968568 
909521453 
842151729 
758329394 
926496049 
959526965 
908931888 
943141173 
909193778 
825766445 
925972789 
758330932 
909324856 
959788085 
808594739 
859189817 
926233907 
943206701 
859189557 
3748920 
0 
0 
0 
0 
0 
-15344 
0 
647240 
0 
647216 
0 
647284 
0 
0 
0 
60 
0 
0 
0 
1 
0 
0 
0 
0 
0 
0 
0 
0 
0 
0 
0 
0 
0 
0 
0 
-218338320 
32761 
7077955 
7667823 
2097252 
6488129 
7274595 
7209077 
2097268 
7667777 
6815860 
7209061 
6881396 
6357091 
6881396 
7209071 
0 
0 
448 
2 
0 
0 
0 
0 
0 
0 
0 
0 
0 
0 
0 
0 
0 
0 
-13248 
0 
-2147071248 
1 
0 
0 
-27048 
0 
0 
0 
0 
0 
-13816 
0 
0 
0 
0 
0 
0 
0 
0 
0 
0 
0 
-14704 
0 
0 
0 
0 
0 
0 
0 
0 
0 
0 
0 
651296 
0 
378 
0 
1077536381 
12993 
-14824 
0 
0 
0 
-13816 
0 
0 
0 
0 
0 
-218005112 
32761 
0 
0 
-218003552 
32761 
-220317616 
32761 
-218003552 
32761 
0 
0 
0 
0 
-218005112 
32761 
-14704 
0 
-13816 
0 
1903232307 
0 
-199358544 
32761 
-217921614 
32761 
-217987760 
32761 
2 
0 
-217987728 
32761 
-13816 
0 
512 
0 
-862449991 
11339 
-217921620 
32761 
0 
0 
-2146619762 
1 
-14544 
0 
-2146506771 
1 
652112 
0 
-199531375 
32761 
0 
0 
0 
0 
651296 
0 
372 
0 
67 
32761 
455 
0 
48 
7667823 
0 
0 
0 
0 
0 
0 
0 
0 
0 
0 
0 
0 
0 
0 
303840 
8 
-2145116848 
1 
0 
0 
-2146619218 
1 
1 
0 
-13696 
0 
1 
0 
-2147198918 
1 
-14096 
0 
651296 
0 
11 
0 
-2145615163 
1 
455 
0 
11 
0 
0 
0 
11 
0 
-14032 
0 
-2143942512 
1 
-2143944440 
1 
-2145190791 
1 
16 
8 
-2147202347 
1 
528 
0 
17 
8 
0 
0 
-2147199789 
1 
-2143942648 
1 
0 
0 
-2144872137 
1 
-14032 
0 
17 
8 
-2144821912 
1 
-2143942632 
1 
-2143944456 
1 
17 
8 
-2144821912 
1 
16 
8 
-2147202551 
1 
7 
0 
-14032 
0 
-2144872137 
1 
-2146473625 
1 
-14032 
0 
-2146470715 
1 
2240 
0 
-2145684739 
1 
-13504 
0 
0 
0 
-13504 
0 
-2146506395 
1 
-13216 
0 
-2144537984 
1 
-13424 
0 
0 
0 
-13744 
0 
-13752 
0 
-2145128704 
1 
-2146502650 
1 
0 
0 
-2145166944 
1 
0 
0 
0 
0 
651312 
0 
-2145933643 
1 
64 
0 
3812 
3939 
3965 
3966 
3942 
3807 
3564 
3234 
2847 
2384 
1895 
1468 
1164 
978 
846 
741 
653 
582 
524 
478 
430 
389 
366 
352 
343 
328 
315 
304 
292 
285 
279 
276 
1224 
1672 
2109 
2543 
2932 
3277 
3569 
3789 
3930 
3962 
3961 
3931 
3786 
3544 
3220 
2837 
2382 
1890 
1463 
1158 
969 
837 
738 
657 
590 
536 
490 
441 
399 
369 
346 
333 
322 
315 
306 
299 
293 
288 
285 
281 
278 
274 
273 
274 
274 
274 
273 
272 
274 
279 
283 
290 
291 
293 
295 
293 
292 
290 
290 
293 
297 
305 
308 
309 
309 
309 
308 
306 
304 
302 
302 
307 
311 
316 
318 
319 
321 
323 
325 
324 
329 
333 
338 
341 
340 
338 
335 
333 
328 
329 
332 
336 
342 
345 
347 
349 
346 
343 
338 
335 
336 
336 
342 
347 
352 
354 
353 
356 
347 
332 
328 
323 
325 
329 
332 
336 
338 
338 
374 
549 
283 
288 
287 
286 
285 
280 
276 
275 
276 
285 
288 
292 
293 
293 
295 
293 
291 
287 
287 
294 
296 
299 
301 
300 
304 
305 
305 
309 
312 
316 
320 
323 
324 
325 
322 
322 
323 
323 
323 
326 
320 
318 
317 
318 
321 
323 
325 
325 
324 
322 
318 
315 
315 
315 
317 
321 
328 
334 
337 
340 
340 
337 
336 
334 
333 
332 
338 
338 
337 
346 
337 
323 
317 
313 
311 
309 
311 
315 
322 
351 
432 
630 
933 
1297 
1678 
2041 
2380 
2683 
2931 
3136 
3267 
3338 
3323 
3265 
3123 
2909 
2625 
2273 
1881 
1495 
1203 
1019 
893 
806 
739 
678 
631 
594 
558 
520 
478 
454 
439 
432 
427 
416 
408 
401 
393 
390 
525 
825 
1203 
1641 
2114 
2547 
2950 
3313 
3599 
3832 
3954 
3980 
3975 
3946 
3790 
3549 
3222 
2793 
2328 
1846 
1438 
1186 
1018 
896 
793 
712 
650 
597 
552 
504 
456 
427 
411 
398 
388 
378 
368 
358 
349 
341 
375 
378 
383 
384 
383 
379 
376 
376 
374 
372 
374 
375 
378 
383 
381 
385 
386 
385 
384 
382 
380 
380 
379 
381 
387 
392 
396 
398 
397 
399 
382 
364 
355 
353 
349 
353 
355 
366 
366 
390 
239 
238 
239 
239 
240 
243 
246 
251 
255 
256 
256 
256 
256 
257 
255 
253 
254 
259 
263 
263 
265 
266 
267 
271 
271 
275 
280 
283 
285 
285 
285 
286 
265 
250 
244 
242 
243 
242 
237 
233 
200 
195 
190 
186 
185 
184 
184 
185 
185 
183 
183 
182 
184 
187 
189 
197 
203 
204 
206 
203 
202 
200 
199 
200 
198 
204 
212 
218 
223 
217 
214 
213 
202 
187 
180 
180 
183 
188 
192 
196 
239 
232 
226 
219 
212 
209 
202 
197 
198 
201 
206 
209 
211 
212 
213 
213 
215 
214 
215 
218 
221 
223 
228 
229 
229 
229 
231 
230 
231 
230 
231 
229 
233 
233 
220 
205 
198 
201 
196 
199 
76 
79 
82 
80 
78 
76 
75 
75 
305 
304 
320 
403 
630 
977 
1384 
1815 
2239 
2646 
2999 
3280 
3495 
3630 
3716 
3718 
3659 
3495 
3246 
2914 
2506 
2055 
1611 
1275 
1065 
918 
811 
721 
650 
594 
544 
508 
187 
188 
186 
191 
195 
202 
207 
258 
485 
909 
1446 
2031 
2644 
3228 
3733 
4001 
4025 
4027 
4025 
4027 
4027 
4000 
3771 
3296 
2754 
2153 
1603 
1231 
1000 
840 
712 
606 
518 
451 
393 
349 
304 
269 
254 
240 
140 
138 
133 
130 
133 
173 
305 
548 
889 
1269 
1646 
2007 
2379 
2731 
3032 
3275 
3445 
3554 
3638 
3671 
3639 
3531 
3343 
3089 
2798 
2458 
2069 
1671 
1277 
983 
794 
656 
553 
472 
405 
352 
299 
259 
233 
211 
160 
162 
172 
179 
180 
181 
182 
183 
183 
183 
183 
183 
188 
198 
203 
201 
201 
203 
200 
201 
199 
199 
203 
206 
210 
210 
210 
211 
208 
211 
213 
217 
224 
230 
234 
232 
233 
232 
229 
228 
228 
232 
240 
239 
239 
235 
260 
424 
806 
1296 
1860 
2459 
2990 
3472 
3925 
4024 
4026 
4026 
4026 
4025 
4027 
4025 
3954 
3632 
3138 
2574 
1987 
1491 
1178 
979 
842 
724 
627 
547 
477 
423 
368 
316 
288 
269 
189 
189 
190 
192 
197 
202 
256 
485 
915 
1458 
2047 
2662 
3239 
3743 
4005 
4025 
4026 
4026 
4026 
4025 
4000 
3783 
3308 
2767 
2161 
1607 
1235 
999 
837 
713 
611 
522 
456 
399 
353 
306 
265 
239 
222 
211 
170 
171 
171 
174 
179 
220 
435 
872 
1431 
2025 
2613 
3191 
3732 
4013 
4025 
4025 
4025 
4027 
4026 
4027 
4028 
3999 
3761 
3307 
2754 
2146 
1603 
1217 
985 
816 
681 
573 
483 
410 
353 
297 
255 
228 
207 
186 
176 
162 
148 
137 
130 
124 
124 
127 
131 
131 
128 
124 
120 
115 
114 
114 
119 
124 
129 
134 
136 
137 
136 
135 
135 
139 
148 
152 
154 
153 
153 
156 
154 
161 
166 
163 
159 
146 
139 
133 
245 
231 
219 
211 
205 
195 
191 
186 
186 
190 
191 
192 
192 
191 
191 
192 
191 
194 
195 
201 
208 
211 
211 
209 
207 
207 
208 
207 
211 
215 
221 
226 
223 
220 
218 
217 
209 
195 
194 
195 
212 
196 
183 
172 
163 
158 
154 
152 
156 
162 
169 
167 
164 
159 
154 
151 
147 
148 
149 
155 
165 
171 
176 
176 
177 
177 
176 
174 
173 
174 
180 
189 
195 
201 
205 
199 
190 
172 
163 
159 
273 
259 
248 
237 
229 
223 
217 
211 
210 
215 
220 
220 
222 
221 
221 
222 
221 
222 
225 
227 
230 
234 
235 
235 
232 
232 
235 
237 
238 
242 
244 
245 
246 
242 
241 
241 
232 
219 
214 
215 
203 
195 
201 
204 
205 
203 
199 
197 
201 
241 
439 
850 
1375 
1937 
2495 
3038 
3519 
3939 
4024 
4025 
4024 
4025 
4027 
4027 
4027 
3963 
3661 
3226 
2687 
2098 
1576 
1202 
977 
823 
702 
596 
512 
441 
380 
323 
198 
188 
182 
171 
162 
154 
147 
142 
184 
176 
169 
162 
157 
154 
156 
161 
163 
166 
166 
164 
165 
166 
170 
176 
181 
185 
186 
186 
185 
185 
185 
188 
193 
197 
201 
200 
198 
197 
188 
183 
214 
218 
223 
230 
232 
229 
228 
224 
220 
223 
227 
238 
251 
257 
258 
255 
247 
242 
244 
243 
251 
261 
267 
269 
266 
265 
262 
261 
260 
256 
256 
263 
270 
275 
275 
275 
276 
275 
277 
276 
270 
267 
256 
255 
255 
252 
249 
245 
245 
249 
291 
478 
853 
1329 
1833 
2317 
2807 
3271 
3674 
3957 
4020 
4026 
4025 
4026 
4026 
3987 
3834 
3490 
3072 
2573 
2035 
1549 
1201 
988 
835 
716 
622 
546 
485 
435 
385 
342 
313 
294 
277 
262 
247 
236 
228 
220 
216 
209 
209 
217 
220 
221 
217 
211 
206 
204 
202 
201 
204 
210 
219 
228 
229 
229 
230 
227 
225 
223 
223 
230 
236 
242 
245 
245 
254 
257 
215 
215 
217 
224 
238 
245 
248 
247 
247 
245 
238 
236 
240 
250 
257 
258 
258 
258 
255 
255 
253 
254 
259 
262 
262 
261 
261 
257 
254 
257 
263 
274 
288 
293 
291 
285 
281 
275 
271 
271 
276 
288 
297 
302 
300 
297 
293 
288 
284 
283 
284 
290 
298 
304 
305 
306 
308 
309 
308 
310 
309 
310 
313 
319 
320 
321 
319 
321 
322 
323 
323 
325 
323 
326 
327 
327 
326 
325 
325 
323 
435 
398 
368 
344 
320 
302 
288 
275 
266 
262 
258 
262 
268 
272 
273 
273 
269 
265 
261 
258 
259 
261 
266 
271 
274 
276 
273 
274 
278 
280 
277 
276 
276 
281 
283 
284 
284 
285 
284 
285 
565 
485 
419 
370 
318 
272 
238 
215 
198 
189 
181 
173 
164 
158 
148 
140 
136 
133 
138 
143 
143 
138 
136 
134 
131 
130 
133 
138 
147 
154 
160 
161 
160 
161 
154 
152 
155 
158 
167 
179 
284 
281 
281 
283 
297 
304 
303 
279 
260 
250 
245 
243 
242 
243 
253 
258 
265 
354 
604 
981 
1432 
1908 
2381 
2823 
3206 
3499 
3736 
3891 
3952 
3952 
3916 
3735 
3452 
3084 
2641 
2151 
1664 
1295 
1068 
913 
220 
223 
225 
226 
230 
227 
224 
233 
230 
217 
212 
212 
214 
216 
218 
218 
222 
265 
466 
874 
1388 
1935 
2470 
3003 
3495 
3925 
4025 
4025 
4025 
4026 
4026 
4026 
4026 
3955 
3642 
3207 
2679 
2101 
1585 
1210 
183 
180 
183 
187 
192 
197 
198 
198 
198 
196 
195 
195 
193 
193 
195 
205 
211 
212 
212 
211 
210 
208 
209 
213 
218 
225 
233 
237 
235 
234 
230 
230 
229 
230 
233 
239 
246 
251 
248 
243 
987 
851 
735 
643 
571 
510 
460 
404 
356 
327 
311 
299 
285 
268 
256 
244 
237 
231 
228 
229 
236 
240 
236 
230 
224 
221 
219 
219 
220 
225 
233 
243 
246 
247 
247 
247 
245 
244 
246 
247 
1297 
1064 
904 
784 
692 
625 
571 
528 
249 
248 
247 
246 
246 
244 
242 
242 
246 
253 
259 
257 
257 
256 
254 
255 
259 
260 
264 
267 
275 
282 
283 
282 
282 
282 
282 
283 
281 
282 
287 
291 
201 
199 
198 
200 
206 
215 
223 
225 
226 
227 
225 
224 
223 
223 
226 
233 
239 
240 
242 
244 
243 
240 
238 
236 
237 
242 
245 
250 
251 
251 
253 
252 
253 
255 
257 
259 
268 
273 
273 
273 
1199 
1009 
878 
768 
677 
605 
544 
493 
438 
387 
355 
336 
324 
312 
302 
293 
286 
283 
277 
273 
271 
270 
270 
272 
276 
278 
275 
275 
270 
269 
269 
270 
273 
278 
280 
280 
279 
279 
279 
279 
239 
242 
242 
241 
241 
238 
244 
251 
246 
241 
226 
226 
222 
220 
217 
214 
218 
251 
361 
574 
869 
1205 
1539 
1863 
2184 
2479 
2736 
2944 
3104 
3213 
3285 
3306 
3271 
3175 
3020 
2804 
2551 
2250 
1907 
1563 
879 
763 
673 
603 
543 
499 
452 
402 
379 
363 
350 
335 
322 
310 
299 
290 
283 
282 
287 
291 
292 
289 
287 
284 
279 
277 
275 
274 
277 
279 
286 
289 
293 
295 
293 
295 
294 
294 
295 
299 
612 
569 
520 
473 
442 
419 
402 
391 
382 
376 
371 
367 
363 
360 
356 
353 
348 
345 
343 
342 
347 
349 
354 
356 
358 
362 
360 
360 
359 
359 
363 
365 
368 
369 
368 
371 
371 
373 
375 
374 
532 
487 
439 
398 
375 
362 
354 
344 
334 
325 
320 
315 
313 
308 
309 
312 
316 
317 
313 
311 
308 
309 
308 
307 
307 
309 
314 
316 
316 
315 
313 
314 
314 
314 
317 
324 
334 
334 
334 
335 
619 
585 
558 
524 
492 
473 
456 
447 
442 
438 
435 
429 
424 
419 
414 
412 
407 
405 
411 
415 
417 
416 
416 
416 
414 
414 
413 
415 
418 
424 
427 
428 
429 
430 
429 
429 
427 
428 
428 
432 
476 
485 
485 
474 
458 
437 
426 
424 
426 
430 
436 
452 
486 
575 
739 
962 
1210 
1469 
1732 
1999 
2247 
2464 
2640 
2756 
2832 
2889 
2916 
2894 
2816 
2684 
2503 
2293 
2052 
1787 
1517 
1251 
1056 
925 
827 
749 
861 
738 
640 
554 
490 
439 
389 
349 
326 
301 
277 
258 
236 
223 
215 
208 
209 
215 
216 
215 
213 
213 
213 
211 
210 
211 
214 
222 
225 
227 
225 
224 
223 
221 
221 
220 
224 
230 
233 
234 
184 
183 
183 
182 
178 
176 
178 
180 
184 
192 
198 
198 
196 
194 
192 
190 
189 
190 
195 
203 
209 
211 
215 
214 
216 
218 
215 
217 
218 
222 
226 
228 
230 
230 
231 
232 
231 
234 
234 
236 
286 
286 
285 
287 
285 
283 
286 
272 
259 
256 
260 
256 
259 
252 
253 
250 
279 
447 
822 
1306 
1863 
2447 
2967 
3439 
3890 
4023 
4026 
4025 
4027 
4026 
4026 
4019 
3944 
3613 
3131 
2586 
2008 
1514 
1200 
998 
756 
758 
757 
766 
774 
780 
784 
784 
187 
183 
177 
179 
181 
186 
188 
189 
190 
191 
189 
191 
194 
196 
202 
203 
202 
204 
200 
199 
198 
198 
202 
207 
211 
211 
210 
212 
207 
202 
197 
209 
262 
248 
233 
221 
209 
199 
195 
188 
187 
191 
197 
200 
196 
192 
190 
186 
185 
187 
188 
190 
193 
196 
197 
196 
196 
198 
200 
203 
209 
214 
220 
219 
218 
220 
219 
213 
209 
216 
210 
202 
434 
384 
351 
329 
317 
308 
303 
292 
284 
276 
270 
267 
260 
258 
258 
258 
263 
264 
266 
266 
267 
267 
268 
270 
269 
273 
277 
278 
284 
283 
282 
282 
284 
283 
283 
284 
287 
289 
290 
286 
186 
176 
163 
160 
165 
170 
173 
173 
177 
212 
330 
561 
883 
1243 
1606 
1956 
2306 
2628 
2909 
3137 
3309 
3424 
3499 
3520 
3487 
3387 
3218 
2983 
2708 
2379 
2010 
1635 
1261 
982 
805 
677 
578 
496 
432 
378 
511 
456 
404 
353 
324 
308 
292 
279 
263 
249 
234 
222 
216 
213 
217 
226 
227 
226 
225 
225 
223 
220 
222 
222 
228 
234 
235 
239 
235 
235 
234 
234 
235 
236 
241 
243 
243 
245 
243 
243 
441 
397 
351 
308 
280 
259 
244 
231 
222 
215 
210 
206 
198 
195 
193 
191 
195 
199 
203 
206 
205 
206 
205 
205 
205 
204 
208 
212 
217 
221 
219 
219 
218 
213 
206 
205 
212 
224 
233 
230 
191 
194 
192 
181 
168 
170 
174 
179 
180 
180 
182 
216 
333 
561 
878 
1236 
1594 
1943 
2287 
2604 
2883 
3110 
3277 
3388 
3463 
3491 
3456 
3355 
3183 
2953 
2679 
2362 
2001 
1629 
1258 
979 
795 
671 
579 
501 
819 
682 
577 
493 
424 
372 
317 
269 
237 
213 
193 
172 
158 
145 
138 
137 
137 
137 
132 
130 
128 
126 
126 
128 
131 
138 
142 
142 
140 
141 
140 
140 
142 
141 
143 
146 
151 
152 
149 
148 
1071 
905 
777 
677 
593 
523 
468 
425 
378 
330 
302 
287 
272 
259 
246 
236 
228 
219 
215 
211 
209 
214 
216 
215 
212 
210 
208 
204 
204 
203 
206 
215 
219 
223 
225 
225 
226 
227 
224 
226 
1217 
975 
802 
665 
554 
465 
391 
332 
270 
220 
188 
163 
147 
134 
120 
107 
94 
86 
82 
81 
82 
82 
82 
82 
83 
82 
82 
84 
87 
92 
93 
92 
90 
90 
90 
92 
96 
102 
103 
104 
229 
235 
231 
230 
227 
226 
225 
222 
224 
215 
204 
202 
201 
198 
201 
199 
202 
202 
238 
415 
809 
1316 
1896 
2504 
3051 
3558 
3967 
4026 
4025 
4026 
4024 
4028 
4027 
4026 
3970 
3674 
3174 
2608 
2009 
1494 
105 
105 
103 
102 
101 
99 
105 
110 
111 
109 
105 
104 
99 
99 
96 
93 
99 
137 
272 
528 
884 
1282 
1681 
2061 
2441 
2802 
3113 
3365 
3551 
3672 
3759 
3791 
3755 
3641 
3455 
3190 
2879 
2523 
2118 
1705 
247 
248 
247 
248 
244 
245 
254 
265 
526 
485 
442 
394 
372 
352 
336 
321 
307 
296 
288 
285 
283 
280 
288 
296 
296 
295 
289 
284 
280 
278 
279 
280 
288 
297 
299 
296 
294 
287 
283 
282 
2076 
1574 
1212 
992 
834 
707 
606 
527 
459 
407 
350 
303 
273 
252 
237 
223 
211 
202 
197 
192 
188 
187 
183 
182 
181 
183 
181 
179 
180 
178 
180 
182 
186 
191 
188 
186 
185 
183 
184 
185 
2637 
2082 
1575 
1228 
1008 
855 
735 
638 
560 
494 
444 
400 
355 
314 
290 
277 
267 
259 
249 
240 
235 
228 
223 
220 
221 
226 
226 
226 
226 
225 
223 
218 
218 
216 
217 
223 
225 
228 
227 
229 
2641 
2326 
1967 
1605 
1242 
973 
803 
681 
586 
510 
449 
396 
346 
302 
272 
256 
248 
237 
224 
213 
203 
194 
188 
184 
182 
188 
193 
193 
188 
185 
183 
179 
179 
179 
183 
190 
200 
205 
206 
203 
2898 
2637 
2320 
1966 
1603 
1242 
972 
798 
678 
586 
512 
452 
401 
348 
305 
274 
256 
247 
240 
228 
216 
204 
194 
189 
185 
186 
192 
198 
198 
193 
189 
184 
181 
181 
180 
184 
191 
201 
206 
206 
265 
263 
261 
261 
262 
263 
266 
273 
278 
284 
285 
286 
287 
286 
286 
285 
287 
292 
294 
295 
295 
297 
297 
294 
292 
290 
292 
298 
299 
302 
306 
307 
311 
312 
314 
315 
316 
316 
320 
324 
4026 
4006 
3934 
3605 
3155 
2638 
2080 
1571 
1226 
1014 
864 
745 
642 
560 
490 
436 
392 
347 
314 
295 
279 
263 
247 
234 
223 
218 
215 
216 
219 
221 
224 
221 
218 
218 
217 
218 
218 
221 
228 
233 
192 
190 
188 
182 
181 
181 
187 
196 
202 
204 
203 
204 
204 
205 
206 
213 
222 
225 
220 
205 
197 
193 
192 
190 
191 
196 
232 
351 
573 
884 
1229 
1578 
1918 
2255 
2571 
2848 
3074 
3240 
3350 
3427 
4025 
4026 
3995 
3901 
3573 
3137 
2635 
2083 
1575 
1227 
1007 
853 
739 
646 
569 
507 
457 
412 
367 
324 
296 
276 
261 
254 
251 
241 
235 
225 
220 
216 
213 
214 
211 
217 
225 
228 
230 
229 
229 
229 
297 
297 
295 
298 
305 
310 
311 
309 
305 
302 
301 
300 
302 
304 
312 
317 
319 
319 
322 
306 
289 
283 
283 
284 
287 
286 
287 
284 
315 
472 
824 
1272 
1787 
2327 
2813 
3262 
3682 
3965 
4024 
4026 
4025 
4025 
3995 
3894 
3566 
3124 
2628 
2078 
1572 
1229 
1007 
856 
743 
649 
569 
506 
455 
411 
364 
322 
295 
278 
266 
258 
250 
243 
238 
232 
228 
226 
224 
227 
231 
235 
237 
236 
235 
233 
229 
227 
2980 
3428 
3793 
3980 
4024 
4026 
4026 
4004 
3915 
3580 
3142 
2640 
2089 
1582 
1235 
1011 
855 
734 
637 
561 
497 
443 
398 
354 
315 
289 
273 
259 
249 
239 
233 
230 
225 
224 
222 
221 
219 
217 
219 
219 
1351 
1842 
2354 
2843 
3279 
3635 
3895 
3977 
2259 
2746 
3237 
3694 
3986 
4024 
4025 
4025 
4026 
4025 
4026 
4026 
4008 
3888 
3553 
3140 
2657 
2160 
1656 
1287 
1052 
892 
769 
672 
588 
501 
422 
357 
314 
283 
269 
264 
236 
235 
235 
235 
229 
233 
245 
243 
250 
262 
274 
282 
284 
275 
261 
250 
249 
251 
261 
272 
273 
282 
295 
306 
311 
306 
294 
282 
277 
275 
278 
289 
307 
318 
324 
333 
336 
333 
324 
313 
243 
238 
243 
253 
263 
273 
274 
271 
305 
480 
811 
1236 
1699 
2190 
2657 
3069 
3407 
3651 
3813 
3910 
3913 
3810 
3597 
3274 
2864 
2400 
1896 
1440 
1137 
949 
820 
726 
648 
577 
510 
449 
396 
345 
302 
277 
211 
223 
236 
244 
244 
241 
235 
226 
221 
222 
223 
224 
222 
218 
239 
264 
268 
275 
274 
269 
262 
254 
249 
246 
251 
238 
253 
269 
280 
291 
300 
302 
307 
304 
294 
282 
272 
265 
268 
282 
221 
217 
216 
222 
231 
240 
278 
446 
784 
1212 
1666 
2104 
2547 
2955 
3309 
3596 
3809 
3938 
3971 
3978 
3954 
3845 
3595 
3257 
2866 
2400 
1897 
1450 
1126 
926 
783 
674 
599 
540 
466 
434 
397 
358 
327 
300 
260 
255 
243 
244 
249 
259 
258 
257 
257 
256 
283 
443 
780 
1210 
1663 
2113 
2563 
2992 
3367 
3662 
3877 
3964 
3987 
3986 
3963 
3855 
3598 
3258 
2855 
2399 
1908 
1473 
1161 
976 
839 
730 
634 
553 
485 
427 
372 
350 
327 
314 
305 
294 
291 
294 
307 
316 
328 
407 
613 
923 
1285 
1662 
2043 
2402 
2713 
2968 
3176 
3307 
3389 
3398 
3351 
3208 
2983 
2677 
2302 
1883 
1479 
1177 
993 
875 
789 
716 
648 
603 
571 
536 
210 
214 
216 
216 
212 
202 
194 
194 
199 
211 
216 
222 
223 
228 
242 
251 
248 
240 
230 
227 
229 
227 
229 
233 
244 
260 
257 
262 
268 
271 
272 
267 
260 
254 
258 
265 
273 
280 
286 
295 
484 
443 
410 
376 
345 
321 
299 
276 
256 
238 
227 
227 
229 
229 
229 
233 
237 
239 
239 
236 
232 
231 
230 
224 
222 
219 
223 
226 
222 
221 
236 
254 
268 
275 
266 
254 
242 
231 
228 
229 
237 
245 
252 
268 
271 
260 
250 
237 
227 
216 
211 
214 
227 
270 
443 
780 
1208 
1662 
2118 
2577 
2992 
3351 
3632 
3832 
3947 
3977 
3980 
3960 
3850 
3588 
3252 
2873 
2418 
1925 
1481 
1151 
942 
789 
678 
592 
775 
692 
627 
576 
540 
516 
489 
453 
432 
426 
416 
400 
377 
358 
341 
328 
327 
331 
336 
346 
359 
361 
368 
368 
357 
345 
338 
333 
331 
334 
338 
347 
354 
363 
370 
375 
373 
365 
356 
346 
722 
628 
549 
485 
434 
393 
351 
317 
301 
292 
287 
283 
277 
263 
247 
228 
215 
202 
201 
212 
224 
234 
239 
243 
245 
238 
232 
223 
215 
218 
222 
225 
229 
235 
242 
247 
252 
256 
255 
256 
1024 
852 
722 
619 
535 
471 
412 
366 
319 
319 
317 
330 
321 
300 
289 
280 
275 
267 
272 
279 
288 
333 
506 
845 
1268 
1717 
2151 
2586 
2994 
3356 
3654 
3871 
3959 
3985 
3989 
3970 
3882 
3631 
3285 
2876 
316 
308 
306 
305 
306 
310 
312 
314 
318 
323 
327 
334 
310 
293 
281 
274 
272 
264 
258 
260 
260 
277 
354 
557 
867 
1227 
1597 
1947 
2269 
2564 
2806 
3008 
3140 
3208 
3202 
3153 
3027 
2831 
2550 
2207 
346 
341 
340 
343 
354 
364 
377 
390 
397 
393 
379 
371 
354 
334 
327 
324 
332 
343 
354 
363 
365 
364 
402 
576 
903 
1318 
1776 
2260 
2720 
3126 
3459 
3706 
3868 
3945 
3943 
3849 
3636 
3320 
2921 
2471 
4027 
3973 
3765 
3417 
3003 
2533 
2050 
1569 
1219 
996 
844 
726 
633 
556 
485 
412 
346 
299 
269 
246 
234 
225 
212 
210 
208 
210 
204 
198 
193 
187 
180 
173 
167 
165 
160 
162 
168 
180 
197 
211 
3648 
3339 
2942 
2492 
2001 
1550 
1241 
1041 
897 
788 
699 
627 
574 
531 
501 
466 
431 
406 
385 
364 
348 
336 
328 
321 
319 
319 
321 
324 
328 
333 
332 
325 
315 
307 
301 
302 
303 
309 
322 
335 
341 
342 
340 
330 
319 
308 
301 
300 
304 
312 
322 
334 
341 
338 
331 
333 
316 
292 
283 
281 
286 
290 
292 
299 
309 
347 
513 
847 
1271 
1719 
2155 
2592 
2995 
3356 
3654 
3879 
3964 
3991 
3991 
3967 
3018 
2818 
2541 
2203 
1815 
1424 
1127 
935 
805 
718 
650 
600 
558 
528 
505 
471 
425 
390 
364 
346 
336 
330 
327 
329 
333 
335 
337 
336 
333 
325 
321 
316 
312 
311 
311 
317 
324 
331 
335 
330 
202 
202 
197 
187 
181 
174 
174 
175 
178 
185 
195 
203 
209 
211 
208 
203 
199 
193 
194 
188 
191 
200 
211 
223 
227 
231 
230 
224 
217 
209 
208 
211 
214 
219 
226 
229 
234 
239 
242 
242 
3732 
3671 
3506 
3287 
2998 
2615 
2196 
1758 
1379 
1134 
964 
839 
741 
666 
610 
564 
521 
483 
451 
433 
420 
405 
391 
381 
367 
350 
337 
323 
321 
323 
319 
318 
321 
332 
349 
363 
374 
377 
373 
363 
3938 
3842 
3640 
3333 
2937 
2491 
2008 
1559 
1252 
1050 
898 
783 
694 
621 
566 
524 
491 
457 
427 
408 
393 
378 
363 
347 
331 
315 
308 
307 
310 
316 
325 
330 
333 
334 
326 
315 
306 
302 
300 
299 
4024 
4026 
4020 
3961 
3737 
3408 
3008 
2545 
2070 
1593 
1239 
1011 
852 
724 
622 
539 
469 
403 
345 
305 
277 
259 
246 
237 
233 
228 
219 
206 
191 
179 
169 
165 
165 
169 
174 
187 
198 
205 
202 
193 
181 
171 
165 
162 
168 
177 
193 
209 
220 
223 
218 
204 
187 
177 
175 
179 
189 
198 
202 
210 
218 
223 
219 
218 
215 
214 
214 
215 
213 
213 
217 
221 
225 
231 
235 
238 
243 
246 
243 
235 
4025 
4024 
4026 
4025 
4016 
3959 
3739 
3412 
334 
322 
312 
307 
308 
311 
316 
320 
329 
331 
327 
319 
310 
303 
299 
297 
300 
305 
313 
323 
331 
339 
334 
326 
320 
312 
306 
305 
304 
303 
309 
318 
265 
260 
259 
257 
253 
250 
256 
303 
481 
819 
1246 
1697 
2139 
2576 
2980 
3328 
3617 
3837 
3955 
3982 
3981 
3959 
3857 
3619 
3292 
2896 
2427 
1917 
1467 
1143 
953 
826 
722 
635 
573 
525 
481 
426 
374 
337 
323 
330 
334 
336 
334 
331 
320 
319 
381 
571 
866 
1219 
1590 
1954 
2287 
2581 
2827 
3028 
3151 
3219 
3204 
3133 
2986 
2777 
2507 
2176 
1808 
1442 
1161 
983 
854 
753 
672 
606 
554 
518 
495 
469 
435 
413 
400 
355 
322 
300 
290 
291 
295 
283 
275 
268 
264 
259 
246 
237 
236 
238 
250 
253 
256 
263 
262 
270 
270 
269 
266 
263 
263 
266 
253 
251 
244 
253 
269 
267 
278 
291 
306 
313 
309 
307 
440 
394 
363 
335 
317 
310 
303 
294 
287 
280 
279 
282 
286 
285 
288 
290 
287 
282 
276 
269 
267 
270 
275 
278 
287 
299 
308 
312 
307 
295 
287 
279 
278 
283 
285 
289 
298 
308 
314 
316 
309 
281 
256 
245 
240 
228 
229 
232 
244 
263 
267 
265 
259 
255 
249 
240 
231 
227 
236 
249 
262 
266 
269 
274 
277 
278 
274 
266 
261 
256 
262 
266 
262 
258 
263 
281 
293 
291 
284 
280 
335 
311 
305 
309 
307 
304 
294 
285 
279 
272 
267 
263 
263 
271 
281 
278 
283 
288 
286 
289 
288 
278 
274 
272 
277 
283 
279 
282 
290 
298 
308 
310 
312 
311 
309 
309 
295 
281 
287 
284 
323 
312 
306 
300 
291 
277 
262 
250 
235 
227 
221 
225 
232 
239 
247 
250 
255 
259 
258 
249 
242 
239 
239 
245 
249 
251 
255 
265 
274 
278 
279 
276 
266 
264 
263 
260 
263 
268 
270 
274 
343 
319 
304 
294 
278 
258 
239 
226 
219 
211 
206 
206 
210 
224 
243 
242 
239 
233 
225 
218 
216 
210 
213 
222 
235 
245 
253 
260 
264 
259 
251 
240 
233 
237 
248 
255 
255 
258 
265 
274 
394 
387 
385 
386 
379 
372 
368 
362 
352 
342 
333 
330 
337 
341 
340 
338 
336 
338 
344 
349 
353 
353 
351 
342 
336 
330 
329 
328 
331 
338 
346 
357 
366 
364 
358 
350 
341 
332 
331 
316 
441 
379 
327 
290 
265 
255 
255 
246 
237 
233 
234 
238 
233 
223 
217 
219 
220 
222 
219 
216 
216 
215 
219 
231 
234 
247 
258 
255 
241 
235 
234 
233 
230 
226 
231 
248 
265 
277 
280 
278 
256 
263 
271 
276 
283 
292 
299 
306 
308 
308 
299 
287 
279 
279 
283 
291 
295 
307 
320 
333 
345 
349 
345 
333 
320 
313 
308 
304 
305 
309 
315 
327 
341 
353 
360 
362 
358 
349 
339 
334 
333 
336 
344 
351 
360 
373 
383 
387 
1134 
1531 
1946 
2311 
2655 
2986 
3255 
3478 
3614 
3679 
3675 
3628 
3486 
3282 
2992 
2603 
2166 
1715 
1337 
1099 
945 
839 
749 
681 
633 
593 
558 
517 
466 
434 
406 
388 
203 
199 
198 
200 
207 
214 
226 
235 
241 
241 
237 
228 
223 
219 
219 
221 
227 
235 
246 
259 
268 
268 
266 
257 
243 
238 
235 
235 
241 
251 
259 
266 
278 
278 
278 
275 
270 
266 
266 
269 
4006 
3945 
3706 
3391 
3005 
2551 
2073 
1592 
1228 
986 
816 
691 
601 
533 
475 
419 
368 
333 
304 
274 
251 
235 
223 
211 
203 
196 
192 
191 
193 
194 
198 
199 
198 
195 
189 
183 
178 
176 
176 
178 
368 
346 
334 
320 
311 
315 
314 
325 
336 
363 
493 
773 
1119 
1511 
1933 
2315 
2668 
2991 
3243 
3454 
3594 
3683 
3690 
3632 
3477 
3262 
2970 
2587 
2159 
1716 
1339 
1104 
952 
843 
754 
685 
632 
589 
557 
514 
465 
432 
407 
385 
374 
366 
360 
358 
356 
358 
363 
367 
368 
361 
350 
342 
337 
338 
338 
343 
351 
354 
365 
373 
378 
378 
370 
363 
356 
355 
356 
360 
365 
373 
381 
388 
391 
388 
377 
376 
321 
334 
343 
351 
357 
362 
391 
545 
867 
1286 
1736 
2174 
2616 
3034 
3400 
3701 
3922 
3975 
3998 
3998 
3976 
3891 
3639 
3298 
2910 
2460 
1971 
1545 
1239 
1049 
911 
793 
693 
611 
544 
491 
443 
406 
384 
378 
230 
219 
211 
205 
206 
206 
205 
204 
203 
204 
203 
199 
196 
195 
193 
189 
188 
185 
187 
191 
197 
210 
216 
217 
209 
201 
196 
196 
197 
198 
198 
205 
218 
226 
230 
227 
223 
215 
207 
204 
316 
313 
312 
316 
350 
474 
752 
1099 
1490 
1924 
2318 
2669 
2994 
3243 
3454 
3587 
3675 
3676 
3611 
3450 
3237 
2950 
2583 
2168 
1730 
1350 
1108 
943 
829 
739 
672 
622 
577 
539 
498 
448 
423 
411 
396 
382 
250 
247 
243 
235 
228 
223 
215 
202 
191 
182 
181 
186 
192 
197 
200 
205 
207 
210 
207 
202 
196 
194 
189 
186 
187 
191 
196 
202 
211 
216 
224 
228 
225 
215 
206 
200 
196 
198 
205 
212 
325 
337 
340 
347 
344 
358 
472 
741 
1074 
1465 
1889 
2284 
2655 
3003 
3275 
3485 
3613 
3690 
3680 
3610 
3447 
3222 
2920 
2542 
2136 
1715 
1363 
1133 
979 
864 
763 
675 
608 
557 
521 
475 
435 
415 
403 
394 
348 
344 
335 
326 
327 
363 
529 
867 
1298 
1759 
2215 
2663 
3064 
3411 
3703 
3915 
3973 
3993 
3988 
3966 
3882 
3647 
3325 
2943 
2487 
1992 
1550 
1223 
1021 
879 
770 
684 
613 
559 
521 
479 
436 
407 
384 
365 
244 
235 
231 
234 
235 
231 
222 
210 
197 
187 
183 
182 
185 
191 
196 
203 
209 
217 
218 
212 
200 
189 
182 
179 
181 
187 
197 
208 
218 
225 
227 
224 
214 
206 
203 
202 
205 
209 
213 
221 
366 
350 
340 
336 
341 
349 
353 
364 
179 
180 
184 
195 
198 
205 
211 
208 
215 
217 
208 
205 
199 
197 
198 
192 
198 
203 
215 
227 
237 
246 
247 
242 
238 
230 
223 
219 
214 
225 
235 
245 
362 
342 
327 
316 
311 
310 
315 
325 
329 
331 
334 
329 
320 
312 
303 
301 
304 
311 
317 
323 
328 
333 
337 
337 
332 
321 
315 
309 
307 
308 
311 
318 
326 
332 
341 
336 
320 
307 
293 
288 
286 
283 
284 
293 
301 
352 
541 
875 
1291 
1742 
2208 
2647 
3040 
3361 
3593 
3748 
3855 
3873 
3783 
3582 
3271 
2870 
2415 
1916 
1466 
1160 
965 
832 
732 
653 
587 
534 
491 
453 
409 
366 
334 
314 
299 
289 
338 
331 
329 
323 
323 
321 
330 
407 
604 
901 
1255 
1622 
1974 
2295 
2571 
2793 
2987 
3120 
3203 
3204 
3151 
3021 
2813 
2544 
2212 
1831 
1452 
1164 
980 
855 
768 
703 
651 
615 
591 
568 
530 
483 
451 
424 
344 
341 
346 
346 
353 
356 
384 
508 
777 
1114 
1504 
1917 
2296 
2653 
2991 
3268 
3492 
3625 
3694 
3678 
3605 
3442 
3225 
2934 
2548 
2127 
1698 
1334 
1110 
964 
857 
770 
696 
616 
538 
493 
449 
420 
417 
410 
398 
384 
366 
351 
342 
327 
320 
317 
314 
311 
312 
316 
319 
322 
323 
323 
326 
329 
322 
315 
311 
311 
309 
312 
320 
326 
335 
341 
343 
337 
327 
322 
316 
314 
311 
313 
320 
320 
315 
315 
285 
270 
257 
251 
245 
243 
247 
244 
247 
255 
258 
254 
242 
230 
219 
215 
218 
228 
244 
261 
276 
277 
270 
253 
234 
224 
222 
230 
246 
251 
239 
247 
251 
254 
265 
274 
278 
273 
256 
243 
412 
394 
371 
359 
352 
355 
365 
378 
384 
389 
389 
386 
377 
373 
368 
362 
364 
369 
370 
373 
375 
381 
390 
396 
400 
397 
393 
388 
383 
379 
378 
380 
379 
382 
391 
377 
373 
375 
373 
362 
355 
343 
342 
338 
362 
486 
768 
1123 
1529 
1956 
2334 
2674 
2992 
3249 
3463 
3597 
3674 
3664 
3600 
3451 
3249 
2966 
2586 
2157 
1712 
1337 
1096 
943 
831 
741 
674 
619 
579 
543 
502 
451 
416 
390 
371 
357 
280 
261 
247 
236 
231 
229 
230 
238 
252 
260 
260 
257 
247 
235 
224 
216 
214 
220 
231 
241 
249 
258 
264 
267 
264 
258 
253 
248 
241 
235 
240 
247 
259 
272 
275 
272 
259 
261 
258 
251 
338 
329 
320 
316 
317 
320 
320 
328 
339 
351 
358 
365 
363 
354 
345 
338 
334 
339 
347 
352 
356 
365 
373 
379 
384 
386 
380 
370 
361 
361 
364 
370 
377 
379 
389 
369 
362 
363 
360 
355 
450 
434 
413 
393 
375 
362 
359 
362 
368 
378 
390 
395 
398 
394 
385 
373 
363 
356 
355 
358 
366 
375 
386 
393 
398 
398 
393 
386 
378 
371 
368 
372 
379 
383 
391 
398 
405 
413 
398 
374 
478 
451 
429 
407 
392 
377 
370 
372 
1300 
1739 
2171 
2616 
3034 
3391 
3678 
3886 
3965 
3991 
3995 
3977 
3906 
3656 
3318 
2926 
2460 
1960 
1519 
1199 
1007 
879 
778 
698 
628 
568 
526 
480 
432 
394 
365 
343 
314 
309 
312 
310 
313 
319 
320 
323 
324 
318 
309 
300 
296 
294 
297 
301 
304 
312 
318 
328 
332 
335 
332 
325 
319 
317 
317 
314 
316 
318 
329 
344 
347 
348 
348 
349 
330 
305 
294 
292 
359 
354 
351 
336 
331 
322 
312 
308 
305 
299 
294 
292 
292 
294 
302 
311 
320 
329 
331 
331 
323 
312 
307 
304 
302 
307 
315 
324 
336 
342 
343 
339 
330 
322 
323 
327 
323 
315 
303 
309 
324 
326 
326 
323 
320 
318 
322 
349 
509 
844 
1271 
1727 
2183 
2635 
3049 
3411 
3705 
3910 
3970 
3990 
3989 
3967 
3875 
3633 
3299 
2914 
2464 
1980 
1541 
1229 
1037 
894 
778 
683 
610 
550 
497 
445 
409 
380 
280 
282 
285 
288 
287 
295 
303 
307 
304 
299 
293 
289 
287 
287 
293 
301 
312 
322 
327 
328 
320 
310 
298 
292 
287 
289 
296 
309 
320 
329 
336 
338 
332 
325 
320 
313 
308 
310 
292 
282 
400 
398 
396 
389 
374 
355 
338 
327 
322 
324 
322 
328 
337 
350 
360 
367 
367 
361 
351 
339 
334 
333 
338 
346 
349 
355 
359 
364 
366 
364 
358 
354 
353 
355 
357 
351 
339 
352 
357 
352 
352 
338 
332 
326 
322 
322 
324 
328 
330 
330 
327 
320 
313 
310 
310 
312 
311 
320 
332 
333 
337 
343 
349 
348 
341 
332 
325 
325 
318 
326 
341 
340 
353 
363 
370 
370 
369 
345 
326 
317 
317 
322 
325 
324 
330 
340 
349 
399 
583 
915 
1325 
1775 
2247 
2691 
3078 
3406 
3650 
3815 
3920 
3923 
3832 
3637 
3331 
2931 
2475 
1978 
1519 
1211 
1015 
878 
784 
713 
652 
605 
559 
523 
482 
435 
399 
374 
356 
341 
333 
327 
321 
319 
319 
324 
330 
332 
334 
333 
328 
323 
315 
308 
306 
303 
311 
320 
323 
340 
352 
359 
360 
351 
339 
328 
323 
323 
328 
336 
347 
361 
369 
375 
381 
368 
342 
322 
288 
285 
288 
292 
332 
464 
742 
1085 
1470 
1886 
2264 
2613 
2941 
3190 
3404 
3542 
3609 
3617 
3563 
3422 
3220 
2921 
2540 
2116 
1681 
1307 
1069 
913 
802 
710 
642 
579 
532 
500 
467 
433 
408 
393 
378 
357 
338 
325 
307 
302 
300 
303 
316 
318 
326 
331 
334 
331 
325 
320 
315 
314 
315 
318 
323 
330 
336 
343 
352 
353 
348 
343 
335 
331 
328 
330 
333 
341 
349 
358 
373 
366 
354 
342 
328 
321 
355 
336 
319 
302 
294 
290 
289 
301 
353 
513 
812 
1227 
1688 
2157 
2604 
3042 
3436 
3773 
3976 
4023 
4026 
4025 
4026 
4026 
4019 
3960 
3741 
3414 
3009 
2546 
2074 
1604 
1255 
1033 
879 
761 
671 
593 
524 
455 
408 
390 
377 
358 
326 
320 
313 
304 
237 
244 
248 
246 
251 
258 
257 
246 
239 
235 
236 
249 
255 
260 
267 
276 
281 
283 
279 
274 
267 
259 
263 
273 
274 
273 
273 
276 
288 
300 
303 
304 
298 
301 
301 
292 
283 
281 
281 
289 
292 
303 
320 
332 
339 
342 
338 
326 
313 
305 
305 
306 
312 
321 
330 
345 
353 
355 
354 
353 
347 
341 
334 
334 
334 
334 
344 
330 
316 
317 
322 
324 
326 
322 
324 
331 
343 
398 
591 
926 
1343 
1787 
2247 
2678 
3071 
3402 
3643 
3804 
3900 
3907 
3821 
3629 
3326 
2920 
2461 
1957 
1500 
1191 
997 
861 
763 
694 
631 
585 
542 
499 
451 
404 
370 
344 
332 
324 
321 
322 
326 
328 
328 
320 
309 
299 
293 
289 
290 
287 
289 
293 
301 
309 
313 
312 
310 
307 
301 
295 
294 
292 
295 
297 
302 
313 
323 
328 
328 
321 
304 
290 
291 
281 
268 
269 
273 
283 
308 
297 
290 
286 
283 
283 
284 
288 
289 
284 
277 
266 
259 
254 
255 
256 
262 
268 
278 
289 
291 
286 
277 
267 
262 
260 
263 
266 
272 
286 
302 
310 
308 
302 
292 
271 
255 
238 
237 
249 
250 
254 
262 
281 
331 
484 
771 
1171 
1614 
2062 
2506 
2956 
3379 
3747 
3968 
4021 
4025 
4024 
4026 
4025 
4006 
3938 
3671 
3343 
2949 
2501 
2036 
1572 
1225 
999 
837 
710 
609 
523 
454 
391 
337 
305 
280 
262 
334 
330 
331 
333 
339 
337 
331 
320 
310 
303 
300 
295 
295 
298 
300 
307 
312 
318 
323 
322 
315 
310 
304 
300 
296 
296 
297 
303 
314 
328 
336 
337 
333 
316 
303 
307 
295 
278 
271 
272 
343 
341 
333 
333 
330 
327 
322 
309 
299 
297 
298 
298 
303 
309 
315 
316 
320 
322 
320 
314 
310 
307 
303 
301 
300 
304 
309 
318 
325 
330 
334 
331 
323 
311 
298 
300 
292 
277 
277 
284 
311 
310 
313 
318 
326 
338 
379 
547 
887 
1308 
1747 
2183 
2622 
3031 
3384 
3672 
3890 
3970 
3996 
3998 
3976 
3902 
3643 
3298 
2904 
2444 
1947 
1509 
1196 
1007 
879 
779 
693 
625 
562 
506 
446 
397 
363 
341 
364 
371 
371 
365 
357 
348 
343 
337 
340 
386 
570 
911 
1338 
1801 
2276 
2716 
3104 
3424 
3658 
3807 
3903 
3905 
3811 
3620 
3319 
2927 
2481 
1995 
1545 
1231 
1026 
878 
764 
682 
615 
566 
530 
500 
469 
437 
415 
390 
362 
343 
327 
316 
308 
299 
300 
309 
322 
330 
336 
336 
326 
316 
304 
295 
289 
290 
298 
308 
318 
325 
331 
335 
334 
325 
315 
308 
302 
300 
308 
317 
324 
332 
330 
327 
334 
318 
342 
337 
335 
340 
339 
366 
496 
778 
1128 
1521 
1934 
2312 
2670 
2998 
3254 
3460 
3581 
3657 
3655 
3593 
3445 
3239 
2955 
2579 
2160 
1725 
1348 
1109 
954 
846 
754 
686 
634 
591 
561 
525 
483 
455 
427 
403 
235 
221 
217 
209 
198 
187 
182 
183 
368 
377 
381 
386 
390 
391 
389 
382 
372 
367 
365 
367 
367 
370 
375 
379 
385 
390 
393 
390 
386 
384 
381 
379 
375 
378 
382 
388 
400 
393 
380 
369 
394 
394 
393 
392 
390 
389 
384 
374 
366 
364 
363 
361 
365 
372 
376 
381 
387 
392 
395 
398 
392 
385 
378 
371 
369 
367 
373 
384 
394 
408 
416 
416 
407 
394 
384 
361 
343 
338 
343 
349 
800 
1133 
1509 
1910 
2283 
2637 
2973 
3242 
3462 
3597 
3675 
3677 
3619 
3466 
3246 
2945 
2547 
2117 
1685 
1321 
1098 
961 
864 
779 
708 
645 
582 
529 
477 
431 
410 
394 
376 
367 
365 
367 
366 
358 
348 
336 
519 
855 
1282 
1741 
2223 
2677 
3060 
3385 
3626 
3781 
3872 
3870 
3768 
3566 
3260 
2868 
2423 
1939 
1497 
1195 
999 
857 
748 
655 
579 
521 
476 
442 
405 
372 
352 
340 
338 
327 
314 
298 
282 
270 
263 
259 
396 
579 
863 
1207 
1575 
1940 
2283 
2575 
2801 
2990 
3119 
3193 
3188 
3121 
2971 
2754 
2485 
2165 
1805 
1450 
1180 
1012 
888 
792 
715 
653 
599 
557 
524 
491 
452 
435 
425 
421 
416 
410 
406 
406 
399 
385 
361 
367 
380 
389 
393 
393 
384 
375 
367 
364 
367 
371 
378 
386 
398 
413 
417 
416 
405 
394 
384 
379 
376 
366 
369 
383 
398 
396 
386 
381 
377 
364 
358 
349 
350 
349 
380 
508 
785 
1133 
1539 
1953 
2323 
2660 
2979 
3238 
3447 
3585 
3668 
3671 
3612 
3458 
3248 
2955 
2571 
2150 
1712 
1339 
1106 
959 
854 
759 
689 
637 
596 
560 
514 
463 
430 
405 
389 
378 
370 
363 
360 
358 
357 
357 
358 
356 
545 
881 
1306 
1768 
2244 
2699 
3099 
3420 
3650 
3794 
3879 
3876 
3778 
3587 
3284 
2896 
2456 
1969 
1515 
1208 
1013 
870 
761 
673 
599 
543 
498 
464 
425 
392 
374 
357 
344 
334 
321 
310 
302 
291 
286 
279 
232 
231 
233 
238 
238 
241 
246 
257 
271 
267 
267 
262 
255 
250 
251 
251 
255 
267 
278 
288 
292 
291 
289 
286 
287 
285 
278 
273 
272 
278 
286 
286 
289 
295 
309 
321 
321 
320 
319 
317 
313 
306 
301 
299 
294 
306 
310 
322 
337 
347 
354 
351 
341 
334 
327 
326 
334 
332 
331 
334 
343 
357 
363 
367 
362 
354 
352 
358 
335 
320 
313 
314 
315 
308 
307 
314 
316 
328 
395 
575 
544 
866 
1275 
1707 
2143 
2597 
3020 
3391 
3689 
3899 
3968 
3992 
3994 
3969 
3873 
3615 
3271 
2883 
2435 
1949 
1519 
1212 
1023 
882 
765 
666 
581 
516 
466 
416 
378 
351 
341 
336 
330 
320 
306 
288 
270 
256 
303 
310 
317 
329 
345 
383 
543 
870 
1285 
1720 
2150 
2591 
3006 
3371 
3667 
3886 
3968 
3993 
3994 
3971 
3882 
3626 
3282 
2886 
2430 
1938 
1503 
1191 
1004 
876 
774 
684 
606 
537 
479 
422 
374 
343 
324 
318 
262 
266 
262 
262 
297 
437 
722 
1125 
327 
334 
336 
334 
328 
319 
313 
307 
309 
312 
319 
325 
330 
335 
339 
337 
332 
327 
321 
316 
313 
313 
316 
322 
329 
338 
349 
344 
323 
307 
295 
286 
308 
298 
289 
275 
258 
244 
233 
227 
226 
228 
235 
245 
260 
267 
261 
255 
242 
230 
223 
221 
223 
229 
238 
241 
241 
239 
243 
252 
259 
263 
265 
265 
262 
258 
260 
263 
259 
253 
243 
245 
345 
338 
338 
337 
344 
345 
377 
507 
787 
1134 
1525 
1931 
2295 
2635 
2961 
3224 
3446 
3584 
3661 
3654 
3596 
3444 
3231 
2937 
2549 
2124 
1683 
1315 
1086 
942 
836 
744 
679 
628 
584 
533 
489 
440 
407 
388 
377 
366 
358 
350 
347 
345 
343 
342 
339 
334 
324 
317 
315 
311 
313 
317 
321 
324 
330 
337 
341 
339 
332 
324 
319 
316 
316 
320 
325 
333 
342 
350 
353 
350 
341 
330 
324 
314 
299 
289 
323 
321 
314 
305 
294 
279 
267 
259 
254 
257 
264 
266 
268 
264 
271 
278 
283 
284 
283 
280 
279 
280 
277 
275 
278 
279 
277 
275 
282 
293 
302 
306 
302 
291 
278 
266 
269 
263 
256 
260 
301 
300 
285 
283 
289 
297 
303 
305 
304 
299 
325 
480 
807 
1231 
1682 
2131 
2574 
2993 
3357 
3653 
3872 
3957 
3979 
3977 
3953 
3835 
3589 
3260 
2875 
2419 
1929 
1494 
1177 
982 
838 
722 
627 
557 
497 
448 
408 
387 
360 
344 
337 
335 
340 
341 
350 
358 
391 
518 
791 
1130 
1515 
1923 
2284 
2627 
2962 
3230 
3452 
3591 
3670 
3665 
3603 
3450 
3231 
2931 
2540 
2119 
1689 
1321 
1093 
943 
843 
759 
689 
637 
585 
537 
482 
432 
401 
382 
371 
366 
362 
362 
360 
355 
351 
338 
326 
316 
311 
311 
314 
321 
325 
330 
334 
334 
334 
334 
327 
319 
313 
315 
320 
326 
330 
332 
335 
339 
343 
344 
338 
335 
332 
329 
306 
286 
266 
251 
241 
238 
239 
243 
253 
260 
262 
259 
255 
245 
235 
228 
226 
228 
236 
242 
246 
251 
255 
262 
265 
264 
255 
248 
242 
242 
244 
247 
252 
262 
275 
288 
284 
280 
265 
255 
316 
320 
323 
316 
307 
298 
291 
335 
523 
857 
1278 
1736 
2203 
2653 
3061 
3396 
3636 
3783 
3858 
3847 
3750 
3550 
3245 
2849 
2403 
1915 
1477 
1180 
990 
859 
755 
664 
580 
516 
467 
429 
391 
359 
341 
333 
326 
321 
305 
294 
285 
282 
280 
275 
278 
286 
323 
488 
829 
1259 
1713 
2155 
2585 
2982 
3335 
3630 
3846 
3953 
3982 
3982 
3962 
3862 
3618 
3282 
2885 
2412 
1906 
1463 
1143 
954 
828 
726 
645 
580 
524 
472 
413 
360 
323 
301 
288 
276 
269 
265 
262 
259 
259 
258 
253 
246 
241 
234 
230 
226 
224 
223 
228 
234 
245 
256 
266 
268 
265 
256 
246 
237 
232 
230 
236 
246 
259 
271 
282 
290 
293 
290 
413 
366 
333 
307 
291 
284 
284 
285 
2119 
2557 
3014 
3435 
3795 
3985 
4023 
4023 
4025 
4025 
4025 
4007 
3947 
3705 
3380 
3000 
2561 
2105 
1645 
1294 
1055 
881 
748 
649 
573 
510 
453 
409 
380 
356 
338 
315 
350 
346 
332 
314 
303 
294 
296 
303 
306 
306 
310 
315 
319 
319 
317 
314 
313 
315 
314 
314 
313 
314 
316 
320 
326 
331 
336 
344 
346 
339 
330 
327 
327 
330 
337 
334 
326 
329 
337 
339 
334 
329 
327 
325 
313 
298 
284 
278 
281 
291 
295 
296 
297 
300 
302 
298 
302 
307 
309 
306 
299 
298 
295 
295 
299 
302 
309 
318 
325 
328 
328 
326 
323 
326 
330 
324 
316 
306 
307 
309 
314 
318 
318 
320 
359 
505 
796 
1206 
1663 
2123 
2570 
3019 
3431 
3786 
3979 
4024 
4025 
4025 
4025 
4025 
4008 
3950 
3713 
3394 
3008 
2563 
2098 
1630 
1274 
1039 
873 
748 
652 
576 
518 
462 
413 
375 
350 
330 
349 
335 
318 
301 
290 
287 
283 
280 
280 
286 
295 
304 
312 
313 
302 
298 
293 
290 
291 
295 
301 
305 
309 
312 
311 
319 
324 
325 
324 
319 
315 
311 
308 
307 
320 
326 
323 
314 
318 
320 
361 
344 
337 
332 
320 
312 
309 
309 
315 
318 
318 
322 
322 
316 
312 
303 
300 
299 
303 
309 
315 
319 
328 
340 
345 
339 
331 
322 
316 
318 
320 
325 
333 
345 
356 
360 
362 
360 
346 
323 
313 
306 
308 
309 
312 
321 
331 
339 
387 
570 
904 
1319 
1768 
2238 
2677 
3066 
3394 
3632 
3794 
3899 
3910 
3827 
3634 
3324 
2919 
2459 
1961 
1509 
1205 
1008 
874 
778 
708 
651 
601 
555 
513 
461 
413 
386 
296 
299 
300 
306 
314 
326 
365 
526 
852 
1266 
1712 
2159 
2592 
2996 
3355 
3659 
3894 
3972 
3994 
3994 
3970 
3882 
3631 
3295 
2902 
2438 
1938 
1504 
1196 
1005 
874 
781 
700 
633 
571 
516 
449 
395 
362 
343 
338 
335 
325 
319 
311 
308 
311 
313 
310 
303 
300 
295 
292 
291 
292 
298 
301 
296 
304 
316 
325 
324 
315 
312 
311 
311 
310 
311 
306 
311 
321 
334 
342 
347 
351 
348 
334 
317 
299 
293 
330 
324 
315 
304 
297 
296 
298 
299 
308 
320 
325 
335 
338 
337 
331 
324 
314 
308 
307 
310 
317 
326 
331 
339 
343 
343 
338 
330 
323 
319 
319 
324 
326 
330 
333 
336 
346 
326 
308 
294 
285 
277 
273 
269 
273 
273 
282 
355 
548 
838 
1183 
1539 
1883 
2204 
2488 
2716 
2906 
3032 
3111 
3116 
3066 
2931 
2727 
2454 
2119 
1742 
1368 
1088 
913 
795 
713 
642 
587 
544 
510 
482 
443 
395 
363 
342 
342 
321 
299 
288 
285 
276 
280 
281 
289 
298 
331 
457 
733 
1074 
1461 
1866 
2232 
2576 
2902 
3167 
3389 
3531 
3615 
3608 
3547 
3392 
3190 
2906 
2517 
2093 
1655 
1281 
1046 
891 
785 
704 
643 
597 
557 
522 
527 
483 
443 
412 
398 
382 
367 
356 
266 
266 
264 
261 
252 
239 
228 
223 
221 
211 
210 
216 
225 
236 
240 
242 
242 
244 
244 
244 
242 
239 
238 
238 
244 
252 
263 
267 
272 
276 
275 
272 
544 
523 
491 
454 
440 
428 
414 
399 
381 
363 
351 
346 
345 
346 
349 
354 
355 
357 
362 
361 
360 
357 
351 
343 
340 
339 
341 
348 
353 
359 
365 
363 
364 
363 
356 
349 
341 
340 
338 
343 
304 
295 
276 
260 
252 
251 
250 
245 
249 
300 
464 
766 
1178 
1632 
2094 
2538 
2976 
3373 
3710 
3956 
4015 
4024 
4025 
4025 
4027 
4008 
3953 
3714 
3379 
2969 
2507 
2039 
1572 
1223 
998 
838 
727 
644 
574 
508 
405 
377 
353 
340 
336 
334 
333 
332 
339 
346 
359 
427 
605 
883 
1216 
1570 
1925 
2265 
2564 
2802 
2997 
3116 
3183 
3178 
3121 
2975 
2768 
2491 
2158 
1787 
1428 
1158 
986 
871 
788 
718 
655 
599 
554 
519 
495 
457 
438 
421 
407 
392 
376 
366 
357 
349 
347 
346 
349 
355 
362 
366 
368 
365 
358 
350 
342 
336 
331 
335 
335 
346 
354 
362 
364 
367 
366 
360 
353 
351 
350 
353 
351 
355 
351 
356 
322 
318 
309 
307 
293 
281 
277 
271 
283 
294 
300 
305 
305 
301 
334 
508 
837 
1258 
1716 
2193 
2640 
3043 
3374 
3618 
3772 
3870 
3869 
3769 
3559 
3242 
2841 
2392 
1907 
1469 
1176 
976 
847 
751 
667 
597 
514 
474 
424 
377 
343 
312 
285 
275 
265 
246 
242 
241 
241 
252 
261 
264 
260 
254 
252 
250 
241 
235 
234 
238 
245 
249 
255 
261 
271 
280 
285 
278 
273 
264 
254 
252 
256 
256 
261 
266 
515 
484 
450 
412 
392 
377 
361 
341 
322 
305 
293 
285 
281 
282 
288 
294 
300 
305 
305 
306 
303 
298 
291 
285 
282 
279 
281 
287 
293 
305 
311 
312 
311 
307 
301 
297 
287 
285 
286 
290 
302 
306 
295 
282 
268 
252 
244 
238 
235 
239 
242 
245 
250 
255 
258 
258 
259 
250 
257 
261 
257 
250 
246 
246 
253 
254 
256 
259 
267 
283 
295 
293 
287 
281 
280 
281 
272 
260 
243 
250 
257 
250 
254 
261 
269 
278 
281 
285 
320 
463 
747 
1156 
1613 
2074 
2523 
2970 
3387 
3741 
3966 
4021 
4024 
4023 
4026 
4026 
3999 
3935 
3679 
3364 
2982 
2528 
2058 
1590 
1239 
1016 
853 
724 
623 
542 
486 
419 
394 
373 
362 
350 
338 
332 
324 
324 
328 
338 
415 
611 
908 
1257 
1614 
1949 
2258 
2542 
2773 
2960 
3086 
3157 
3155 
3113 
2992 
2793 
2525 
2191 
1812 
1435 
1148 
964 
842 
756 
680 
633 
600 
575 
552 
516 
290 
281 
281 
285 
288 
286 
279 
271 
267 
295 
449 
780 
1207 
1658 
2108 
2567 
2991 
3355 
3645 
3850 
3950 
3975 
3975 
3949 
3822 
3573 
3242 
2861 
2402 
1922 
1497 
1184 
987 
839 
717 
617 
542 
483 
441 
397 
381 
369 
363 
360 
350 
339 
331 
326 
275 
267 
267 
273 
282 
297 
296 
302 
310 
316 
311 
309 
303 
295 
293 
295 
297 
294 
300 
311 
321 
322 
329 
333 
342 
340 
334 
322 
305 
299 
291 
291 
307 
309 
310 
307 
302 
295 
284 
275 
272 
268 
270 
275 
278 
279 
284 
285 
289 
299 
304 
320 
324 
311 
292 
281 
275 
276 
290 
307 
316 
324 
328 
330 
333 
335 
327 
320 
303 
293 
286 
288 
286 
298 
307 
314 
318 
313 
302 
291 
283 
280 
283 
288 
296 
309 
320 
327 
328 
325 
316 
305 
300 
297 
298 
302 
310 
318 
327 
333 
339 
337 
333 
325 
318 
313 
309 
307 
312 
318 
325 
335 
341 
344 
344 
341 
335 
331 
327 
324 
326 
332 
333 
341 
349 
355 
356 
355 
347 
341 
334 
333 
336 
337 
347 
354 
360 
363 
364 
360 
352 
343 
336 
338 
341 
342 
352 
340 
332 
331 
326 
316 
300 
282 
275 
272 
280 
356 
555 
852 
1204 
1563 
1907 
2232 
2519 
2740 
2927 
3044 
3100 
3094 
3052 
2929 
2736 
2473 
2151 
1775 
1399 
1111 
924 
795 
708 
641 
588 
544 
514 
489 
458 
420 
394 
369 
351 
335 
323 
330 
330 
343 
355 
357 
354 
345 
336 
331 
328 
329 
330 
336 
345 
356 
364 
366 
365 
357 
347 
342 
337 
339 
337 
343 
353 
360 
368 
371 
370 
366 
357 
350 
345 
350 
332 
316 
309 
314 
316 
319 
312 
308 
298 
298 
364 
552 
841 
1188 
1550 
1903 
2236 
2532 
2768 
2958 
3073 
3135 
3127 
3072 
2928 
2726 
2458 
2135 
1762 
1397 
1123 
950 
829 
737 
658 
591 
540 
504 
474 
442 
403 
382 
370 
361 
301 
296 
286 
282 
270 
297 
420 
698 
1046 
1448 
1874 
2253 
2604 
2934 
3194 
3401 
3525 
3591 
3582 
3516 
3363 
3166 
2891 
2522 
2111 
1675 
1293 
1047 
882 
772 
685 
622 
574 
530 
491 
452 
411 
387 
363 
339 
317 
315 
314 
301 
293 
281 
271 
268 
267 
266 
267 
270 
278 
289 
282 
286 
290 
291 
292 
290 
278 
278 
280 
281 
285 
285 
289 
299 
309 
319 
326 
325 
317 
314 
309 
303 
296 
289 
293 
300 
306 
310 
312 
319 
359 
498 
782 
1185 
1639 
2100 
2547 
2997 
3415 
3778 
3979 
4023 
4026 
4025 
4026 
4025 
4007 
3942 
3690 
3371 
2989 
2547 
2090 
1630 
1283 
1045 
888 
765 
666 
585 
518 
454 
403 
370 
348 
332 
356 
342 
334 
333 
332 
333 
332 
327 
321 
313 
306 
301 
296 
295 
300 
309 
317 
324 
326 
325 
316 
308 
300 
298 
300 
308 
314 
317 
323 
319 
326 
331 
329 
328 
323 
317 
316 
318 
304 
292 
300 
287 
279 
277 
283 
282 
272 
267 
264 
269 
320 
496 
835 
1260 
1729 
2220 
2667 
3045 
3357 
3591 
3755 
3861 
3869 
3769 
3567 
3266 
2875 
2429 
1939 
1490 
1177 
975 
830 
719 
631 
564 
523 
489 
458 
418 
2110 
1675 
1302 
1064 
912 
807 
722 
654 
344 
506 
803 
1213 
1675 
2141 
2582 
3018 
3408 
3748 
3968 
4023 
4024 
4025 
4026 
4025 
4012 
3955 
3729 
3406 
3005 
2543 
2071 
1606 
1258 
1039 
890 
778 
689 
613 
546 
473 
409 
364 
337 
322 
308 
297 
289 
286 
283 
280 
274 
267 
264 
262 
255 
250 
248 
248 
251 
253 
260 
267 
278 
283 
279 
270 
261 
256 
252 
252 
255 
264 
274 
286 
296 
302 
298 
290 
279 
269 
349 
337 
330 
327 
314 
298 
282 
275 
269 
281 
359 
558 
854 
1208 
1573 
1916 
2229 
2506 
2731 
2920 
3040 
3111 
3105 
3050 
2919 
2726 
2470 
2147 
1775 
1397 
1109 
921 
789 
702 
631 
584 
554 
525 
498 
468 
326 
307 
287 
272 
263 
261 
266 
284 
292 
294 
296 
295 
292 
289 
282 
275 
277 
281 
286 
290 
285 
287 
288 
295 
303 
300 
308 
309 
309 
305 
299 
295 
294 
289 
291 
308 
316 
314 
314 
309 
331 
320 
307 
298 
286 
287 
298 
302 
305 
309 
309 
303 
298 
292 
287 
284 
276 
287 
299 
311 
322 
327 
328 
326 
319 
303 
292 
294 
303 
309 
317 
323 
326 
334 
343 
341 
334 
315 
308 
302 
303 
288 
280 
276 
278 
280 
283 
287 
292 
292 
289 
281 
268 
260 
254 
255 
259 
262 
273 
286 
297 
302 
304 
298 
289 
278 
273 
269 
265 
267 
271 
271 
280 
275 
279 
293 
295 
288 
284 
277 
228 
226 
230 
239 
247 
255 
258 
262 
264 
262 
256 
248 
245 
247 
250 
254 
262 
270 
279 
287 
291 
288 
281 
271 
270 
277 
277 
277 
278 
266 
282 
290 
299 
313 
319 
320 
318 
310 
302 
295 
292 
296 
299 
306 
314 
327 
340 
348 
347 
338 
327 
317 
319 
313 
318 
328 
340 
349 
357 
363 
366 
365 
360 
355 
352 
347 
348 
349 
348 
355 
364 
363 
371 
377 
377 
383 
386 
384 
382 
354 
369 
358 
346 
331 
322 
315 
323 
333 
340 
347 
353 
358 
362 
361 
352 
341 
337 
338 
341 
344 
347 
351 
359 
367 
373 
378 
378 
374 
364 
351 
337 
346 
343 
331 
332 
336 
343 
349 
351 
350 
316 
316 
311 
307 
299 
292 
286 
284 
288 
299 
312 
313 
318 
323 
328 
331 
327 
322 
317 
313 
316 
321 
329 
326 
327 
330 
337 
346 
344 
342 
339 
343 
326 
305 
295 
295 
294 
295 
295 
299 
319 
309 
304 
307 
311 
320 
321 
329 
333 
329 
317 
307 
296 
291 
291 
278 
282 
303 
316 
329 
335 
332 
328 
323 
310 
308 
307 
311 
323 
333 
334 
338 
339 
340 
342 
325 
296 
285 
282 
282 
310 
306 
305 
307 
308 
311 
310 
307 
299 
294 
285 
280 
283 
283 
281 
284 
283 
295 
314 
323 
327 
325 
320 
315 
308 
299 
295 
296 
304 
317 
323 
331 
340 
342 
344 
329 
302 
288 
282 
284 
393 
389 
380 
366 
347 
331 
321 
311 
202 
209 
212 
211 
207 
200 
193 
192 
190 
192 
200 
211 
225 
232 
238 
239 
234 
227 
220 
216 
214 
217 
222 
228 
234 
241 
247 
247 
244 
239 
235 
235 
294 
291 
294 
301 
311 
314 
317 
315 
326 
339 
337 
331 
324 
320 
319 
320 
321 
324 
327 
336 
347 
351 
356 
335 
311 
299 
291 
275 
269 
268 
273 
283 
290 
363 
559 
856 
1209 
1568 
1908 
2218 
3366 
3711 
3958 
4017 
4023 
4024 
4025 
4025 
4004 
3943 
3685 
3351 
2953 
2496 
2026 
1563 
1217 
997 
845 
730 
636 
551 
481 
412 
350 
308 
278 
259 
249 
242 
235 
231 
227 
220 
212 
198 
187 
182 
183 
183 
182 
183 
187 
193 
201 
204 
204 
201 
197 
194 
193 
189 
187 
189 
192 
197 
205 
212 
224 
236 
235 
225 
214 
205 
201 
200 
204 
212 
214 
215 
221 
227 
231 
236 
237 
232 
232 
227 
227 
231 
324 
322 
328 
340 
354 
368 
375 
374 
367 
356 
350 
347 
339 
339 
345 
354 
363 
379 
391 
395 
398 
391 
380 
378 
353 
330 
322 
324 
329 
343 
351 
349 
353 
383 
503 
774 
1110 
1496 
1900 
2271 
345 
344 
340 
330 
324 
315 
309 
311 
319 
331 
340 
349 
358 
361 
361 
359 
347 
339 
332 
333 
338 
348 
354 
361 
369 
377 
376 
362 
346 
338 
331 
324 
320 
324 
332 
326 
378 
568 
907 
1334 
300 
310 
317 
318 
316 
323 
333 
331 
337 
339 
339 
340 
334 
331 
329 
328 
331 
332 
339 
349 
352 
362 
380 
379 
369 
361 
342 
314 
307 
302 
306 
318 
329 
345 
360 
370 
412 
583 
899 
1307 
317 
315 
314 
314 
315 
314 
306 
314 
324 
331 
336 
339 
342 
341 
336 
330 
330 
330 
335 
336 
343 
350 
360 
367 
372 
366 
357 
350 
326 
311 
314 
316 
322 
326 
328 
338 
351 
349 
394 
573 
322 
317 
328 
341 
355 
363 
356 
346 
336 
328 
327 
333 
342 
359 
373 
377 
375 
362 
349 
340 
339 
347 
358 
365 
369 
371 
365 
358 
365 
359 
351 
350 
345 
339 
335 
332 
333 
336 
376 
546 
215 
218 
225 
234 
240 
249 
253 
255 
252 
246 
239 
235 
236 
243 
250 
258 
264 
272 
275 
274 
266 
257 
247 
244 
249 
256 
266 
277 
288 
292 
293 
291 
287 
281 
272 
270 
271 
277 
286 
294 
539 
831 
1185 
1545 
1888 
2222 
2516 
2753 
2943 
3049 
3109 
3104 
3052 
2923 
2722 
2453 
2129 
1764 
1406 
1134 
956 
827 
731 
656 
600 
555 
517 
485 
448 
418 
408 
394 
379 
365 
352 
343 
329 
322 
321 
326 
2190 
2647 
3066 
3424 
3714 
3923 
3976 
3995 
3995 
3967 
3872 
3628 
3302 
2923 
2473 
1985 
1555 
1239 
1041 
894 
779 
683 
608 
552 
508 
464 
427 
404 
389 
379 
362 
343 
327 
311 
300 
292 
289 
292 
299 
306 
1536 
1877 
2205 
2497 
2735 
2934 
3053 
3127 
220 
214 
210 
209 
214 
220 
223 
224 
225 
225 
219 
209 
204 
202 
207 
211 
213 
213 
216 
223 
229 
228 
227 
223 
218 
218 
215 
215 
215 
222 
228 
235 
320 
327 
336 
344 
345 
341 
333 
330 
357 
512 
847 
1278 
1733 
2179 
2630 
3050 
3415 
3707 
3918 
3975 
3995 
3991 
3963 
3866 
3623 
3299 
2919 
2464 
1974 
1544 
1231 
1038 
894 
781 
687 
613 
552 
503 
456 
415 
380 
371 
366 
363 
356 
341 
322 
304 
291 
284 
282 
283 
290 
305 
316 
323 
318 
310 
299 
289 
284 
280 
282 
291 
303 
311 
318 
321 
321 
315 
308 
303 
302 
303 
310 
315 
321 
327 
326 
317 
342 
327 
308 
298 
291 
287 
289 
287 
296 
303 
314 
445 
726 
1068 
1462 
1871 
2229 
2568 
2896 
3163 
3386 
3523 
3603 
3592 
3530 
3382 
3176 
2886 
2504 
2080 
1644 
1278 
1051 
890 
788 
708 
650 
603 
553 
515 
469 
425 
393 
368 
352 
347 
342 
342 
341 
342 
342 
345 
342 
338 
332 
324 
316 
307 
307 
312 
321 
324 
335 
348 
357 
360 
359 
351 
338 
333 
334 
336 
336 
341 
347 
354 
362 
371 
370 
363 
317 
309 
299 
296 
297 
301 
301 
302 
305 
342 
487 
775 
1179 
1634 
2090 
2539 
2990 
3408 
3761 
3969 
4020 
4025 
4024 
4026 
4026 
4001 
3936 
3682 
3365 
2985 
2538 
2073 
1604 
1248 
1012 
843 
715 
623 
550 
492 
358 
335 
312 
298 
289 
280 
282 
283 
292 
296 
325 
456 
738 
1075 
1464 
1870 
2236 
2583 
2912 
3169 
3383 
3519 
3597 
3594 
3528 
3376 
3171 
2886 
2508 
2089 
1655 
1283 
1051 
899 
797 
713 
647 
593 
537 
502 
229 
233 
236 
238 
234 
232 
229 
232 
231 
230 
233 
234 
237 
242 
251 
260 
263 
261 
257 
249 
245 
243 
242 
243 
247 
256 
266 
272 
273 
273 
269 
267 
260 
258 
258 
263 
271 
280 
285 
288 
291 
293 
292 
289 
282 
279 
278 
280 
280 
279 
280 
284 
287 
291 
297 
304 
312 
319 
316 
310 
301 
293 
291 
294 
299 
304 
314 
326 
335 
334 
334 
331 
325 
315 
312 
313 
317 
318 
323 
327 
348 
333 
311 
298 
287 
279 
282 
285 
295 
304 
335 
457 
730 
1072 
1463 
1867 
2233 
2581 
2909 
3169 
3378 
3504 
3586 
3590 
3535 
3390 
3179 
2888 
2506 
2088 
1654 
1283 
1050 
899 
789 
702 
638 
591 
548 
515 
233 
239 
242 
238 
234 
234 
234 
233 
231 
231 
233 
236 
242 
245 
253 
258 
258 
253 
248 
243 
241 
240 
240 
240 
250 
262 
276 
281 
279 
273 
267 
261 
259 
254 
255 
258 
254 
258 
267 
276 
275 
281 
283 
287 
287 
287 
287 
286 
286 
288 
291 
295 
295 
295 
300 
305 
309 
307 
304 
297 
297 
300 
302 
304 
306 
310 
316 
324 
330 
330 
329 
327 
321 
315 
311 
311 
309 
319 
329 
334 
456 
420 
402 
392 