-15376 
0 
262180 
32761 
-221139120 
14 
0 
0 
-2145979060 
1 
-221249536 
32761 
-217987728 
32761 
-221160800 
32761 
-14704 
0 
852828661 
6697 
-220316912 
32761 
0 
0 
-15248 
0 
0 
0 
0 
0 
-13424 
0 
-2143963392 
1 
-15376 
0 
-15680 
0 
262180 
0 
-15120 
0 
257 
32 
68 
5 
99180 
8 
0 
2 
5505102 
4259872 
5505109 
5177416 
4784210 
5832788 
0 
0 
0 
0 
0 
0 
0 
0 
0 
0 
-15592 
0 
568 
384 
0 
0 
1 
0 
0 
0 
0 
0 
0 
0 
0 
0 
0 
0 
8044592 
0 
0 
0 
0 
0 
0 
0 
0 
0 
0 
0 
-15248 
0 
-218005248 
32761 
0 
0 
0 
0 
0 
0 
0 
0 
-13816 
0 
0 
0 
1 
0 
0 
0 
3342336 
0 
0 
0 
0 
0 
758197587 
875965749 
3552045 
842151223 
3748149 
859321645 
825046070 
875968568 
909521453 
842151729 
758329394 
926496049 
959526965 
908931888 
943141173 
909193778 
825766445 
925972789 
758330932 
909324856 
959788085 
808594739 
859189817 
926233907 
943206701 
859189557 
3748920 
0 
0 
0 
0 
0 
-15344 
0 
8048616 
0 
8048592 
0 
8048660 
0 
0 
0 
60 
0 
0 
0 
1 
0 
0 
0 
0 
0 
0 
0 
0 
0 
0 
0 
0 
0 
0 
0 
-218338320 
32761 
7077955 
7667823 
2097252 
6488129 
7274595 
7209077 
2097268 
7667777 
6815860 
7209061 
6881396 
6357091 
6881396 
7209071 
0 
0 
448 
2 
0 
0 
0 
0 
0 
0 
0 
0 
0 
0 
0 
0 
0 
0 
-13248 
0 
-2147071248 
1 
0 
0 
-27048 
0 
0 
0 
0 
0 
-13816 
0 
0 
0 
0 
0 
0 
0 
0 
0 
0 
0 
-14704 
0 
0 
0 
0 
0 
0 
0 
0 
0 
0 
0 
8052672 
0 
128 
0 
852828885 
6697 
-14824 
0 
0 
0 
-13816 
0 
0 
0 
0 
0 
-218005112 
32761 
0 
0 
-218003552 
32761 
-220317616 
32761 
-218003552 
32761 
0 
0 
0 
0 
-218005112 
32761 
-14704 
0 
-13816 
0 
1903232307 
0 
-199358544 
32761 
-217921614 
32761 
-217987760 
32761 
2 
0 
-217987728 
32761 
-13816 
0 
512 
0 
-1928852265 
31079 
-217921620 
32761 
0 
0 
-2146619762 
1 
-14544 
0 
-2146506771 
1 
8053488 
0 
-199531375 
32761 
0 
0 
0 
0 
8052672 
0 
376 
0 
67 
32761 
205 
0 
48 
7667823 
0 
0 
0 
0 
0 
0 
0 
0 
0 
0 
0 
0 
0 
0 
303840 
8 
-2145116848 
1 
0 
0 
-2146619218 
1 
1 
0 
-13696 
0 
1 
0 
-2147198918 
1 
-14096 
0 
8052672 
0 
11 
0 
-2145615163 
1 
205 
0 
11 
0 
0 
0 
11 
0 
-14032 
0 
-2143942512 
1 
-2143944440 
1 
-2145190791 
1 
16 
8 
-2147202347 
1 
528 
0 
17 
8 
0 
0 
-2147199789 
1 
-2143942648 
1 
0 
0 
-2144872137 
1 
-14032 
0 
17 
8 
-2144821912 
1 
-2143942632 
1 
-2143944456 
1 
17 
8 
-2144821912 
1 
16 
8 
-2147202551 
1 
7 
0 
-14032 
0 
-2144872137 
1 
-2146473625 
1 
-14032 
0 
-2146470715 
1 
2240 
0 
-2145684739 
1 
-13504 
0 
0 
0 
-13504 
0 
-2146506395 
1 
-13216 
0 
-2144537984 
1 
-13424 
0 
0 
0 
-13744 
0 
-13752 
0 
-2145128704 
1 
-2146502650 
1 
0 
0 
-2145166944 
1 
0 
0 
0 
0 
8052688 
0 
-2145933643 
1 
64 
0 
320 
304 
291 
288 
287 
285 
280 
273 
274 
270 
281 
373 
616 
987 
1427 
1885 
2330 
2751 
3118 
3406 
3645 
3793 
3878 
3874 
3808 
3637 
3371 
3024 
2598 
2122 
1654 
1294 
246 
244 
243 
242 
246 
258 
265 
267 
265 
267 
259 
242 
236 
231 
233 
243 
247 
251 
250 
252 
300 
510 
902 
1397 
1936 
2501 
3028 
3485 
3859 
3997 
4025 
4026 
4025 
4013 
3942 
3622 
3178 
2668 
2106 
1589 
251 
260 
263 
266 
263 
260 
260 
258 
258 
260 
264 
274 
283 
288 
286 
286 
282 
278 
276 
277 
281 
289 
296 
299 
298 
297 
296 
294 
292 
288 
288 
290 
296 
303 
306 
307 
309 
312 
313 
316 
2364 
1997 
1626 
1258 
989 
815 
690 
590 
509 
442 
385 
335 
294 
270 
257 
246 
235 
222 
206 
191 
182 
177 
178 
185 
193 
191 
190 
187 
182 
176 
171 
170 
174 
184 
192 
191 
189 
186 
185 
187 
314 
313 
316 
322 
324 
322 
322 
320 
322 
324 
303 
284 
280 
288 
290 
288 
282 
279 
277 
282 
369 
611 
983 
1427 
1891 
2338 
2754 
3114 
3407 
3651 
3808 
3894 
3882 
3805 
3631 
3373 
3033 
2610 
2135 
1661 
297 
296 
297 
300 
304 
308 
308 
306 
305 
306 
292 
277 
270 
273 
274 
279 
277 
279 
278 
308 
466 
818 
1270 
1788 
2333 
2826 
3279 
3698 
3972 
4024 
4026 
4026 
4025 
4026 
3985 
3839 
3495 
3031 
2510 
1962 
263 
262 
261 
260 
262 
267 
271 
272 
271 
270 
267 
267 
269 
273 
281 
289 
296 
297 
295 
294 
287 
287 
287 
288 
295 
303 
310 
311 
309 
307 
298 
294 
292 
295 
303 
307 
310 
313 
315 
316 
197 
199 
197 
196 
195 
194 
194 
194 
295 
280 
266 
263 
267 
266 
273 
273 
275 
270 
298 
455 
811 
1267 
1792 
2347 
2854 
3307 
3728 
3980 
4024 
4025 
4027 
4026 
237 
236 
236 
235 
238 
244 
251 
256 
733 
636 
554 
487 
432 
388 
342 
300 
272 
254 
246 
242 
237 
227 
222 
213 
207 
202 
203 
206 
211 
212 
210 
209 
206 
201 
200 
201 
206 
215 
218 
214 
212 
209 
205 
207 
209 
215 
228 
238 
189 
190 
192 
196 
199 
201 
204 
204 
205 
204 
203 
205 
205 
210 
208 
211 
214 
211 
215 
217 
219 
224 
228 
229 
231 
231 
232 
234 
233 
234 
236 
242 
248 
252 
250 
246 
242 
240 
240 
239 
441 
395 
349 
308 
276 
258 
243 
235 
228 
220 
214 
207 
203 
197 
196 
198 
201 
207 
210 
210 
210 
207 
207 
207 
207 
211 
211 
214 
216 
218 
221 
221 
220 
219 
218 
218 
219 
221 
227 
232 
638 
561 
496 
442 
398 
354 
311 
283 
262 
248 
242 
236 
231 
222 
214 
206 
200 
196 
194 
193 
197 
201 
202 
204 
205 
206 
207 
210 
211 
215 
219 
224 
225 
223 
221 
220 
220 
223 
222 
226 
306 
307 
310 
315 
320 
325 
303 
288 
173 
172 
173 
174 
174 
177 
180 
184 
193 
197 
200 
199 
197 
195 
193 
192 
195 
201 
210 
216 
215 
211 
210 
205 
203 
203 
203 
206 
215 
223 
232 
232 
277 
279 
278 
281 
282 
284 
284 
281 
281 
282 
282 
284 
288 
286 
291 
278 
265 
260 
262 
261 
266 
265 
267 
265 
296 
459 
826 
1298 
1836 
2401 
2913 
3384 
3820 
4007 
4025 
4024 
4025 
4025 
4026 
4008 
3475 
3015 
2496 
1953 
1489 
1194 
1002 
867 
755 
670 
601 
542 
493 
440 
389 
355 
328 
312 
298 
292 
286 
279 
276 
268 
261 
256 
252 
251 
249 
251 
254 
259 
260 
262 
263 
264 
266 
265 
266 
268 
289 
285 
283 
283 
286 
291 
297 
304 
306 
307 
309 
307 
309 
307 
307 
309 
312 
318 
322 
324 
323 
323 
324 
322 
321 
320 
321 
323 
325 
328 
329 
329 
331 
333 
335 
335 
340 
343 
346 
349 
308 
310 
312 
311 
310 
312 
312 
317 
319 
321 
323 
325 
326 
327 
324 
323 
321 
321 
325 
331 
335 
337 
338 
340 
341 
340 
341 
343 
345 
347 
352 
357 
357 
356 
355 
355 
353 
352 
352 
356 
334 
336 
334 
331 
335 
342 
347 
348 
347 
346 
345 
344 
344 
343 
341 
343 
346 
348 
349 
352 
352 
352 
355 
358 
360 
368 
371 
375 
376 
373 
371 
370 
370 
372 
371 
373 
381 
387 
388 
385 
685 
637 
601 
561 
524 
507 
494 
480 
462 
452 
440 
431 
424 
421 
419 
421 
425 
431 
430 
426 
422 
418 
415 
413 
414 
413 
414 
419 
428 
432 
433 
434 
434 
431 
432 
431 
430 
431 
437 
444 
484 
484 
485 
487 
468 
454 
445 
443 
441 
439 
435 
435 
433 
439 
507 
688 
962 
1286 
1629 
1966 
2282 
2559 
2772 
2946 
3059 
3131 
3137 
3088 
2959 
2760 
2500 
2191 
1838 
1485 
1221 
1055 
943 
859 
788 
730 
436 
428 
425 
422 
426 
423 
432 
446 
460 
469 
464 
461 
459 
453 
448 
446 
446 
452 
452 
459 
468 
474 
483 
486 
486 
480 
469 
461 
455 
453 
459 
469 
474 
480 
484 
492 
497 
492 
488 
482 
835 
727 
635 
562 
503 
450 
395 
349 
314 
290 
276 
267 
262 
251 
245 
238 
234 
229 
227 
225 
226 
232 
240 
239 
240 
237 
234 
232 
228 
225 
228 
234 
243 
245 
241 
237 
235 
234 
235 
237 
356 
359 
360 
362 
368 
369 
369 
347 
331 
323 
319 
315 
312 
310 
313 
304 
313 
401 
641 
1009 
1447 
1901 
2335 
2750 
3123 
3413 
3649 
3789 
3874 
3872 
3812 
3643 
3379 
3030 
2607 
2137 
1675 
1321 
1098 
945 
1220 
1146 
1087 
1033 
1004 
978 
954 
922 
889 
865 
847 
835 
825 
822 
826 
825 
827 
828 
828 
824 
815 
808 
802 
798 
796 
797 
800 
804 
812 
819 
824 
826 
825 
823 
817 
813 
809 
809 
813 
819 
903 
915 
927 
929 
935 
938 
941 
944 
256 
254 
254 
251 
253 
256 
257 
260 
261 
259 
257 
255 
255 
256 
259 
263 
267 
269 
272 
277 
276 
275 
277 
280 
284 
283 
285 
273 
258 
251 
248 
243 
259 
258 
258 
259 
258 
260 
263 
264 
265 
267 
268 
269 
268 
267 
268 
271 
273 
275 
280 
283 
286 
289 
287 
288 
291 
292 
296 
299 
302 
302 
302 
302 
303 
304 
306 
286 
271 
263 
258 
253 
160 
151 
144 
137 
133 
134 
137 
135 
131 
129 
124 
125 
125 
130 
133 
136 
137 
138 
140 
142 
145 
149 
156 
159 
160 
159 
158 
158 
158 
161 
164 
174 
179 
177 
169 
152 
144 
139 
138 
138 
307 
295 
289 
287 
280 
273 
266 
258 
252 
247 
245 
243 
245 
253 
259 
260 
257 
255 
251 
248 
247 
245 
247 
253 
263 
267 
265 
263 
261 
262 
265 
266 
271 
277 
281 
279 
279 
280 
263 
245 
330 
319 
305 
294 
283 
274 
268 
263 
260 
260 
263 
269 
267 
265 
262 
258 
257 
253 
253 
252 
257 
264 
267 
267 
267 
267 
265 
267 
269 
269 
274 
280 
286 
290 
289 
285 
283 
284 
270 
250 
204 
202 
200 
195 
186 
189 
194 
242 
451 
865 
1390 
1952 
2504 
3054 
3564 
3956 
4023 
4025 
4024 
4025 
4026 
4026 
4026 
3969 
3681 
3253 
2716 
2123 
1592 
1209 
980 
819 
698 
594 
511 
442 
381 
322 
274 
243 
224 
210 
194 
184 
173 
166 
160 
155 
152 
150 
150 
151 
148 
147 
145 
145 
149 
147 
151 
155 
159 
162 
161 
165 
168 
170 
173 
172 
170 
170 
171 
172 
176 
180 
180 
183 
182 
179 
182 
181 
290 
273 
258 
255 
252 
251 
258 
260 
265 
262 
295 
459 
826 
1298 
1834 
2397 
2908 
3383 
3823 
4008 
4024 
4025 
4026 
4025 
4026 
4008 
3912 
3563 
3082 
2542 
1982 
1499 
1197 
1005 
861 
740 
644 
566 
499 
448 
190 
195 
198 
201 
201 
200 
200 
202 
205 
209 
215 
216 
216 
214 
211 
209 
207 
208 
212 
219 
226 
225 
227 
229 
231 
234 
235 
235 
238 
240 
246 
247 
250 
249 
251 
253 
252 
251 
250 
250 
794 
660 
559 
478 
413 
362 
311 
267 
235 
209 
190 
175 
159 
148 
139 
137 
139 
138 
134 
134 
134 
136 
134 
135 
138 
141 
145 
145 
144 
144 
144 
145 
147 
149 
153 
155 
154 
152 
151 
151 
1172 
961 
814 
694 
601 
525 
459 
406 
352 
301 
269 
241 
221 
208 
197 
190 
182 
175 
167 
162 
159 
153 
153 
155 
154 
158 
158 
161 
163 
167 
168 
169 
171 
170 
171 
176 
175 
180 
183 
183 
103 
106 
106 
110 
113 
115 
120 
123 
123 
126 
130 
134 
137 
138 
136 
137 
137 
142 
150 
152 
152 
151 
150 
149 
146 
148 
150 
157 
161 
161 
163 
165 
166 
171 
174 
178 
180 
182 
182 
182 
1171 
963 
819 
698 
599 
520 
454 
402 
1200 
989 
840 
726 
628 
549 
480 
422 
368 
320 
295 
281 
263 
248 
231 
217 
207 
195 
191 
193 
199 
206 
208 
206 
204 
202 
197 
194 
194 
199 
208 
214 
228 
228 
232 
236 
242 
249 
249 
250 
249 
250 
251 
251 
253 
257 
261 
265 
258 
253 
259 
250 
236 
228 
226 
229 
231 
236 
238 
242 
283 
474 
854 
1338 
1850 
2353 
2855 
3319 
3721 
3975 
4024 
4024 
4019 
4012 
3978 
3851 
3526 
3091 
2597 
2059 
1561 
1222 
1005 
853 
739 
653 
580 
520 
470 
427 
382 
340 
311 
291 
278 
271 
267 
258 
247 
240 
236 
230 
227 
227 
232 
238 
250 
252 
245 
234 
233 
234 
3336 
3366 
3336 
3239 
3075 
2851 
2594 
2288 
1944 
1590 
1241 
983 
810 
686 
593 
519 
459 
409 
358 
311 
283 
264 
249 
238 
229 
217 
211 
207 
207 
206 
206 
204 
204 
207 
206 
207 
206 
203 
203 
200 
294 
294 
294 
299 
303 
306 
308 
307 
311 
311 
313 
314 
316 
322 
325 
327 
325 
323 
323 
308 
291 
284 
282 
283 
290 
288 
287 
284 
313 
468 
817 
1263 
1777 
2319 
2813 
3264 
3681 
3964 
4024 
4023 
3965 
4010 
4025 
4023 
3993 
3898 
3561 
3114 
2608 
2062 
1562 
1220 
1009 
859 
739 
642 
562 
497 
444 
405 
365 
334 
318 
299 
284 
268 
257 
244 
237 
231 
229 
230 
234 
235 
235 
233 
230 
226 
224 
220 
239 
244 
249 
254 
254 
252 
252 
252 
252 
256 
256 
259 
263 
264 
262 
261 
257 
259 
253 
242 
238 
239 
238 
238 
237 
239 
243 
251 
307 
520 
904 
1391 
1914 
2460 
2974 
3432 
3806 
3982 
4023 
4026 
224 
230 
239 
244 
243 
240 
237 
235 
231 
234 
238 
244 
251 
256 
251 
243 
233 
235 
227 
215 
215 
220 
228 
227 
226 
226 
228 
272 
464 
854 
1349 
1877 
2401 
2912 
3369 
3779 
3994 
4024 
4025 
4025 
195 
199 
200 
201 
200 
199 
198 
198 
200 
201 
206 
212 
211 
210 
207 
212 
218 
213 
201 
192 
196 
200 
202 
202 
197 
202 
236 
350 
573 
882 
1230 
1587 
1924 
2259 
2567 
2839 
3063 
3229 
3339 
3410 
282 
283 
287 
290 
292 
290 
291 
291 
292 
294 
294 
298 
305 
311 
315 
315 
313 
310 
305 
308 
295 
279 
276 
277 
276 
278 
272 
273 
271 
303 
465 
821 
1278 
1798 
2346 
2847 
3311 
3743 
3984 
4025 
4024 
4024 
4024 
4025 
4026 
3998 
3890 
3547 
3069 
2531 
1973 
1495 
1191 
1000 
865 
747 
654 
579 
514 
459 
402 
351 
321 
306 
296 
279 
266 
255 
242 
235 
232 
231 
236 
238 
239 
240 
235 
234 
233 
233 
178 
174 
172 
173 
174 
180 
188 
194 
197 
196 
195 
194 
193 
195 
198 
204 
211 
215 
214 
214 
213 
211 
209 
209 
212 
218 
222 
221 
221 
219 
219 
219 
221 
223 
226 
235 
242 
245 
246 
244 
223 
224 
225 
228 
231 
233 
232 
230 
4027 
4009 
3905 
3590 
3184 
2705 
2203 
1692 
1305 
1042 
866 
736 
636 
555 
493 
435 
385 
358 
338 
318 
298 
277 
257 
238 
224 
216 
215 
217 
225 
236 
249 
254 
266 
270 
278 
285 
287 
275 
265 
258 
258 
262 
270 
279 
279 
285 
296 
309 
315 
316 
313 
304 
297 
284 
283 
283 
291 
304 
319 
328 
338 
344 
344 
335 
326 
319 
316 
314 
315 
320 
324 
329 
305 
322 
447 
737 
1111 
1542 
1997 
2407 
2790 
3148 
3440 
3673 
3815 
3893 
3868 
3787 
3611 
3385 
3082 
2677 
2227 
1762 
1365 
1113 
945 
822 
716 
626 
554 
496 
452 
410 
368 
347 
338 
333 
324 
311 
294 
273 
339 
340 
335 
330 
317 
315 
382 
583 
898 
1275 
1670 
2053 
2405 
2718 
2969 
3172 
3296 
3360 
3345 
3286 
3142 
2927 
2640 
2295 
1901 
1506 
1206 
1014 
877 
774 
694 
625 
570 
536 
509 
480 
444 
422 
407 
393 
228 
233 
238 
250 
259 
299 
464 
799 
1219 
1669 
2109 
2544 
2943 
3297 
3601 
3829 
3952 
3983 
3982 
3959 
3849 
3595 
3254 
2858 
2394 
1896 
1450 
1131 
934 
803 
708 
624 
563 
508 
463 
414 
353 
318 
291 
269 
255 
257 
254 
262 
319 
490 
820 
1277 
1783 
2294 
2792 
3276 
3711 
3983 
4026 
4025 
4023 
4025 
4025 
4026 
4026 
4016 
3929 
3599 
3173 
2672 
2148 
1645 
1271 
1035 
871 
757 
671 
595 
528 
456 
394 
346 
303 
275 
305 
304 
299 
297 
292 
281 
269 
258 
252 
251 
251 
253 
258 
263 
272 
280 
282 
282 
277 
269 
263 
259 
256 
256 
259 
263 
272 
281 
288 
296 
299 
291 
278 
266 
259 
248 
233 
231 
225 
244 
332 
311 
298 
292 
293 
293 
291 
291 
289 
284 
273 
262 
257 
256 
260 
265 
269 
273 
280 
279 
281 
281 
274 
263 
258 
259 
262 
264 
267 
271 
277 
282 
288 
288 
287 
283 
276 
272 
262 
246 
225 
222 
233 
246 
264 
278 
335 
507 
826 
1259 
1756 
2262 
2757 
3245 
3679 
3978 
4024 
4025 
4024 
4025 
4026 
4027 
4027 
4009 
3896 
3560 
3147 
2664 
2164 
1654 
1279 
1043 
886 
743 
657 
581 
508 
430 
368 
320 
278 
257 
247 
244 
234 
234 
236 
233 
231 
228 
222 
212 
201 
198 
199 
198 
201 
208 
217 
227 
237 
246 
248 
247 
237 
221 
204 
195 
202 
210 
217 
227 
244 
264 
276 
278 
271 
260 
250 
234 
320 
322 
327 
329 
333 
333 
338 
406 
601 
904 
1267 
1655 
2030 
2382 
2705 
2965 
3179 
3315 
3384 
3370 
3303 
3149 
2923 
2629 
2275 
1877 
1491 
1199 
1022 
908 
825 
746 
672 
603 
544 
497 
456 
415 
401 
397 
343 
329 
323 
324 
331 
330 
323 
311 
304 
298 
302 
378 
590 
907 
1283 
1678 
2058 
2411 
2724 
2973 
3175 
3302 
3371 
3355 
3296 
3156 
2943 
2657 
2307 
1907 
1506 
1198 
1002 
863 
769 
699 
638 
592 
557 
525 
362 
348 
328 
315 
311 
308 
308 
304 
268 
271 
279 
289 
300 
306 
305 
301 
293 
282 
273 
268 
266 
269 
273 
284 
295 
304 
311 
311 
307 
298 
288 
282 
277 
276 
283 
285 
279 
285 
288 
283 
233 
227 
225 
226 
225 
217 
204 
191 
183 
176 
169 
171 
176 
186 
199 
211 
217 
219 
214 
207 
197 
187 
185 
190 
199 
204 
211 
215 
210 
221 
234 
235 
232 
232 
224 
226 
219 
218 
219 
225 
274 
273 
277 
280 
282 
277 
270 
261 
250 
240 
234 
231 
232 
240 
246 
256 
265 
276 
279 
273 
263 
256 
253 
256 
255 
256 
262 
267 
272 
278 
282 
284 
286 
280 
274 
273 
261 
241 
232 
235 
353 
335 
330 
332 
330 
329 
325 
329 
328 
338 
413 
618 
925 
1285 
1655 
2008 
2337 
2636 
2880 
3080 
3214 
3286 
3291 
3243 
3104 
2891 
2605 
2251 
1853 
1461 
1168 
985 
868 
790 
726 
676 
633 
597 
559 
508 
450 
414 
391 
378 
376 
379 
379 
384 
387 
383 
379 
367 
355 
348 
343 
344 
350 
354 
359 
361 
352 
362 
374 
379 
377 
373 
365 
357 
353 
349 
351 
356 
364 
375 
390 
398 
396 
389 
378 
369 
363 
388 
376 
359 
348 
336 
323 
313 
302 
303 
310 
328 
411 
607 
912 
1271 
1641 
2004 
2339 
2635 
2872 
3064 
3188 
3262 
3270 
3227 
3096 
2888 
2604 
2256 
1862 
1467 
1172 
986 
864 
781 
718 
662 
618 
588 
517 
463 
413 
386 
372 
363 
355 
350 
349 
343 
335 
323 
308 
299 
296 
303 
307 
314 
317 
320 
326 
326 
322 
314 
302 
295 
294 
297 
305 
310 
313 
322 
327 
330 
329 
323 
315 
309 
306 
307 
270 
270 
272 
281 
295 
311 
321 
320 
314 
306 
301 
300 
294 
293 
299 
306 
317 
325 
332 
337 
341 
339 
335 
329 
308 
312 
318 
326 
334 
340 
343 
351 
357 
363 
367 
366 
359 
354 
347 
343 
324 
327 
339 
356 
366 
367 
358 
353 
327 
293 
282 
284 
288 
302 
309 
315 
315 
315 
382 
585 
884 
1234 
1607 
1968 
2308 
2609 
2852 
3049 
3180 
3267 
3271 
3220 
3080 
2850 
2561 
2213 
1819 
1438 
1151 
974 
349 
344 
337 
329 
320 
327 
328 
328 
330 
340 
330 
315 
311 
313 
314 
312 
303 
295 
289 
291 
363 
561 
870 
1230 
1604 
1963 
2312 
2626 
2865 
3062 
3181 
3242 
3235 
3181 
3040 
2830 
2554 
2216 
1838 
1465 
346 
349 
355 
365 
371 
375 
376 
368 
358 
350 
340 
325 
324 
326 
332 
338 
341 
345 
348 
346 
383 
563 
889 
1310 
1769 
2249 
2705 
3116 
3459 
3705 
3859 
3935 
3932 
3840 
3634 
3317 
2908 
2451 
1956 
1513 
3301 
2918 
2466 
1975 
1538 
1215 
1015 
870 
752 
661 
586 
529 
485 
440 
400 
376 
358 
345 
332 
315 
292 
275 
264 
258 
253 
259 
268 
277 
285 
288 
285 
275 
263 
254 
250 
250 
252 
261 
272 
281 
235 
233 
230 
230 
236 
242 
245 
251 
299 
309 
318 
321 
315 
307 
296 
289 
286 
288 
295 
308 
319 
326 
330 
329 
322 
312 
304 
297 
295 
299 
306 
317 
332 
344 
345 
336 
316 
303 
289 
280 
375 
361 
343 
328 
319 
314 
314 
320 
327 
335 
343 
351 
353 
353 
349 
341 
329 
329 
333 
336 
335 
339 
346 
352 
355 
361 
369 
372 
368 
362 
363 
362 
358 
357 
358 
354 
343 
344 
351 
360 
364 
364 
354 
350 
349 
390 
570 
902 
1327 
1795 
2286 
2740 
3132 
3444 
3678 
3833 
3929 
3926 
3831 
3630 
3323 
2932 
2490 
2006 
1561 
1255 
1051 
906 
795 
708 
639 
586 
544 
513 
478 
441 
422 
407 
389 
371 
245 
246 
244 
239 
236 
233 
231 
235 
237 
240 
245 
251 
256 
257 
257 
256 
251 
246 
241 
239 
241 
246 
252 
256 
266 
274 
278 
273 
265 
256 
251 
249 
251 
257 
263 
274 
284 
289 
290 
289 
292 
289 
281 
290 
301 
336 
470 
752 
1099 
1494 
1911 
2297 
2654 
2983 
3242 
3452 
3591 
3681 
3687 
3624 
3460 
3251 
2962 
2572 
2136 
1690 
1307 
1075 
918 
807 
722 
659 
611 
566 
526 
483 
438 
407 
383 
360 
383 
369 
353 
338 
330 
327 
325 
327 
330 
341 
352 
356 
356 
351 
344 
333 
324 
322 
323 
330 
340 
351 
359 
365 
369 
365 
357 
348 
340 
337 
338 
341 
350 
352 
357 
371 
368 
354 
346 
335 
300 
290 
275 
260 
245 
231 
223 
223 
222 
227 
228 
232 
238 
238 
236 
233 
228 
222 
220 
217 
216 
216 
216 
221 
231 
238 
251 
255 
250 
247 
235 
226 
221 
221 
223 
231 
240 
251 
263 
273 
327 
324 
323 
325 
322 
318 
309 
300 
295 
294 
294 
294 
295 
297 
305 
314 
323 
326 
325 
322 
318 
316 
315 
313 
315 
320 
326 
332 
338 
338 
341 
350 
349 
341 
335 
318 
305 
305 
291 
299 
306 
315 
331 
339 
341 
378 
549 
876 
1296 
1740 
2219 
2683 
3093 
3426 
3670 
3816 
3917 
3929 
3838 
3632 
3313 
2901 
2445 
1950 
1502 
1202 
1017 
896 
789 
711 
647 
585 
531 
490 
443 
396 
369 
356 
353 
341 
342 
329 
317 
301 
285 
276 
273 
280 
289 
295 
294 
297 
301 
300 
303 
300 
297 
296 
298 
303 
307 
308 
311 
309 
312 
319 
326 
330 
326 
318 
311 
308 
315 
324 
320 
309 
292 
286 
295 
311 
272 
261 
256 
253 
259 
265 
275 
285 
292 
297 
296 
290 
282 
274 
272 
273 
276 
280 
287 
292 
297 
301 
302 
299 
294 
285 
284 
284 
285 
286 
294 
296 
304 
311 
314 
315 
311 
307 
302 
294 
320 
308 
309 
311 
313 
314 
306 
301 
297 
297 
299 
296 
291 
294 
299 
305 
311 
315 
322 
325 
321 
318 
311 
306 
305 
306 
308 
315 
323 
335 
347 
352 
351 
341 
332 
317 
300 
295 
296 
299 
336 
327 
313 
298 
286 
278 
266 
263 
350 
411 
597 
886 
1233 
1601 
1962 
2302 
2602 
2846 
3044 
3167 
3234 
3224 
3163 
3018 
2808 
2530 
2191 
1819 
1450 
1175 
995 
878 
800 
732 
669 
614 
569 
531 
493 
438 
398 
385 
373 
365 
364 
368 
373 
379 
379 
383 
385 
379 
372 
362 
357 
358 
362 
364 
367 
370 
375 
380 
386 
389 
387 
387 
382 
374 
371 
372 
375 
381 
385 
390 
402 
392 
376 
360 
347 
332 
294 
294 
293 
290 
284 
274 
264 
254 
251 
251 
251 
253 
254 
257 
266 
273 
276 
280 
283 
282 
279 
275 
272 
262 
260 
264 
269 
281 
294 
306 
312 
311 
295 
275 
275 
262 
246 
244 
247 
261 
356 
361 
356 
351 
339 
334 
396 
587 
879 
1231 
1605 
1963 
2295 
2598 
2844 
3046 
3174 
3238 
3219 
3146 
3003 
2799 
2527 
2195 
1827 
1463 
1189 
1016 
894 
802 
725 
660 
606 
564 
533 
498 
452 
434 
426 
422 
355 
348 
336 
331 
323 
352 
479 
763 
1118 
1523 
1948 
2324 
2677 
3008 
3268 
3475 
3594 
3663 
3666 
3611 
3463 
3255 
2964 
2578 
2157 
1717 
1335 
1092 
934 
823 
728 
656 
602 
558 
524 
484 
441 
412 
391 
373 
248 
226 
211 
200 
196 
196 
188 
188 
192 
199 
209 
214 
210 
204 
198 
193 
188 
187 
188 
192 
200 
212 
225 
230 
228 
218 
212 
209 
206 
203 
206 
218 
234 
246 
249 
242 
245 
243 
235 
226 
319 
310 
295 
278 
263 
252 
242 
236 
235 
242 
256 
262 
266 
274 
279 
281 
280 
273 
271 
273 
274 
272 
268 
267 
254 
260 
271 
285 
299 
303 
298 
293 
291 
281 
272 
269 
261 
249 
252 
262 
275 
284 
291 
295 
300 
332 
489 
814 
1227 
1677 
2119 
2559 
2970 
3339 
3643 
3860 
3960 
3985 
3984 
3958 
3844 
3587 
3249 
2859 
2402 
1914 
1482 
1168 
978 
843 
734 
639 
560 
488 
433 
379 
336 
316 
295 
290 
358 
345 
335 
329 
327 
328 
325 
326 
325 
326 
322 
317 
309 
308 
307 
307 
308 
315 
324 
331 
331 
326 
322 
314 
310 
307 
305 
311 
318 
327 
334 
339 
341 
336 
329 
322 
304 
286 
283 
286 
325 
318 
314 
303 
306 
312 
313 
329 
344 
350 
355 
357 
356 
351 
344 
340 
334 
336 
342 
348 
356 
368 
379 
380 
383 
385 
380 
369 
361 
361 
363 
367 
371 
357 
359 
374 
364 
358 
357 
355 
424 
415 
400 
385 
370 
358 
351 
347 
348 
358 
371 
382 
390 
392 
389 
379 
367 
358 
354 
355 
359 
369 
378 
386 
395 
400 
402 
397 
391 
380 
372 
367 
367 
369 
374 
380 
366 
360 
363 
366 
351 
337 
326 
323 
322 
326 
330 
335 
335 
336 
331 
316 
305 
300 
299 
301 
307 
313 
322 
333 
341 
340 
333 
327 
316 
306 
303 
303 
309 
316 
324 
331 
338 
343 
339 
337 
323 
301 
287 
282 
282 
285 
290 
289 
297 
308 
358 
541 
341 
337 
337 
339 
343 
348 
354 
360 
369 
375 
372 
366 
358 
351 
349 
347 
348 
351 
360 
373 
386 
393 
390 
380 
370 
361 
355 
351 
356 
361 
366 
367 
472 
420 
387 
363 
351 
345 
341 
336 
335 
332 
333 
333 
329 
322 
316 
316 
317 
318 
316 
313 
314 
316 
319 
322 
326 
329 
332 
329 
323 
316 
311 
311 
314 
321 
326 
330 
338 
344 
340 
334 
276 
280 
287 
291 
292 
289 
289 
328 
471 
765 
1176 
1639 
2111 
2549 
3012 
3438 
3796 
3985 
4023 
4028 
4024 
4025 
4026 
4011 
3949 
3707 
3387 
3005 
2559 
2100 
1629 
1275 
1040 
870 
740 
638 
559 
491 
433 
383 
298 
307 
309 
307 
299 
286 
279 
275 
274 
281 
294 
306 
314 
318 
323 
321 
316 
307 
304 
309 
317 
323 
326 
328 
329 
331 
334 
335 
333 
333 
332 
328 
321 
319 
319 
323 
331 
344 
358 
370 
310 
307 
308 
307 
309 
300 
295 
287 
309 
428 
707 
1055 
1457 
1886 
2274 
2628 
2950 
3208 
3418 
3550 
3624 
3611 
3544 
3393 
3190 
2903 
2527 
2115 
1681 
1303 
1056 
892 
778 
683 
609 
552 
490 
454 
426 
394 
268 
269 
266 
263 
265 
297 
453 
787 
1214 
1674 
2126 
2571 
2988 
3353 
3646 
3859 
3951 
3974 
3974 
3951 
3822 
3576 
3246 
2862 
2411 
1922 
1486 
1170 
977 
838 
720 
622 
545 
483 
435 
393 
352 
330 
317 
310 
303 
290 
274 
257 
243 
233 
229 
232 
231 
238 
248 
255 
260 
261 
257 
249 
239 
237 
238 
241 
245 
253 
255 
268 
269 
271 
275 
275 
273 
269 
262 
262 
264 
272 
283 
280 
277 
265 
267 
269 
292 
294 
292 
288 
283 
282 
322 
502 
830 
1243 
1703 
2190 
2649 
3048 
3377 
3615 
3771 
3869 
3865 
3761 
3551 
3242 
2846 
2405 
1923 
1473 
1173 
983 
850 
727 
650 
591 
533 
480 
435 
387 
352 
334 
321 
309 
353 
313 
295 
284 
267 
260 
257 
257 
259 
259 
252 
246 
241 
234 
235 
233 
232 
235 
239 
246 
257 
266 
267 
263 
258 
253 
246 
240 
242 
244 
254 
262 
261 
270 
279 
283 
288 
292 
291 
278 
364 
357 
359 
362 
363 
357 
344 
333 
321 
323 
395 
589 
886 
1243 
1611 
1962 
2294 
2591 
2824 
3012 
3126 
3189 
3185 
3133 
3000 
2801 
2535 
2207 
1835 
1463 
1172 
983 
849 
754 
679 
625 
583 
553 
531 
502 
466 
441 
424 
405 
382 
363 
349 
339 
338 
341 
347 
354 
366 
372 
372 
363 
351 
338 
330 
326 
327 
332 
341 
350 
358 
365 
367 
363 
355 
347 
341 
343 
345 
347 
351 
357 
359 
363 
366 
366 
316 
307 
308 
306 
309 
309 
334 
458 
743 
1098 
1498 
1919 
2291 
2631 
2947 
3200 
3416 
3559 
3648 
3642 
3571 
3419 
3215 
2927 
2544 
2115 
1671 
1293 
1055 
895 
786 
700 
636 
588 
547 
506 
458 
407 
371 
347 
243 
258 
259 
264 
278 
326 
477 
765 
1293 
1750 
2187 
2634 
3056 
3420 
3712 
3919 
3971 
3989 
3987 
3966 
3882 
3647 
3321 
2934 
2474 
1979 
1536 
1217 
1028 
888 
771 
672 
596 
538 
491 
450 
423 
407 
386 
362 
336 
313 
299 
287 
283 
290 
296 
304 
308 
304 
296 
287 
280 
273 
273 
278 
280 
281 
284 
289 
292 
298 
298 
299 
298 
295 
290 
283 
279 
277 
277 
286 
296 
314 
328 
324 
311 
287 
269 
256 
287 
287 
299 
306 
304 
299 
289 
281 
282 
283 
274 
281 
289 
298 
311 
317 
319 
321 
313 
306 
309 
306 
307 
311 
314 
322 
329 
331 
335 
333 
335 
341 
336 
326 
325 
329 
314 
299 
285 
284 
283 
283 
285 
291 
295 
304 
370 
555 
841 
1179 
1535 
1892 
2237 
2542 
2781 
2978 
3099 
3169 
3158 
3098 
2951 
2738 
2462 
2132 
1762 
1396 
1123 
954 
842 
763 
692 
627 
570 
526 
491 
453 
410 
389 
379 
377 
263 
260 
266 
270 
274 
278 
285 
286 
293 
304 
303 
296 
288 
281 
276 
278 
288 
288 
295 
303 
311 
320 
324 
320 
311 
304 
297 
300 
300 
303 
309 
318 
329 
340 
346 
348 
343 
338 
330 
323 
493 
453 
430 
415 
406 
399 
396 
391 
383 
367 
355 
347 
342 
336 
338 
336 
343 
358 
376 
384 
383 
376 
363 
349 
343 
342 
344 
351 
358 
375 
387 
392 
393 
387 
377 
366 
359 
356 
359 
367 
298 
290 
277 
265 
252 
235 
221 
201 
188 
181 
181 
189 
205 
212 
213 
215 
216 
212 
203 
187 
176 
173 
179 
187 
199 
204 
202 
212 
218 
221 
219 
205 
198 
197 
200 
203 
209 
213 
217 
222 
371 
370 
361 
350 
341 
335 
335 
340 
389 
581 
922 
1348 
1811 
2284 
2715 
3092 
3417 
3658 
3818 
3920 
3924 
3829 
3634 
3328 
2939 
2491 
1997 
1539 
1225 
1025 
883 
780 
701 
639 
596 
558 
525 
483 
438 
404 
375 
355 
343 
340 
339 
340 
343 
347 
349 
348 
341 
334 
323 
314 
315 
314 
319 
324 
327 
332 
337 
341 
340 
341 
336 
329 
325 
325 
325 
330 
334 
344 
351 
354 
356 
345 
331 
333 
321 
304 
335 
340 
338 
334 
323 
306 
291 
283 
283 
294 
304 
307 
310 
316 
321 
320 
315 
304 
293 
288 
290 
296 
301 
303 
306 
313 
320 
325 
328 
329 
323 
314 
311 
311 
306 
297 
286 
289 
296 
306 
313 
311 
309 
342 
483 
769 
1176 
1636 
2107 
2565 
3018 
3429 
3787 
3980 
4024 
4024 
4024 
4026 
4026 
4008 
3944 
3698 
3383 
3001 
2549 
2083 
1611 
1254 
1015 
846 
717 
620 
545 
482 
423 
371 
337 
315 
294 
280 
268 
263 
261 
266 
272 
283 
295 
294 
307 
313 
313 
307 
295 
287 
285 
286 
290 
295 
303 
312 
317 
323 
323 
322 
316 
312 
319 
321 
315 
312 
311 
309 
312 
320 
330 
317 
307 
302 
296 
287 
373 
353 
338 
332 
334 
343 
351 
360 
360 
372 
382 
386 
390 
392 
386 
388 
386 
379 
372 
369 
374 
379 
381 
385 
392 
396 
398 
401 
397 
393 
388 
383 
383 
366 
349 
351 
357 
362 
371 
374 
223 
226 
238 
292 
453 
751 
1155 
1616 
2072 
2513 
2954 
3357 
3711 
3956 
4016 
4023 
4025 
4025 
4024 
4009 
3943 
3673 
3343 
2948 
2494 
2023 
1557 
1208 
985 
830 
717 
625 
545 
475 
401 
336 
295 
268 
239 
224 
240 
248 
253 
258 
263 
264 
264 
259 
250 
249 
252 
260 
265 
266 
263 
267 
278 
285 
285 
287 
287 
286 
282 
280 
279 
277 
283 
294 
304 
316 
323 
322 
321 
316 
300 
290 
289 
293 
306 
314 
383 
365 
350 
334 
331 
334 
366 
496 
773 
1125 
1515 
1930 
2314 
2674 
2999 
3262 
3464 
3583 
3655 
3654 
3595 
3454 
3251 
2963 
2578 
2160 
1721 
1341 
1105 
947 
837 
741 
669 
612 
567 
533 
498 
460 
435 
412 
575 
533 
490 
437 
383 
338 
304 
277 
261 
257 
259 
260 
261 
261 
258 
254 
249 
247 
246 
243 
235 
229 
224 
220 
221 
229 
241 
258 
266 
268 
266 
258 
247 
241 
237 
239 
248 
260 
267 
271 
231 
232 
232 
227 
225 
227 
223 
220 
221 
226 
238 
244 
248 
254 
260 
263 
259 
251 
245 
244 
246 
250 
259 
268 
277 
286 
291 
290 
282 
271 
267 
270 
274 
273 
275 
283 
295 
309 
313 
311 
388 
362 
340 
324 
317 
315 
313 
314 
313 
315 
333 
416 
615 
903 
1246 
1603 
1937 
2250 
2544 
2781 
2981 
3112 
3191 
3191 
3142 
3014 
2808 
2531 
2188 
1805 
1436 
1155 
979 
861 
771 
704 
652 
614 
587 
556 
477 
433 
410 
398 
387 
384 
379 
373 
363 
352 
336 
328 
323 
321 
325 
333 
342 
347 
351 
349 
340 
335 
326 
320 
319 
321 
329 
335 
341 
348 
353 
352 
345 
335 
327 
323 
327 
335 
341 
342 
349 
346 
332 
327 
320 
311 
303 
301 
302 
305 
309 
357 
539 
873 
1295 
1749 
2224 
2678 
3066 
3382 
3609 
3761 
3856 
3868 
3779 
3581 
3274 
2882 
2434 
1946 
1494 
1181 
981 
840 
732 
645 
575 
524 
486 
460 
252 
234 
218 
219 
224 
232 
246 
257 
271 
316 
463 
749 
1148 
1594 
2050 
2493 
2937 
3354 
3717 
3961 
4019 
4025 
4023 
4025 
4025 
4007 
3939 
3665 
3340 
2942 
2494 
2031 
1558 
1209 
985 
832 
714 
618 
535 
467 
279 
286 
294 
300 
307 
314 
325 
335 
329 
329 
326 
324 
324 
321 
323 
325 
329 
339 
351 
338 
337 
349 
361 
360 
358 
352 
341 
337 
341 
348 
358 
362 
365 
369 
373 
378 
382 
383 
368 
361 
363 
347 
335 
332 
336 
341 
344 
341 
342 
333 
343 
413 
596 
872 
1211 
1563 
1915 
2259 
2569 
2818 
3020 
3142 
3206 
3191 
3134 
2995 
2784 
2504 
2170 
1796 
1432 
1162 
996 
887 
800 
730 
666 
612 
568 
533 
491 
442 
411 
398 
398 
400 
403 
403 
255 
248 
237 
227 
223 
227 
236 
233 
238 
246 
260 
273 
280 
283 
279 
272 
262 
260 
256 
251 
251 
259 
270 
283 
295 
300 
300 
299 
297 
294 
284 
278 
347 
352 
359 
362 
361 
395 
564 
887 
1302 
1762 
2243 
2696 
3091 
3412 
3655 
3818 
3920 
3918 
3810 
3598 
3288 
2894 
2448 
1959 
1515 
1215 
1025 
890 
785 
698 
623 
563 
514 
474 
430 
394 
372 
355 
346 
344 
231 
226 
222 
218 
210 
198 
183 
169 
166 
171 
173 
174 
176 
183 
189 
194 
196 
200 
205 
206 
197 
185 
178 
175 
175 
181 
179 
194 
212 
226 
220 
222 
217 
211 
206 
204 
208 
207 
208 
216 
373 
374 
375 
377 
374 
369 
365 
364 
364 
349 
342 
347 
350 
351 
359 
369 
382 
395 
399 
396 
385 
373 
363 
358 
357 
359 
368 
382 
398 
412 
418 
417 
410 
397 
385 
364 
348 
350 
361 
366 
247 
238 
231 
235 
283 
440 
740 
1155 
1622 
2081 
2520 
2964 
3372 
3724 
3958 
4014 
4024 
4026 
4024 
4027 
4006 
3943 
3689 
3362 
2960 
2494 
2016 
1545 
1193 
961 
803 
688 
599 
530 
473 
411 
355 
306 
268 
244 
297 
295 
281 
285 
292 
313 
397 
596 
889 
1230 
1583 
1928 
2252 
2541 
2768 
2960 
3086 
3156 
3157 
3116 
2990 
2791 
2515 
2184 
1806 
1424 
1135 
950 
820 
745 
690 
635 
593 
564 
536 
500 
465 
440 
414 
390 
342 
340 
331 
320 
306 
291 
282 
276 
275 
277 
285 
292 
298 
308 
313 
311 
302 
290 
279 
273 
273 
276 
284 
292 
304 
321 
327 
323 
315 
302 
290 
281 
277 
276 
274 
295 
303 
296 
295 
291 
310 
303 
297 
287 
275 
260 
245 
239 
240 
241 
244 
248 
255 
262 
268 
270 
264 
258 
250 
243 
236 
236 
241 
250 
262 
273 
283 
286 
284 
275 
266 
255 
247 
251 
259 
259 
259 
251 
255 
257 
339 
336 
325 
309 
293 
281 
272 
271 
272 
277 
287 
299 
304 
305 
297 
289 
282 
276 
271 
272 
275 
279 
285 
293 
291 
297 
304 
306 
301 
295 
290 
285 
280 
277 
283 
301 
301 
291 
287 
281 
323 
319 
311 
309 
338 
493 
825 
1253 
1707 
2159 
2607 
3022 
3385 
3673 
3881 
3962 
3985 
3982 
3957 
3851 
3606 
3279 
2900 
2448 
1957 
1514 
1189 
984 
838 
725 
639 
567 
511 
470 
427 
388 
359 
335 
313 
295 
228 
228 
237 
287 
445 
744 
1161 
1626 
2076 
2511 
2947 
3354 
3707 
3955 
4011 
4024 
4026 
4025 
4027 
4006 
3944 
3694 
3370 
2973 
2509 
2031 
1553 
1196 
957 
798 
679 
588 
515 
461 
405 
355 
322 
295 
268 
237 
296 
293 
293 
300 
311 
322 
330 
337 
336 
335 
335 
331 
321 
313 
306 
310 
322 
320 
331 
341 
357 
367 
363 
356 
350 
346 
342 
342 
344 
348 
355 
366 
374 
370 
377 
358 
341 
327 
320 
315 
324 
329 
330 
333 
339 
378 
552 
878 
316 
325 
336 
343 
348 
348 
342 
331 
323 
315 
315 
313 
314 
324 
335 
345 
351 
351 
348 
340 
331 
324 
320 
319 
326 
335 
337 
341 
343 
344 
332 
320 
328 
323 
320 
326 
332 
373 
545 
885 
1320 
1772 
2211 
2646 
3048 
3404 
3690 
3899 
3968 
3990 
3994 
3974 
3896 
3662 
3338 
2952 
2487 
1981 
1532 
1202 
1005 
868 
770 
693 
632 
581 
539 
489 
441 
399 
369 
350 
296 
303 
294 
285 
273 
274 
339 
531 
819 
1167 
1534 
1888 
2229 
2525 
2761 
2952 
3067 
3128 
3121 
3063 
2918 
2713 
2447 
2130 
1767 
1406 
1129 
954 
830 
736 
655 
591 
542 
505 
482 
449 
410 
394 
379 
374 
368 
362 
351 
334 
323 
317 
308 
304 
295 
304 
324 
329 
336 
339 
346 
354 
343 
335 
327 
325 
329 
332 
335 
340 
349 
360 
369 
373 
372 
367 
360 
357 
353 
343 
339 
343 
337 
335 
331 
335 
403 
394 
378 
354 
341 
335 
334 
338 
343 
342 
349 
358 
364 
367 
363 
358 
347 
337 
329 
337 
343 
352 
357 
362 
368 
374 
379 
384 
389 
387 
381 
374 
368 
366 
367 
371 
368 
360 
363 
370 
238 
234 
227 
226 
224 
221 
218 
217 
219 
227 
234 
233 
243 
258 
265 
262 
253 
241 
235 
231 
230 
229 
237 
250 
262 
270 
274 
271 
264 
256 
249 
249 
248 
256 
264 
269 
276 
283 
284 
281 
326 
321 
317 
319 
313 
316 
320 
350 
480 
758 
1104 
1501 
1916 
2287 
2631 
2956 
3213 
3423 
3551 
3634 
3640 
3580 
3428 
3223 
2936 
2563 
2146 
1701 
1324 
1089 
933 
827 
740 
676 
618 
578 
545 
507 
463 
435 
342 
340 
346 
354 
354 
347 
341 
333 
325 
316 
310 
308 
313 
322 
329 
339 
345 
349 
349 
343 
331 
321 
318 
323 
331 
338 
345 
344 
355 
367 
367 
359 
352 
346 
346 
344 
350 
340 
324 
325 
301 
284 
271 
259 
261 
329 
520 
808 
1161 
1535 
1899 
2236 
2531 
2758 
2944 
3052 
3110 
3096 
3045 
2910 
2709 
2445 
2116 
1759 
1403 
1118 
941 
815 
722 
649 
591 
538 
498 
469 
439 
406 
382 
370 
363 
358 
291 
301 
311 
323 
370 
520 
803 
1201 
1650 
2104 
2552 
3000 
3414 
3774 
3978 
4023 
4025 
4023 
4025 
4027 
4008 
3942 
3686 
3369 
2987 
2539 
2078 
1616 
1269 
1038 
872 
741 
636 
555 
489 
425 
372 
339 
319 
303 
270 
275 
275 
273 
274 
277 
280 
286 
292 
303 
308 
308 
298 
290 
284 
282 
283 
287 
295 
305 
320 
331 
322 
323 
319 
313 
307 
304 
302 
297 
302 
311 
319 
323 
320 
330 
317 
303 
287 
276 
359 
365 
366 
362 
353 
388 
568 
901 
1320 
1778 
2260 
2716 
3118 
3448 
3688 
3842 
3927 
3928 
3828 
3616 
3302 
2902 
2450 
1966 
1531 
1241 
1060 
930 
823 
731 
651 
585 
532 
493 
451 
403 
395 
394 
397 
398 
394 
383 
367 
349 
334 
324 
322 
325 
549 
883 
1297 
1749 
2219 
2657 
3040 
3354 
3592 
3753 
3857 
3873 
3783 
3587 
3284 
2884 
2427 
1927 
1471 
1162 
958 
818 
721 
646 
587 
543 
504 
467 
423 
380 
351 
326 
296 
295 
294 
293 
295 
296 
333 
498 
835 
1260 
1711 
2158 
2600 
3008 
3360 
3642 
3849 
3953 
3981 
3983 
3962 
3857 
3610 
3275 
2890 
2428 
1929 
1486 
1164 
965 
827 
721 
641 
582 
529 
482 
431 
377 
336 
304 
296 
295 
299 
300 
309 
327 
338 
346 
348 
338 
335 
329 
324 
323 
329 
336 
342 
348 
352 
361 
359 
359 
362 
358 
354 
355 
357 
354 
357 
362 
361 
366 
374 
374 
376 
380 
388 
368 
346 
335 
331 
324 
314 
303 
300 
301 
303 
347 
530 
861 
1288 
1756 
2240 
2680 
3057 
3371 
3608 
3766 
3868 
3874 
3778 
3572 
3266 
2875 
2433 
1945 
1491 
1179 
977 
837 
731 
652 
581 
528 
489 
460 
422 
388 
359 
334 
341 
335 
333 
323 
319 
311 
320 
394 
590 
889 
1243 
1607 
1956 
2278 
2556 
2778 
2967 
3090 
3167 
3168 
3111 
2986 
2787 
2521 
2194 
1817 
1442 
1159 
976 
853 
772 
708 
659 
618 
589 
564 
534 
487 
455 
426 
380 
382 
382 
383 
379 
371 
356 
342 
329 
322 
319 
309 
316 
323 
338 
353 
364 
365 
357 
345 
333 
324 
320 
318 
324 
335 
345 
353 
360 
363 
362 
354 
347 
340 
332 
330 
339 
334 
326 
326 
290 
310 
356 
528 
864 
1285 
1717 
2141 
2582 
2992 
3350 
3642 
3855 
3956 
3984 
3990 
3970 
3882 
3624 
3272 
2875 
2413 
1917 
1483 
1173 
984 
847 
742 
656 
584 
525 
477 
425 
373 
339 
315 
297 
284 
276 
271 
300 
299 
301 
306 
316 
331 
375 
539 
866 
1274 
1703 
2130 
2580 
3007 
3377 
3679 
3885 
3962 
3991 
3995 
3974 
3881 
3610 
3260 
2869 
2413 
1924 
1496 
1189 
1005 
874 
764 
674 
596 
526 
467 
411 
366 
339 
322 
276 
259 
238 
228 
219 
208 
191 
179 
174 
174 
176 
182 
191 
201 
206 
207 
205 
199 
188 
180 
174 
174 
184 
197 
206 
213 
220 
225 
229 
224 
215 
205 
200 
201 
205 
211 
209 
216 
224 
235 
243 
247 
246 
242 
234 
228 
230 
230 
231 
241 
249 
260 
260 
262 
267 
267 
267 
263 
254 
253 
254 
254 
262 
269 
277 
283 
293 
299 
297 
291 
280 
272 
270 
276 
282 
287 
296 
307 
317 
324 
416 
400 
386 
375 
367 
365 
365 
367 
365 
357 
367 
377 
387 
390 
386 
377 
368 
364 
363 
364 
369 
378 
387 
400 
406 
404 
401 
397 
390 
384 
380 
380 
386 
391 
395 
403 
415 
406 
391 
379 
351 
338 
329 
328 
334 
339 
338 
332 
327 
320 
311 
374 
560 
849 
1199 
1568 
1916 
2249 
2550 
2791 
2990 
3116 
3178 
3156 
3094 
2957 
2751 
2486 
2160 
1793 
1429 
1158 
990 
871 
782 
709 
644 
592 
552 
521 
493 
443 
416 
401 
396 
391 
387 
384 
311 
311 
314 
324 
325 
329 
334 
333 
329 
321 
309 
305 
307 
314 
322 
328 
330 
335 
341 
346 
347 
341 
331 
328 
328 
334 
339 
342 
345 
353 
363 
364 
359 
358 
350 
348 
342 
333 
322 
321 
323 
318 
323 
372 
561 
903 
1331 
1783 
2269 
2715 
3093 
3404 
3642 
3802 
3904 
3909 
3815 
3610 
3309 
2919 
2475 
1988 
1539 
1229 
1030 
887 
784 
695 
628 
581 
545 
504 
326 
325 
323 
317 
314 
309 
303 
304 
338 
508 
850 
1283 
1740 
2187 
2632 
3044 
3401 
3688 
3892 
3966 
3986 
3986 
3963 
3873 
3635 
3295 
2918 
2470 
1983 
1546 
1225 
1022 
874 
760 
669 
603 
545 
510 
472 
430 
367 
331 
310 
297 
287 
278 
272 
266 
264 
262 
263 
263 
259 
248 
239 
235 
233 
230 
233 
240 
250 
256 
265 
269 
263 
251 
242 
236 
236 
239 
241 
247 
260 
269 
278 
278 
272 
261 
255 
251 
384 
348 
318 
292 
277 
266 
262 
258 
258 
259 
262 
261 
259 
253 
249 
244 
239 
235 
235 
238 
243 
248 
254 
255 
262 
265 
255 
247 
242 
238 
240 
241 
248 
254 
263 
274 
277 
276 
270 
258 
320 
317 
313 
304 
299 
293 
296 
285 
308 
433 
710 
1059 
1456 
1873 
2254 
2600 
2938 
3207 
3411 
3530 
3602 
3595 
3539 
3380 
3167 
2881 
2508 
2102 
1675 
1309 
1079 
926 
811 
714 
634 
576 
527 
490 
452 
412 
283 
285 
281 
274 
266 
263 
261 
260 
262 
268 
275 
281 
287 
293 
293 
291 
282 
275 
272 
274 
274 
278 
284 
292 
302 
307 
307 
301 
293 
285 
279 
276 
279 
283 
292 
294 
306 
312 
315 
313 
308 
301 
294 
290 
291 
291 
300 
308 
321 
330 
329 
327 
321 
309 
300 
295 
293 
298 
311 
321 
327 
335 
338 
335 
328 
319 
311 
306 
311 
319 
323 
328 
331 
335 
340 
322 
306 
293 
283 
277 
339 
326 
319 
311 
307 
304 
306 
314 
323 
328 
334 
335 
330 
324 
317 
309 
305 
307 
311 
322 
333 
341 
346 
349 
346 
339 
331 
321 
325 
336 
346 
348 
350 
352 
362 
352 
336 
331 
326 
325 
330 
330 
327 
323 
314 
308 
304 
303 
302 
295 
294 
297 
300 
305 
310 
320 
323 
319 
312 
307 
302 
299 
298 
306 
316 
313 
320 
329 
332 
338 
340 
332 
325 
321 
317 
324 
316 
297 
292 
293 
294 
303 
306 
314 
312 
335 
449 
715 
1051 
1426 
1847 
2231 
2591 
2933 
3201 
3415 
3550 
3629 
3621 
3547 
3382 
3165 
2875 
2497 
2090 
1657 
1294 
1075 
923 
829 
735 
660 
597 
540 
493 
446 
389 
365 
351 
347 
352 
345 
341 
339 
335 
332 
321 
311 
301 
300 
304 
307 
309 
312 
321 
329 
332 
335 
335 
333 
331 
328 
323 
320 
322 
327 
331 
341 
348 
350 
355 
358 
356 
347 
338 
335 
328 
323 
308 
311 
297 
294 
286 
272 
260 
255 
254 
258 
284 
307 
462 
792 
1214 
1666 
2110 
2558 
2976 
3342 
3643 
3864 
3956 
3979 
3978 
3951 
3828 
3579 
3245 
2860 
2408 
1916 
1483 
1167 
978 
835 
723 
637 
561 
497 
442 
391 
354 
338 
327 
317 
311 
309 
308 
304 
294 
282 
271 
263 
260 
264 
267 
273 
279 
285 
296 
302 
301 
297 
291 
284 
279 
274 
273 
275 
283 
292 
305 
311 
319 
318 
321 
318 
309 
293 
279 
282 
292 
283 
286 
291 
302 
308 
307 
296 
287 
280 
315 
492 
824 
1247 
1710 
2199 
2655 
3042 
3362 
3606 
3770 
3867 
3865 
3743 
3531 
3224 
2829 
2380 
1900 
1467 
1175 
981 
851 
750 
665 
590 
528 
477 
435 
392 
439 
371 
326 
294 
269 
258 
244 
247 
252 
247 
239 
232 
233 
231 
221 
217 
220 
221 
219 
217 
217 
218 
224 
233 
245 
256 
260 
255 
244 
238 
237 
231 
226 
227 
231 
248 
268 
274 
277 
276 
483 
442 
425 
413 
408 
402 
396 
388 
377 
363 
355 
351 
351 
354 
357 
361 
363 
367 
370 
369 
364 
359 
355 
353 
350 
347 
351 
354 
356 
360 
369 
372 
375 
374 
369 
360 
355 
353 
349 
351 
257 
259 
267 
279 
284 
284 
287 
288 
290 
287 
285 
281 
279 
280 
286 
295 
304 
314 
325 
327 
322 
315 
300 
294 
288 
286 
292 
305 
322 
336 
349 
350 
342 
342 
338 
330 
321 
318 
322 
328 
358 
334 
316 
306 
303 
299 
298 
298 
295 
291 
287 
279 
272 
266 
256 
260 
272 
276 
281 
287 
291 
298 
300 
292 
285 
280 
274 
275 
281 
280 
285 
294 
308 
321 
323 
321 
315 
300 
287 
289 
300 
301 
301 
297 
291 
325 
499 
828 
1244 
1703 
2187 
2641 
3041 
3374 
3617 
3775 
3860 
3857 
3752 
3542 
3234 
2839 
2394 
1911 
1474 
1179 
985 
850 
749 
665 
590 
524 
474 
436 
395 
344 
320 
310 
297 
297 
351 
359 
358 
361 
423 
604 
885 
1224 
1578 
1929 
2266 
2562 
2803 
3000 
3124 
3191 
3172 
3103 
2967 
2765 
2494 
2167 
1803 
1443 
1171 
998 
878 
788 
715 
651 
601 
560 
522 
487 
448 
433 
423 
416 
410 
405 
343 
342 
342 
340 
337 
343 
349 
362 
434 
621 
906 
1242 
1595 
1940 
2258 
2536 
2768 
2967 
3102 
3187 
3191 
3138 
2998 
2788 
2508 
2173 
1799 
1429 
1152 
978 
864 
785 
722 
668 
619 
576 
539 
495 
451 
425 
407 
395 
387 
386 
387 
388 
386 
379 
371 
362 
356 
352 
345 
348 
352 
358 
366 
370 
375 
377 
373 
366 
358 
352 
351 
350 
354 
360 
368 
378 
384 
384 
380 
374 
366 
359 
355 
355 
343 
335 
321 
313 
308 
308 
311 
314 
318 
320 
316 
307 
296 
289 
283 
282 
283 
290 
298 
311 
322 
327 
320 
312 
303 
298 
293 
293 
295 
302 
311 
319 
327 
331 
330 
327 
319 
300 
282 
272 
271 
271 
280 
285 
293 
300 
304 
346 
524 
848 
3110 
3179 
3164 
3094 
2957 
2754 
2487 
2164 
1799 
1438 
1164 
991 
871 
776 
696 
632 
580 
545 
516 
485 
448 
427 
412 
404 
394 
380 
366 
355 
349 
347 
346 
344 
306 
308 
311 
315 
309 
310 
313 
320 
326 
330 
331 
332 
329 
319 
308 
301 
301 
304 
312 
324 
338 
347 
346 
339 
329 
320 
314 
303 
296 
310 
315 
311 
312 
315 
317 
313 
303 
294 
288 
322 
535 
861 
1278 
1715 
2154 
2610 
3039 
3402 
3699 
3909 
3972 
3995 
3995 
3970 
3872 
3627 
3295 
2913 
2461 
1971 
1538 
1226 
1033 
898 
787 
694 
617 
555 
506 
459 
419 
394 
378 
366 
357 
352 
343 
329 
313 
302 
295 
293 
293 
298 
305 
310 
320 
328 
330 
324 
314 
306 
299 
297 
295 
302 
310 
320 
328 
336 
340 
341 
337 
332 
322 
316 
312 
317 
330 
331 
330 
324 
326 
324 
320 
309 
299 
300 
342 
492 
466 
729 
1064 
1449 
1865 
2243 
2598 
2934 
3195 
3410 
3551 
3624 
3622 
3555 
3392 
3173 
2878 
2501 
2092 
1664 
1299 
1065 
918 
819 
725 
660 
605 
562 
523 
472 
419 
388 
369 
359 
350 
343 
341 
343 
346 
347 
290 
283 
277 
274 
273 
270 
264 
258 
250 
241 
239 
239 
241 
244 
246 
249 
254 
260 
261 
263 
258 
250 
246 
240 
239 
240 
241 
250 
261 
274 
282 
286 
285 
283 
279 
269 
251 
235 
230 
231 
232 
235 
242 
247 
251 
256 
260 
258 
256 
253 
247 
243 
240 
243 
253 
265 
272 
281 
288 
292 
286 
278 
270 
267 
268 
271 
276 
285 
294 
305 
314 
317 
309 
297 
286 
284 
291 
289 
293 
299 
309 
323 
322 
324 
326 
327 
326 
321 
315 
317 
324 
328 
334 
338 
342 
346 
350 
354 
356 
349 
343 
339 
339 
344 
347 
347 
352 
361 
373 
386 
382 
382 
380 
370 
360 
358 
331 
315 
314 
320 
319 
309 
303 
295 
277 
258 
244 
234 
230 
228 
230 
235 
244 
254 
261 
258 
249 
239 
227 
222 
221 
224 
229 
246 
256 
262 
266 
265 
259 
249 
238 
232 
231 
236 
247 
258 
267 
272 
273 
272 
277 
275 
274 
272 
273 
272 
283 
356 
545 
828 
1166 
1522 
1863 
2181 
2475 
2714 
2917 
3045 
3123 
3115 
3061 
2923 
2717 
2440 
2106 
1735 
1368 
1087 
915 
802 
722 
660 
607 
557 
516 
479 
438 
389 
359 
342 
328 
330 
334 
342 
351 
359 
366 
370 
367 
363 
359 
357 
357 
356 
360 
365 
373 
384 
389 
385 
377 
367 
362 
358 
361 
366 
380 
394 
401 
406 
405 
401 
395 
387 
377 
370 
373 
360 
354 
355 
331 
334 
343 
341 
344 
336 
351 
463 
729 
1069 
1459 
1886 
2272 
2633 
2957 
3213 
3420 
3547 
3625 
3616 
3545 
3386 
3173 
2888 
2515 
2107 
1685 
1318 
1087 
928 
811 
715 
638 
577 
531 
493 
452 
411 
390 
376 
432 
415 
402 
390 
383 
377 
374 
375 
346 
342 
345 
345 
338 
330 
318 
313 
314 
316 
313 
308 
311 
315 
320 
326 
330 
329 
328 
325 
321 
318 
316 
317 
318 
322 
330 
338 
345 
345 
341 
334 
257 
249 
241 
236 
240 
245 
248 
253 
259 
262 
271 
273 
274 
275 
273 
270 
271 
273 
272 
272 
273 
281 
293 
295 
295 
297 
302 
303 
300 
295 
287 
287 
292 
299 
307 
318 
330 
338 
342 
336 
299 
299 
297 
300 
308 
315 
323 
325 
326 
330 
332 
321 
302 
281 
273 
274 
279 
287 
294 
306 
353 
499 
784 
1185 
1636 
2087 
2532 
2977 
3390 
3747 
3970 
4023 
4024 
4024 
4025 
4025 
4004 
3933 
3673 
3355 
267 
268 
267 
261 
257 
256 
255 
261 
266 
268 
271 
274 
259 
270 
279 
286 
287 
289 
288 
287 
276 
273 
272 
273 
278 
286 
296 
309 
320 
318 
306 
296 
289 
285 
280 
287 
298 
303 
317 
327 
332 
341 
354 
366 
376 
380 
378 
372 
363 
353 
347 
345 
348 
356 
362 
370 
368 
360 
357 
353 
343 
333 
321 
321 
326 
332 
377 
562 
898 
1320 
1767 
2246 
2698 
3095 
3408 
3631 
3770 
3870 
3885 
3800 
3602 
3292 
2901 
2454 
1964 
1513 
1202 
1000 
862 
759 
676 
611 
560 
511 
476 
440 
403 
374 
352 
337 
323 
313 
306 
301 
302 
302 
304 
304 
304 
303 
298 
289 
281 
277 
278 
282 
286 
292 
300 
308 
3106 
3031 
2891 
2688 
2424 
2104 
1742 
1387 
1112 
938 
820 
733 
655 
589 
532 
491 
461 
428 
391 
372 
361 
355 
348 
343 
335 
322 
310 
299 
297 
298 
296 
297 
299 
302 
307 
312 
314 
319 
322 
321 
2891 
2442 
1952 
1507 
1204 
1015 
884 
789 
704 
631 
571 
516 
474 
427 
388 
364 
350 
342 
345 
346 
340 
329 
316 
303 
291 
283 
279 
284 
293 
304 
308 
313 
317 
313 
309 
301 
290 
279 
276 
278 
2523 
2199 
1827 
1458 
1172 
988 
860 
767 
696 
643 
605 
578 
549 
523 
489 
468 
446 
422 
399 
377 
370 
366 
365 
365 
370 
376 
382 
388 
388 
384 
381 
374 
366 
353 
354 
358 
362 
367 
376 
385 
4010 
3949 
3703 
3381 
2996 
2550 
2090 
1626 
1284 
1061 
901 
776 
670 
583 
515 
452 
401 
368 
346 
334 
328 
322 
311 
292 
277 
262 
250 
240 
234 
235 
242 
253 
262 
267 
269 
266 
261 
250 
245 
243 
4014 
4023 
4025 
4025 
4025 
3999 
3927 
3659 
3335 
2946 
2499 
2030 
1567 
1218 
988 
835 
719 
623 
541 
472 
409 
352 
311 
283 
264 
258 
258 
255 
246 
231 
215 
200 
191 
187 
188 
195 
201 
211 
220 
223 
3631 
3838 
3949 
3976 
3975 
3952 
3835 
3591 
3264 
2881 
2422 
1926 
1485 
1161 
963 
824 
718 
629 
559 
503 
460 
415 
371 
337 
310 
289 
270 
257 
247 
243 
243 
245 
249 
256 
262 
262 
256 
245 
231 
226 
223 
223 
226 
234 
244 
251 
263 
271 
298 
306 
313 
310 
302 
295 
292 
291 
292 
293 
301 
313 
324 
332 
335 
330 
316 
310 
308 
307 
310 
314 
320 
329 
338 
351 
362 
360 
348 
325 
310 
298 
339 
334 
329 
323 
315 
302 
291 
281 
270 
266 
272 
278 
285 
293 
300 
308 
311 
307 
298 
288 
281 
278 
280 
282 
287 
296 
307 
320 
324 
323 
319 
313 
305 
289 
293 
296 
296 
292 
285 
285 
289 
298 
302 
304 
305 
302 
301 
344 
524 
841 
1255 
1710 
2183 
2639 
3042 
3372 
3614 
3772 
3872 
3877 
3770 
3561 
3250 
2850 
2405 
1916 
1473 
1174 
986 
857 
765 
687 
610 
545 
491 
448 
405 
367 
349 
346 
341 
326 
310 
290 
275 
260 
249 
243 
244 
245 
252 
262 
271 
275 
272 
264 
254 
244 
238 
236 
239 
241 
249 
259 
268 
276 
278 
274 
266 
257 
252 
252 
253 
252 
257 
267 
274 
282 
287 
286 
281 
277 
273 
268 
266 
267 
270 
277 
286 
295 
302 
301 
294 
286 
278 
272 
270 
276 
281 
290 
300 
311 
316 
314 
307 
294 
285 
279 
276 
281 
290 
296 
308 
317 
319 
319 
317 
314 
308 
302 
332 
324 
320 
317 
319 
320 
321 
319 
314 
311 
303 
295 
290 
288 
291 
294 
300 
308 
317 
326 
330 
322 
314 
305 
300 
297 
299 
307 
320 
331 
341 
347 
346 
343 
333 
323 
320 
300 
282 
276 
293 
288 
293 
289 
310 
430 
708 
1054 
1449 
1869 
2252 
2601 
2919 
3165 
3372 
3502 
3580 
3577 
3513 
3359 
3155 
2871 
2498 
2086 
1652 
1276 
1038 
882 
776 
688 
621 
567 
525 
489 
447 
403 
375 
354 
336 
322 
318 
310 
305 
305 
303 
297 
296 
303 
312 
319 
319 
312 
306 
298 
293 
292 
294 
302 
307 
314 
322 
328 
334 
333 
332 
328 
322 
314 
309 
305 
307 
311 
322 
334 
348 
337 
319 
307 
299 
290 
291 
295 
298 
305 
346 
515 
855 
1284 
1733 
2171 
2617 
3025 
3377 
3665 
3874 
3959 
3983 
3987 
3965 
3869 
3631 
3303 
2922 
2464 
1967 
1519 
1193 
996 
861 
758 
680 
617 
565 
523 
475 
430 
393 
360 
331 
318 
274 
291 
307 
310 
299 
288 
274 
264 
260 
262 
267 
284 
301 
313 
317 
315 
301 
289 
280 
276 
281 
291 
296 
300 
307 
307 
307 
311 
309 
310 
311 
309 
301 
297 
296 
294 
298 
290 
301 
317 
311 
304 
294 
281 
270 
258 
248 
242 
239 
239 
245 
251 
261 
268 
274 
274 
266 
258 
249 
244 
240 
241 
247 
257 
270 
285 
294 
293 
286 
276 
263 
254 
252 
253 
258 
269 
278 
287 
289 
291 
288 
283 
275 
271 
271 
278 
281 
284 
289 
292 
293 
297 
297 
296 
297 
294 
290 
288 
288 
290 
295 
299 
301 
302 
308 
309 
307 
302 
296 
295 
297 
302 
305 
308 
317 
323 
327 
326 
321 
311 
285 
280 
282 
283 
283 
286 
293 
301 
380 
370 
360 
360 
359 
356 
350 
340 
331 
316 
308 
309 
313 
322 
327 
332 
328 
331 
335 
337 
339 
343 
345 
342 
333 
332 
331 
333 
338 
328 
344 
366 
322 
315 
312 
315 
324 
334 
332 
326 
312 
311 
306 
304 
299 
293 
295 
337 
491 
786 
1200 
1658 
2118 
2560 
3000 
3403 
3757 
3968 
4020 
4025 
4026 
4026 
4026 
4009 
3947 
3710 
3389 
2993 
2535 
2060 
1585 
1233 
328 
331 
333 
337 
338 
330 
328 
302 
282 
277 
279 
279 
285 
291 
299 
296 
295 
354 
534 
818 
1158 
1514 
1866 
2201 
2501 
2738 
2931 
3051 
3113 
3102 
3046 
2911 
2713 
2439 
2108 
1736 
1375 
1109 
942 
824 
740 
669 
601 
552 
516 
476 
438 
395 
376 
368 
366 
364 
358 
353 
349 
340 
327 
318 
311 
307 
313 
314 
313 
321 
330 
340 
341 
342 
345 
344 
343 
339 
330 
324 
322 
326 
335 
344 
353 
363 
314 
315 
326 
335 
344 
349 
338 
333 
328 
322 
322 
327 
323 
318 
320 
323 
324 
322 
321 
322 
321 
323 
362 
540 
870 
1290 
1744 
2219 
2671 
3075 
3408 
3651 
3803 
3888 
3882 
3786 
3581 
3279 
2878 
2434 
533 
488 
438 
392 
368 
356 
346 
338 
330 
317 
320 
318 
317 
309 
301 
296 
299 
299 
299 
298 
292 
299 
307 
310 
312 
312 
319 
324 
322 
318 
313 
311 
312 
310 
312 
319 
328 
341 
352 
351 
324 
316 
316 
293 
276 
277 
280 
288 
291 
283 
283 
283 
287 
351 
531 
813 
1159 
1522 
1870 
2191 
2479 
2712 
2907 
3039 
3123 
3122 
3061 
2917 
2703 
2427 
2101 
1735 
1370 
1092 
921 
807 
728 
668 
612 
564 
899 
795 
714 
652 
594 
543 
496 
444 
396 
368 
342 
328 
323 
326 
328 
330 
327 
322 
308 
298 
298 
291 
288 
293 
298 
304 
309 
309 
314 
311 
314 
323 
324 
320 
314 
305 
302 
306 
301 
308 
1034 
907 
801 
713 
639 
574 
519 
465 
421 
394 
377 
354 
344 
341 
335 
332 
327 
317 
308 
307 
305 
303 
303 
302 
307 
311 
316 
320 
323 
323 
320 
314 
307 
303 
301 
304 
309 
316 
324 
332 
330 
336 
334 
330 
323 
319 
324 
325 
319 
307 
306 
309 
312 
313 
310 
311 
349 
496 
787 
1195 
1655 
2117 
2553 
2996 
3412 
3772 
3975 
4022 
4024 
4025 
4026 
4026 
4009 
3948 
3697 
3372 
2982 
2541 
2082 
1621 
313 
322 
331 
327 
335 
336 
338 
328 
307 
300 
297 
297 
301 
301 
301 
308 
319 
370 
554 
883 
1296 
1742 
2208 
2645 
3040 
3372 
3617 
3782 
3880 
3890 
3792 
3593 
3283 
2885 
2432 
1938 
1485 
1177 
983 
858 
764 
691 
632 
578 
537 
495 
446 
401 
367 
343 
330 
317 
318 
318 
321 
324 
322 
326 
324 
323 
320 
315 
308 
302 
301 
286 
298 
305 
315 
325 
330 
338 
345 
342 
338 
335 
329 
323 
322 
327 
1025 
857 
733 
643 
570 
513 
461 
414 
283 
280 
275 
268 
259 
248 
238 
231 
230 
235 
244 
253 
257 
259 
258 
256 
253 
247 
250 
255 
260 
258 
255 
256 
256 
260 
263 
267 
272 
274 
273 
266 
309 
306 
310 
306 
296 
298 
305 
309 
306 
297 
287 
288 
290 
334 
515 
848 
1266 
1733 
2223 
2675 
3055 
3371 
3608 
3766 
3863 
3866 
3762 
3562 
3256 
2864 
2419 
1936 
1492 
1193 
999 
856 
740 
650 
579 
528 
489 
456 
419 
385 
363 
343 
333 
323 
314 
301 
290 
281 
278 
279 
280 
281 
283 
291 
302 
300 
299 
297 
295 
290 
288 
288 
291 
293 
299 
302 
305 
309 
309 
310 
313 
317 
315 
311 
307 
308 
312 
322 
318 
312 
304 
305 
307 
303 
298 
291 
295 
339 
494 
771 
1186 
1653 
2122 
2574 
3019 
3420 
3767 
3974 
4024 
4023 
4026 
4025 
4026 
4008 
3949 
3719 
3399 
3006 
2552 
2082 
1608 
1257 
1031 
872 
752 
660 
586 
527 
467 
416 
381 
352 
326 
303 
283 
268 
260 
256 
251 
253 
256 
262 
265 
260 
254 
247 
238 
234 
233 
235 
242 
249 
257 
263 
267 
269 
270 
263 
255 
250 
248 
249 
254 
259 
266 
272 
504 
477 
444 
405 
386 
372 
362 
351 
340 
328 
320 
312 
307 
306 
305 
305 
310 
315 
320 
322 
319 
313 
310 
308 
308 
308 
310 
313 
320 
328 
331 
333 
331 
327 
322 
321 
319 
321 
326 
333 
299 
297 
299 
310 
313 
310 
307 
296 
296 
299 
300 
297 
291 
291 
332 
485 
784 
1197 
1653 
2109 
2551 
2999 
3414 
3774 
3974 
4022 
4025 
4024 
4025 
4025 
4010 
3950 
3712 
3389 
2994 
2543 
2081 
1612 
1260 
1030 
879 
754 
663 
589 
526 
462 
401 
355 
323 
298 
288 
285 
279 
272 
268 
266 
261 
256 
250 
244 
237 
237 
236 
241 
245 
249 
254 
257 
259 
262 
263 
260 
253 
249 
246 
247 
250 
254 
260 
270 
281 
287 
285 
280 
273 
268 
266 
265 
270 
277 
286 
294 
298 
302 
302 
301 
297 
290 
284 
286 
286 
290 
294 
299 
304 
311 
316 
318 
317 
314 
311 
308 
305 
305 
307 
310 
312 
316 
325 
331 
297 
303 
312 
308 
303 
314 
308 
295 
290 
284 
280 
275 
276 
284 
296 
325 
489 
821 
1246 
1702 
2155 
2608 
3023 
3374 
3654 
3855 
3955 
3984 
3989 
3968 
3876 
3621 
3283 
2899 
2441 
1945 
1505 
1183 
984 
839 
732 
651 
581 
523 
479 
439 
408 
366 
347 
332 
316 
303 
288 
275 
268 
268 
274 
279 
287 
291 
293 
291 
287 
281 
271 
262 
261 
271 
280 
286 
287 
292 
300 
300 
299 
294 
292 
291 
296 
295 
675 
610 
559 
519 
488 
456 
416 
396 
387 
379 
370 
359 
347 
336 
325 
317 
313 
311 
314 
320 
323 
329 
331 
332 
331 
329 
323 
316 
316 
317 
320 
326 
326 
335 
340 
343 
343 
339 
333 
327 
325 
331 