-15376 
0 
262180 
32761 
-221139120 
14 
0 
0 
-2145979060 
1 
-221249536 
32761 
-217987728 
32761 
-221160800 
32761 
-14704 
0 
1479354411 
18332 
-220316912 
32761 
0 
0 
-15248 
0 
0 
0 
0 
0 
-13424 
0 
-2143963392 
1 
-15376 
0 
-15680 
0 
262180 
0 
-15120 
0 
257 
32 
68 
5 
99180 
8 
0 
2 
5505102 
4259872 
5505109 
5177416 
4784210 
5832788 
0 
0 
0 
0 
0 
0 
0 
0 
0 
0 
-15592 
0 
568 
384 
0 
0 
1 
0 
0 
0 
0 
0 
0 
0 
0 
0 
0 
0 
7661840 
0 
0 
0 
0 
0 
0 
0 
0 
0 
0 
0 
-15248 
0 
-218005248 
32761 
0 
0 
0 
0 
0 
0 
0 
0 
-13816 
0 
0 
0 
1 
0 
0 
0 
2703360 
0 
0 
0 
0 
0 
758197587 
875965749 
3552045 
842151223 
3748149 
859321645 
825046070 
875968568 
909521453 
842151729 
758329394 
926496049 
959526965 
908931888 
943141173 
909193778 
825766445 
925972789 
758330932 
909324856 
959788085 
808594739 
859189817 
926233907 
943206701 
859189557 
3748920 
0 
0 
0 
0 
0 
-15344 
0 
7665864 
0 
7665840 
0 
7665908 
0 
0 
0 
60 
0 
0 
0 
1 
0 
0 
0 
0 
0 
0 
0 
0 
0 
0 
0 
0 
0 
0 
0 
-218338320 
32761 
7077955 
7667823 
2097252 
6488129 
7274595 
7209077 
2097268 
7667777 
6815860 
7209061 
6881396 
6357091 
6881396 
7209071 
0 
0 
448 
2 
0 
0 
0 
0 
0 
0 
0 
0 
0 
0 
0 
0 
0 
0 
-13248 
0 
-2147071248 
1 
0 
0 
-27048 
0 
0 
0 
0 
0 
-13816 
0 
0 
0 
0 
0 
0 
0 
0 
0 
0 
0 
-14704 
0 
0 
0 
0 
0 
0 
0 
0 
0 
0 
0 
7669920 
0 
114 
0 
1479355147 
18332 
-14824 
0 
0 
0 
-13816 
0 
0 
0 
0 
0 
-218005112 
32761 
0 
0 
-218003552 
32761 
-220317616 
32761 
-218003552 
32761 
0 
0 
0 
0 
-218005112 
32761 
-14704 
0 
-13816 
0 
1903232307 
0 
-199358544 
32761 
-217921614 
32761 
-217987760 
32761 
2 
0 
-217987728 
32761 
-13816 
0 
512 
0 
1515474254 
48739 
-217921620 
32761 
0 
0 
-2146619762 
1 
-14544 
0 
-2146506771 
1 
7670736 
0 
-199531375 
32761 
0 
0 
0 
0 
7669920 
0 
376 
0 
67 
32761 
319 
0 
48 
7667823 
0 
0 
0 
0 
0 
0 
0 
0 
0 
0 
0 
0 
0 
0 
303840 
8 
-2145116848 
1 
0 
0 
-2146619218 
1 
1 
0 
-13696 
0 
1 
0 
-2147198918 
1 
-14096 
0 
7669920 
0 
11 
0 
-2145615163 
1 
319 
0 
11 
0 
0 
0 
11 
0 
-14032 
0 
-2143942512 
1 
-2143944440 
1 
-2145190791 
1 
16 
8 
-2147202347 
1 
528 
0 
17 
8 
0 
0 
-2147199789 
1 
-2143942648 
1 
0 
0 
-2144872137 
1 
-14032 
0 
17 
8 
-2144821912 
1 
-2143942632 
1 
-2143944456 
1 
17 
8 
-2144821912 
1 
16 
8 
-2147202551 
1 
7 
0 
-14032 
0 
-2144872137 
1 
-2146473625 
1 
-14032 
0 
-2146470715 
1 
2240 
0 
-2145684739 
1 
-13504 
0 
0 
0 
-13504 
0 
-2146506395 
1 
-13216 
0 
-2144537984 
1 
-13424 
0 
0 
0 
-13744 
0 
-13752 
0 
-2145128704 
1 
-2146502650 
1 
0 
0 
-2145166944 
1 
0 
0 
0 
0 
7669936 
0 
-2145933643 
1 
64 
0 
699 
713 
720 
719 
716 
708 
697 
693 
691 
693 
697 
706 
712 
715 
716 
711 
706 
703 
697 
693 
696 
696 
683 
682 
682 
679 
676 
672 
672 
671 
670 
667 
672 
677 
682 
704 
752 
823 
910 
986 
1043 
1077 
1094 
1081 
1030 
960 
895 
844 
808 
788 
780 
774 
772 
769 
774 
773 
769 
764 
760 
754 
737 
721 
712 
712 
712 
714 
717 
717 
718 
715 
714 
709 
667 
670 
670 
670 
671 
672 
672 
672 
671 
669 
667 
665 
667 
669 
671 
672 
672 
673 
674 
673 
673 
673 
672 
669 
670 
671 
673 
674 
671 
657 
651 
648 
644 
645 
642 
643 
645 
647 
651 
650 
672 
675 
674 
674 
677 
676 
672 
671 
668 
664 
664 
665 
669 
674 
675 
677 
678 
680 
677 
674 
672 
669 
667 
669 
671 
694 
710 
694 
671 
647 
643 
646 
659 
667 
665 
658 
646 
636 
640 
658 
701 
703 
697 
692 
687 
684 
685 
686 
690 
696 
700 
701 
701 
701 
695 
690 
689 
687 
690 
694 
701 
705 
704 
705 
703 
696 
688 
689 
671 
653 
649 
650 
649 
651 
650 
645 
638 
633 
644 
718 
764 
897 
1061 
1235 
1406 
1528 
1596 
1632 
1596 
1495 
1362 
1200 
1054 
961 
903 
862 
832 
808 
789 
774 
765 
757 
753 
747 
741 
731 
717 
710 
705 
702 
701 
696 
695 
694 
693 
693 
693 
693 
692 
690 
690 
688 
690 
688 
688 
689 
692 
693 
695 
695 
695 
696 
697 
696 
697 
695 
694 
694 
694 
695 
697 
698 
699 
693 
686 
691 
691 
673 
673 
671 
668 
670 
669 
671 
673 
674 
679 
683 
693 
742 
1635 
1987 
2307 
2615 
2865 
3070 
3195 
3256 
3232 
3157 
3003 
2790 
2489 
2136 
1785 
1490 
1299 
1174 
1078 
1004 
947 
903 
867 
841 
823 
793 
753 
726 
707 
689 
680 
674 
674 
675 
675 
671 
669 
663 
658 
655 
698 
694 
694 
696 
696 
700 
704 
709 
713 
712 
709 
706 
705 
702 
700 
703 
704 
709 
711 
709 
709 
706 
704 
701 
701 
700 
686 
681 
679 
680 
683 
683 
688 
688 
686 
685 
685 
692 
709 
771 
1112 
1246 
1391 
1499 
1593 
1653 
1689 
1690 
1655 
1562 
1462 
1327 
1190 
1067 
983 
929 
894 
867 
841 
815 
793 
777 
768 
763 
751 
742 
739 
736 
731 
723 
714 
708 
706 
704 
711 
718 
715 
715 
711 
704 
747 
748 
753 
757 
755 
754 
751 
751 
749 
749 
751 
752 
755 
753 
751 
752 
751 
750 
748 
749 
748 
750 
751 
748 
754 
738 
723 
716 
709 
703 
699 
701 
695 
694 
697 
715 
817 
1052 
1370 
1759 
671 
670 
669 
667 
664 
663 
663 
662 
662 
661 
663 
666 
669 
672 
674 
674 
676 
678 
672 
664 
670 
672 
659 
655 
652 
649 
650 
649 
647 
644 
645 
646 
650 
662 
723 
874 
1081 
1320 
1555 
1785 
670 
669 
666 
665 
661 
659 
659 
657 
1060 
1276 
1496 
1711 
1869 
1963 
2010 
1970 
1859 
1707 
1505 
1303 
1123 
1005 
932 
880 
841 
813 
791 
768 
757 
749 
739 
736 
720 
705 
695 
688 
685 
682 
679 
674 
690 
690 
687 
686 
687 
685 
683 
679 
678 
675 
675 
677 
678 
682 
686 
682 
685 
687 
689 
691 
691 
688 
688 
688 
689 
689 
689 
689 
692 
691 
691 
689 
688 
684 
682 
682 
682 
682 
687 
687 
649 
643 
635 
629 
626 
624 
623 
621 
622 
623 
626 
631 
633 
636 
634 
633 
631 
628 
626 
626 
627 
630 
634 
633 
633 
636 
637 
637 
634 
629 
626 
624 
625 
623 
607 
603 
603 
607 
611 
614 
614 
613 
612 
612 
611 
615 
621 
653 
727 
843 
988 
1119 
1210 
1257 
1275 
1243 
1158 
1044 
939 
859 
813 
782 
763 
749 
737 
727 
720 
712 
706 
702 
701 
696 
685 
673 
671 
667 
667 
663 
661 
658 
667 
660 
663 
662 
663 
664 
668 
670 
675 
686 
743 
887 
1079 
1295 
1511 
1724 
1878 
1970 
2021 
1987 
1878 
1715 
1511 
1311 
1134 
1024 
956 
908 
870 
835 
809 
788 
771 
760 
748 
743 
728 
715 
706 
701 
695 
687 
683 
678 
676 
676 
677 
679 
682 
684 
686 
689 
687 
688 
687 
684 
684 
684 
687 
690 
691 
694 
692 
690 
687 
683 
680 
677 
677 
679 
682 
687 
691 
694 
700 
708 
703 
696 
679 
669 
677 
666 
659 
657 
649 
647 
640 
636 
634 
629 
628 
626 
627 
628 
627 
625 
624 
624 
622 
620 
622 
625 
627 
628 
631 
632 
635 
636 
634 
635 
637 
637 
638 
636 
634 
637 
638 
635 
619 
614 
744 
742 
738 
741 
743 
743 
747 
751 
752 
751 
747 
744 
740 
736 
735 
735 
739 
740 
743 
747 
754 
756 
751 
745 
742 
738 
739 
742 
744 
747 
752 
756 
759 
759 
748 
734 
735 
731 
716 
712 
779 
781 
783 
780 
777 
773 
767 
761 
757 
760 
763 
764 
771 
777 
782 
780 
775 
770 
765 
763 
761 
758 
761 
764 
768 
770 
774 
779 
779 
774 
768 
763 
758 
756 
757 
758 
762 
770 
778 
783 
715 
708 
703 
700 
694 
688 
686 
693 
731 
806 
900 
1011 
1122 
1219 
1307 
1377 
1444 
1491 
1522 
1529 
1518 
1476 
1411 
1315 
1201 
1088 
997 
942 
912 
890 
878 
865 
854 
842 
827 
816 
797 
769 
758 
753 
779 
778 
779 
779 
780 
783 
786 
788 
787 
788 
787 
784 
781 
777 
776 
778 
782 
787 
790 
793 
791 
784 
781 
778 
775 
773 
771 
773 
776 
781 
786 
789 
790 
788 
788 
781 
763 
754 
748 
745 
860 
852 
837 
822 
816 
811 
810 
810 
815 
818 
820 
822 
823 
819 
813 
808 
805 
805 
803 
805 
804 
808 
818 
823 
827 
826 
820 
814 
810 
804 
801 
799 
802 
807 
814 
821 
824 
825 
822 
819 
825 
821 
814 
809 
807 
805 
809 
814 
772 
779 
784 
792 
791 
787 
779 
771 
765 
764 
766 
771 
779 
786 
792 
788 
778 
780 
776 
756 
749 
748 
746 
753 
755 
761 
763 
766 
767 
765 
765 
791 
865 
965 
1083 
1201 
1316 
1399 
1448 
1475 
1457 
1402 
1319 
1210 
1103 
1010 
955 
922 
899 
882 
870 
863 
851 
840 
832 
821 
812 
794 
780 
777 
778 
777 
779 
780 
780 
785 
784 
779 
774 
768 
765 
767 
758 
759 
755 
752 
750 
746 
741 
740 
742 
749 
751 
758 
762 
763 
760 
755 
750 
747 
741 
739 
739 
743 
745 
754 
763 
766 
764 
758 
752 
750 
749 
751 
750 
753 
756 
757 
762 
761 
761 
761 
1382 
1633 
1860 
2074 
2243 
2378 
2466 
2520 
2510 
2466 
2364 
2220 
2012 
1765 
1511 
1300 
1166 
1081 
1022 
974 
936 
906 
877 
863 
850 
826 
795 
776 
765 
757 
744 
739 
735 
734 
734 
737 
735 
735 
736 
732 
745 
742 
737 
732 
730 
728 
729 
729 
729 
734 
742 
748 
753 
759 
754 
752 
751 
742 
735 
732 
732 
736 
744 
748 
755 
756 
749 
744 
738 
731 
723 
712 
706 
703 
705 
716 
730 
743 
759 
806 
892 
985 
1082 
1181 
1254 
1296 
1316 
1297 
1240 
1166 
1074 
989 
936 
904 
879 
859 
839 
824 
813 
803 
805 
806 
807 
808 
801 
790 
784 
779 
775 
769 
766 
767 
769 
772 
770 
772 
775 
774 
772 
773 
770 
771 
769 
770 
771 
770 
772 
772 
771 
770 
768 
771 
772 
771 
773 
772 
771 
773 
772 
775 
775 
772 
775 
784 
778 
770 
750 
742 
739 
738 
743 
749 
751 
757 
761 
761 
760 
777 
830 
911 
761 
760 
757 
755 
748 
743 
739 
736 
739 
744 
748 
749 
749 
752 
756 
754 
752 
748 
745 
743 
745 
747 
750 
755 
759 
756 
755 
756 
756 
754 
753 
752 
749 
743 
743 
742 
742 
746 
753 
754 
1640 
1860 
2071 
2242 
2385 
2470 
2512 
2501 
2451 
2350 
2200 
1990 
1741 
1504 
1307 
1176 
1089 
1026 
971 
932 
903 
875 
855 
842 
821 
794 
778 
766 
758 
746 
738 
728 
720 
717 
715 
717 
725 
726 
726 
729 
738 
782 
871 
972 
1081 
1188 
1262 
1299 
1314 
1289 
1221 
1142 
1051 
970 
915 
887 
869 
857 
843 
828 
819 
810 
804 
799 
797 
793 
783 
769 
771 
773 
774 
774 
774 
769 
762 
755 
751 
748 
749 
749 
782 
780 
776 
770 
762 
755 
755 
757 
760 
768 
773 
780 
784 
783 
779 
772 
760 
754 
749 
745 
747 
754 
761 
770 
784 
793 
789 
780 
758 
744 
734 
728 
726 
732 
740 
749 
758 
762 
768 
787 
736 
734 
736 
747 
754 
755 
754 
753 
750 
743 
737 
732 
734 
736 
734 
736 
739 
744 
746 
746 
748 
748 
745 
745 
744 
742 
740 
743 
745 
742 
741 
745 
747 
752 
751 
752 
748 
743 
736 
729 
746 
741 
737 
736 
738 
744 
747 
749 
723 
727 
709 
692 
683 
675 
669 
669 
672 
670 
666 
666 
687 
805 
1069 
1440 
1889 
2339 
2751 
3125 
3420 
3665 
3823 
3913 
3900 
3804 
3605 
3332 
2950 
2504 
2057 
1683 
1441 
1282 
1166 
1072 
997 
944 
898 
860 
826 
787 
740 
714 
697 
683 
671 
667 
662 
660 
659 
655 
654 
651 
648 
644 
643 
642 
641 
642 
641 
641 
644 
645 
645 
644 
642 
637 
634 
634 
632 
633 
740 
741 
740 
743 
745 
748 
746 
740 
730 
732 
733 
718 
714 
713 
713 
719 
721 
724 
725 
727 
723 
722 
723 
748 
820 
915 
1019 
1128 
1235 
1314 
1357 
1379 
1367 
1312 
1237 
1135 
1038 
954 
903 
873 
736 
740 
744 
749 
750 
750 
746 
744 
753 
749 
743 
729 
720 
721 
725 
728 
727 
729 
725 
727 
727 
731 
751 
809 
895 
999 
1087 
1190 
1266 
1331 
1373 
1397 
1393 
1373 
1311 
1248 
1161 
1068 
986 
932 
899 
876 
858 
844 
830 
820 
807 
795 
784 
767 
755 
752 
752 
757 
759 
761 
760 
760 
759 
754 
746 
740 
738 
740 
744 
743 
747 
751 
756 
758 
760 
758 
753 
750 
749 
748 
746 
752 
751 
751 
739 
734 
733 
730 
731 
734 
742 
750 
751 
754 
744 
720 
704 
695 
694 
693 
694 
697 
704 
712 
717 
720 
721 
722 
735 
776 
843 
923 
994 
1049 
1081 
1098 
1086 
1042 
979 
919 
871 
838 
819 
807 
775 
775 
777 
781 
787 
792 
795 
793 
788 
787 
764 
747 
737 
731 
729 
733 
737 
739 
738 
739 
750 
818 
968 
1170 
1420 
1674 
1907 
2125 
2305 
2457 
2550 
2604 
2602 
2554 
2441 
2280 
2059 
1800 
1548 
1336 
876 
851 
827 
810 
802 
798 
799 
797 
801 
802 
797 
786 
778 
767 
756 
748 
742 
738 
741 
743 
749 
755 
758 
759 
758 
754 
752 
747 
742 
739 
738 
741 
743 
750 
753 
756 
759 
759 
755 
751 
748 
745 
741 
740 
741 
743 
743 
746 
749 
747 
755 
753 
732 
726 
722 
717 
721 
720 
724 
727 
734 
735 
737 
741 
766 
829 
914 
1015 
1115 
1214 
1285 
1325 
1352 
1342 
1301 
1235 
1144 
1052 
967 
909 
929 
889 
866 
849 
835 
825 
823 
817 
813 
805 
786 
766 
754 
749 
747 
741 
742 
745 
752 
759 
763 
763 
760 
755 
752 
750 
746 
744 
746 
748 
753 
758 
759 
761 
760 
758 
757 
753 
747 
745 
1328 
1202 
1122 
1058 
1004 
960 
927 
898 
878 
863 
843 
816 
800 
794 
787 
784 
776 
768 
761 
753 
752 
752 
751 
753 
751 
754 
758 
757 
754 
750 
747 
746 
745 
745 
741 
742 
745 
747 
750 
754 
757 
756 
754 
750 
748 
746 
744 
742 
741 
745 
750 
749 
736 
731 
726 
720 
713 
708 
706 
703 
706 
708 
713 
720 
729 
753 
798 
859 
937 
999 
1042 
1063 
1074 
1065 
1025 
970 
919 
883 
857 
839 
725 
733 
739 
744 
748 
744 
738 
741 
646 
652 
659 
669 
681 
732 
855 
1017 
1201 
1382 
1563 
1694 
1772 
1812 
1781 
1690 
1563 
1395 
1227 
1078 
982 
920 
872 
835 
805 
784 
764 
753 
748 
742 
741 
730 
675 
682 
683 
683 
679 
675 
672 
669 
669 
672 
675 
678 
684 
689 
692 
689 
685 
679 
675 
672 
669 
671 
670 
673 
676 
681 
688 
692 
695 
691 
687 
683 
680 
677 
680 
681 
681 
679 
680 
689 
672 
656 
656 
658 
655 
657 
656 
658 
661 
662 
659 
657 
665 
715 
842 
1014 
1209 
1403 
1585 
1713 
1792 
1835 
1809 
1713 
1577 
1403 
1226 
1071 
975 
915 
868 
836 
813 
797 
781 
766 
757 
743 
732 
713 
698 
689 
688 
687 
688 
690 
692 
693 
688 
683 
681 
677 
675 
675 
671 
676 
680 
686 
690 
688 
687 
683 
678 
675 
674 
674 
674 
675 
678 
684 
688 
689 
690 
688 
683 
681 
678 
683 
690 
688 
702 
693 
684 
679 
673 
670 
668 
670 
670 
667 
665 
661 
662 
661 
657 
656 
655 
657 
658 
660 
662 
661 
657 
656 
659 
663 
662 
666 
664 
662 
662 
662 
662 
660 
660 
661 
663 
665 
667 
670 
684 
680 
679 
675 
671 
667 
660 
666 
673 
680 
687 
691 
691 
689 
683 
673 
668 
666 
666 
667 
669 
672 
679 
690 
697 
699 
693 
685 
677 
673 
671 
672 
675 
686 
696 
698 
699 
695 
686 
682 
670 
665 
663 
654 
640 
637 
633 
633 
632 
631 
632 
632 
629 
629 
628 
625 
624 
625 
627 
630 
630 
634 
636 
637 
636 
631 
627 
628 
626 
629 
631 
629 
630 
634 
636 
640 
636 
638 
640 
640 
674 
666 
659 
667 
674 
662 
661 
661 
659 
660 
656 
651 
646 
646 
645 
651 
659 
717 
842 
1002 
1185 
1359 
1523 
1637 
1709 
1751 
1723 
1639 
1517 
1358 
1200 
1054 
962 
906 
863 
831 
800 
778 
759 
749 
677 
687 
697 
694 
692 
678 
670 
664 
660 
656 
654 
653 
652 
658 
665 
681 
731 
835 
980 
1157 
1316 
1492 
1616 
1719 
1785 
1833 
1836 
1807 
1709 
1596 
1430 
1257 
1097 
982 
909 
862 
828 
807 
790 
775 
671 
667 
665 
662 
666 
669 
670 
670 
670 
673 
676 
678 
677 
676 
671 
666 
665 
666 
667 
668 
671 
673 
675 
680 
683 
683 
685 
685 
682 
680 
677 
677 
678 
679 
681 
683 
681 
682 
685 
685 
686 
681 
674 
677 
659 
643 
636 
632 
629 
633 
637 
633 
628 
624 
644 
771 
1055 
1452 
1929 
2401 
2829 
3226 
3552 
3822 
3954 
3981 
3968 
3922 
3717 
3428 
3015 
2544 
2074 
1681 
1430 
1270 
1149 
1054 
979 
923 
736 
723 
711 
700 
695 
697 
699 
693 
685 
683 
678 
676 
670 
664 
661 
658 
658 
659 
661 
664 
667 
667 
668 
664 
661 
657 
655 
655 
652 
652 
658 
663 
667 
668 
669 
669 
667 
667 
670 
669 
668 
670 
673 
676 
679 
677 
675 
675 
698 
697 
695 
694 
689 
687 
686 
686 
689 
690 
695 
698 
704 
708 
709 
710 
707 
706 
704 
704 
698 
698 
700 
702 
707 
711 
712 
714 
710 
709 
705 
701 
700 
699 
700 
702 
707 
711 
716 
721 
722 
720 
717 
716 
717 
715 
713 
714 
717 
722 
722 
723 
724 
723 
721 
716 
715 
713 
711 
712 
712 
715 
718 
719 
725 
725 
728 
730 
727 
725 
725 
725 
807 
785 
767 
754 
741 
734 
728 
721 
720 
722 
720 
707 
694 
688 
682 
677 
672 
667 
666 
663 
665 
664 
666 
667 
666 
667 
667 
670 
671 
671 
672 
670 
671 
672 
674 
674 
672 
673 
672 
673 
676 
672 
669 
668 
668 
670 
670 
674 
682 
691 
699 
693 
690 
673 
666 
662 
659 
658 
657 
659 
665 
669 
675 
688 
727 
811 
936 
1087 
1228 
1384 
1501 
1596 
1653 
1688 
1688 
1662 
1581 
1484 
1344 
1199 
680 
680 
681 
686 
685 
686 
688 
688 
689 
688 
692 
694 
694 
696 
697 
696 
697 
697 
699 
697 
699 
699 
699 
700 
696 
695 
696 
698 
701 
698 
700 
702 
701 
700 
700 
703 
705 
706 
709 
709 
723 
721 
720 
721 
718 
719 
720 
723 
726 
724 
724 
730 
713 
697 
690 
686 
683 
680 
679 
672 
666 
664 
683 
800 
1063 
1428 
1872 
2311 
2700 
3062 
3363 
3613 
3771 
3859 
3836 
3734 
3542 
3280 
2908 
2472 
740 
738 
735 
738 
737 
737 
741 
747 
747 
749 
748 
744 
740 
737 
733 
730 
732 
731 
717 
715 
720 
721 
721 
718 
716 
713 
709 
709 
713 
717 
726 
758 
821 
926 
1051 
1161 
1235 
1272 
1289 
1262 
750 
751 
749 
746 
744 
741 
743 
744 
744 
747 
748 
753 
753 
754 
746 
740 
744 
746 
730 
727 
727 
726 
725 
725 
726 
727 
728 
725 
725 
732 
778 
886 
1028 
1196 
1360 
1515 
1628 
1694 
1732 
1712 
1629 
1515 
1363 
1213 
1078 
998 
948 
906 
879 
864 
851 
833 
823 
813 
803 
796 
777 
762 
753 
749 
749 
749 
749 
754 
755 
756 
754 
752 
750 
746 
742 
739 
740 
745 
747 
752 
755 
758 
757 
754 
1600 
1522 
1436 
1316 
1188 
1075 
996 
946 
913 
887 
865 
850 
839 
826 
814 
803 
785 
773 
765 
761 
759 
756 
756 
757 
759 
762 
762 
759 
759 
749 
746 
747 
749 
752 
755 
762 
770 
768 
766 
761 
751 
745 
744 
746 
748 
755 
759 
763 
766 
769 
762 
763 
760 
760 
758 
763 
765 
767 
766 
767 
769 
766 
767 
770 
765 
767 
771 
770 
770 
770 
768 
769 
765 
765 
765 
770 
776 
779 
784 
784 
675 
676 
679 
683 
685 
690 
696 
700 
698 
695 
691 
687 
683 
685 
687 
692 
699 
701 
703 
702 
704 
693 
667 
654 
652 
651 
655 
660 
667 
664 
667 
670 
668 
673 
675 
699 
759 
848 
961 
1053 
714 
714 
713 
708 
704 
704 
704 
703 
663 
687 
764 
922 
1118 
1326 
1536 
1691 
1781 
1820 
1774 
1651 
1486 
1289 
1110 
993 
923 
874 
840 
811 
787 
771 
756 
744 
735 
726 
720 
706 
695 
691 
690 
687 
693 
684 
677 
665 
658 
648 
638 
628 
621 
617 
619 
626 
634 
634 
635 
631 
623 
618 
614 
613 
614 
621 
627 
626 
625 
626 
623 
622 
625 
627 
630 
632 
636 
634 
636 
633 
628 
627 
623 
605 
643 
640 
638 
634 
631 
630 
630 
634 
638 
639 
646 
674 
764 
942 
1157 
1384 
1612 
1776 
1867 
1910 
1859 
1726 
1553 
1342 
1151 
1025 
946 
887 
844 
812 
786 
764 
747 
733 
724 
720 
711 
701 
688 
684 
683 
679 
676 
673 
670 
667 
666 
666 
664 
663 
665 
666 
667 
669 
671 
668 
668 
666 
664 
663 
661 
662 
666 
666 
669 
670 
676 
679 
679 
677 
676 
673 
674 
673 
675 
667 
662 
673 
679 
666 
649 
648 
652 
647 
629 
623 
624 
626 
627 
626 
626 
625 
623 
620 
620 
622 
630 
666 
751 
879 
1035 
1178 
1278 
1330 
1353 
1321 
1234 
1108 
995 
910 
852 
818 
794 
770 
756 
742 
732 
723 
717 
715 
747 
740 
726 
719 
715 
711 
709 
706 
699 
695 
691 
688 
687 
694 
697 
698 
700 
697 
694 
691 
692 
692 
691 
691 
694 
695 
694 
695 
695 
693 
693 
695 
699 
704 
707 
708 
705 
706 
704 
702 
777 
767 
752 
733 
724 
717 
712 
708 
709 
709 
708 
706 
705 
705 
704 
702 
699 
698 
696 
697 
698 
700 
701 
699 
702 
700 
699 
699 
702 
703 
706 
710 
710 
710 
708 
706 
706 
704 
706 
708 
709 
709 
711 
713 
714 
710 
709 
707 
706 
708 
707 
711 
712 
716 
719 
721 
722 
720 
720 
720 
719 
720 
719 
718 
720 
720 
722 
721 
719 
720 
716 
715 
713 
714 
716 
718 
720 
723 
727 
726 
647 
642 
640 
639 
639 
641 
641 
642 
640 
636 
636 
634 
635 
631 
627 
630 
631 
635 
639 
640 
644 
644 
645 
646 
647 
643 
639 
639 
640 
642 
645 
644 
650 
650 
652 
650 
643 
638 
638 
635 
772 
755 
746 
741 
729 
720 
704 
689 
683 
680 
676 
676 
675 
675 
674 
674 
672 
668 
667 
660 
658 
658 
657 
660 
666 
672 
678 
682 
680 
678 
677 
674 
672 
671 
670 
672 
676 
678 
682 
684 
667 
671 
674 
679 
684 
686 
690 
694 
692 
691 
687 
685 
686 
686 
688 
692 
691 
691 
692 
693 
695 
696 
692 
688 
686 
683 
680 
682 
685 
687 
690 
690 
692 
696 
698 
695 
695 
690 
688 
692 
2042 
1762 
1583 
1467 
1377 
1296 
1226 
1166 
1124 
1089 
1066 
1042 
1012 
1001 
997 
989 
984 
968 
949 
928 
915 
905 
901 
901 
912 
920 
932 
938 
940 
934 
922 
908 
901 
897 
893 
895 
902 
910 
925 
930 
794 
788 
783 
779 
778 
776 
777 
783 
303 
304 
306 
306 
303 
303 
300 
297 
286 
287 
290 
291 
294 
294 
298 
298 
299 
300 
317 
426 
758 
1344 
2047 
2779 
3512 
4004 
4026 
4026 
4026 
4026 
4027 
3922 
3370 
2676 
1995 
1515 
1220 
1020 
871 
753 
661 
584 
523 
473 
434 
398 
363 
333 
311 
298 
289 
284 
281 
278 
270 
260 
255 
250 
248 
247 
247 
251 
259 
263 
266 
267 
267 
266 
262 
262 
262 
267 
1329 
1034 
845 
727 
642 
582 
535 
491 
459 
434 
414 
400 
385 
375 
362 
348 
338 
331 
326 
318 
311 
309 
309 
311 
311 
312 
315 
319 
324 
325 
327 
325 
326 
327 
326 
327 
327 
327 
329 
331 
1403 
1146 
923 
783 
689 
623 
573 
535 
509 
485 
463 
451 
436 
426 
407 
391 
381 
379 
378 
375 
373 
371 
374 
377 
381 
381 
379 
378 
378 
377 
376 
380 
381 
383 
385 
386 
386 
387 
387 
388 
388 
389 
388 
385 
385 
388 
393 
394 
396 
399 
401 
406 
417 
423 
417 
412 
402 
402 
401 
399 
400 
402 
402 
402 
404 
408 
421 
475 
586 
744 
933 
1103 
1285 
1421 
1544 
1622 
1671 
1672 
1635 
1526 
380 
378 
382 
387 
391 
392 
391 
388 
386 
383 
388 
394 
404 
409 
411 
410 
407 
399 
398 
394 
383 
386 
394 
398 
398 
396 
393 
384 
377 
378 
393 
478 
709 
1087 
1529 
1983 
2435 
2847 
3168 
3383 
2016 
1963 
1819 
1627 
1387 
1153 
950 
825 
744 
683 
638 
603 
576 
556 
536 
523 
510 
500 
487 
477 
475 
471 
467 
465 
460 
458 
457 
453 
451 
451 
450 
450 
450 
448 
449 
451 
453 
451 
455 
461 
472 
479 
482 
481 
478 
476 
472 
469 
469 
470 
475 
477 
481 
482 
481 
484 
483 
483 
486 
486 
485 
487 
495 
501 
500 
500 
498 
498 
495 
495 
496 
495 
498 
501 
502 
503 
501 
500 
499 
499 
543 
542 
540 
539 
539 
539 
537 
539 
539 
543 
549 
551 
551 
548 
545 
544 
541 
541 
539 
540 
545 
536 
529 
527 
526 
523 
520 
518 
518 
694 
1422 
2797 
4020 
4025 
4025 
4024 
4026 
4024 
4024 
4024 
1731 
1619 
1431 
1230 
1081 
922 
796 
713 
621 
557 
524 
485 
459 
435 
422 
407 
394 
389 
389 
386 
376 
364 
357 
353 
346 
342 
338 
337 
337 
339 
344 
347 
350 
352 
351 
351 
351 
351 
350 
350 
355 
359 
362 
361 
363 
363 
361 
361 
357 
358 
362 
363 
366 
365 
369 
370 
372 
374 
375 
377 
382 
381 
370 
362 
359 
357 
355 
355 
355 
359 
360 
366 
370 
373 
399 
494 
696 
957 
1243 
1539 
637 
635 
631 
627 
627 
629 
634 
634 
636 
639 
638 
641 
641 
643 
642 
639 
639 
641 
646 
653 
655 
654 
652 
647 
645 
644 
644 
642 
642 
645 
649 
650 
648 
648 
646 
643 
644 
646 
647 
653 
683 
682 
678 
672 
661 
659 
660 
667 
668 
667 
673 
676 
670 
667 
651 
646 
640 
640 
642 
643 
644 
641 
639 
641 
652 
695 
792 
934 
1105 
1255 
1420 
1548 
1657 
1721 
1761 
1759 
1721 
1623 
1514 
1365 
632 
633 
629 
628 
629 
628 
629 
630 
628 
628 
628 
632 
635 
633 
629 
629 
624 
606 
597 
597 
595 
597 
602 
607 
612 
615 
614 
614 
616 
621 
653 
732 
852 
1006 
1144 
1243 
1297 
1320 
1287 
1201 
1077 
963 
876 
822 
789 
765 
750 
739 
727 
725 
717 
714 
708 
708 
706 
689 
672 
669 
667 
662 
662 
665 
662 
660 
657 
656 
655 
652 
650 
650 
653 
656 
656 
656 
656 
658 
662 
662 
664 
665 
1455 
1264 
1093 
983 
919 
875 
845 
819 
795 
776 
759 
747 
736 
728 
723 
717 
703 
699 
694 
690 
689 
682 
679 
672 
668 
667 
663 
666 
666 
669 
674 
676 
680 
681 
681 
680 
680 
679 
677 
676 
676 
676 
681 
682 
682 
683 
682 
681 
678 
674 
673 
674 
675 
671 
666 
673 
674 
661 
660 
659 
656 
659 
656 
656 
653 
659 
661 
664 
674 
732 
879 
1068 
1287 
1500 
1703 
1845 
1932 
1984 
1955 
1850 
1734 
1737 
1710 
1619 
1514 
1364 
1207 
1068 
968 
905 
866 
834 
811 
789 
774 
758 
744 
731 
713 
697 
687 
684 
685 
686 
686 
685 
679 
673 
671 
672 
672 
672 
677 
678 
677 
679 
676 
674 
670 
671 
1305 
1277 
1193 
1077 
971 
886 
834 
803 
783 
764 
750 
739 
728 
719 
712 
706 
705 
702 
691 
681 
677 
675 
674 
673 
672 
669 
665 
661 
660 
660 
662 
664 
666 
668 
669 
671 
671 
671 
670 
666 
665 
662 
662 
664 
667 
671 
671 
674 
675 
677 
677 
678 
676 
675 
674 
676 
681 
682 
683 
678 
665 
658 
655 
649 
649 
649 
651 
652 
654 
656 
659 
665 
690 
766 
919 
1105 
1303 
1497 
1637 
1717 
674 
676 
679 
681 
685 
690 
690 
688 
687 
686 
684 
683 
682 
685 
685 
688 
685 
679 
684 
682 
663 
656 
654 
649 
654 
656 
660 
661 
665 
668 
669 
679 
731 
868 
1051 
1265 
1476 
1681 
1831 
1917 
673 
667 
669 
671 
672 
673 
673 
677 
679 
675 
673 
669 
667 
668 
669 
671 
673 
673 
675 
679 
681 
681 
681 
682 
684 
685 
683 
683 
682 
680 
681 
680 
679 
681 
684 
684 
681 
680 
674 
675 
698 
699 
701 
700 
702 
703 
701 
699 
698 
697 
695 
691 
693 
698 
703 
701 
707 
712 
713 
708 
709 
689 
671 
662 
658 
657 
656 
654 
652 
649 
648 
672 
793 
1068 
1452 
1912 
2373 
2794 
3186 
3500 
635 
633 
635 
636 
631 
627 
625 
622 
622 
621 
623 
624 
631 
633 
633 
637 
638 
640 
640 
635 
635 
629 
613 
612 
617 
616 
614 
611 
606 
603 
607 
604 
613 
621 
635 
668 
740 
849 
987 
1119 
1219 
1282 
1313 
1289 
1211 
1091 
979 
888 
661 
663 
668 
670 
669 
666 
663 
659 
651 
645 
651 
652 
640 
639 
642 
641 
648 
648 
652 
650 
650 
651 
651 
659 
715 
854 
1038 
1249 
1460 
1664 
1804 
1881 
3999 
3988 
3953 
3776 
3492 
3093 
2618 
2142 
1739 
1475 
1307 
1181 
1077 
998 
937 
888 
849 
815 
779 
737 
711 
690 
672 
655 
642 
633 
626 
626 
626 
626 
627 
626 
626 
625 
622 
622 
620 
620 
618 
619 
622 
623 
624 
623 
623 
622 
621 
621 
618 
615 
615 
617 
620 
622 
623 
625 
624 
625 
627 
627 
608 
603 
603 
598 
596 
595 
596 
598 
599 
600 
605 
607 
612 
643 
724 
848 
1002 
1141 
1237 
1291 
1801 
1756 
1634 
1471 
1275 
1098 
986 
916 
865 
826 
798 
775 
758 
741 
732 
722 
715 
708 
694 
679 
670 
663 
658 
655 
653 
654 
651 
653 
654 
654 
655 
654 
655 
657 
657 
658 
658 
658 
659 
659 
1672 
1732 
1763 
1760 
1729 
1637 
1532 
1380 
1223 
1075 
968 
901 
854 
817 
787 
766 
751 
739 
729 
722 
710 
698 
690 
685 
678 
676 
674 
672 
667 
666 
666 
667 
666 
665 
666 
669 
667 
665 
663 
662 
3941 
3992 
4009 
3999 
3967 
3825 
3531 
3115 
2624 
2139 
1738 
1480 
1313 
1190 
1089 
1010 
946 
891 
844 
810 
771 
730 
705 
687 
673 
663 
654 
644 
634 
627 
623 
620 
617 
616 
617 
619 
617 
618 
622 
621 
621 
620 
619 
619 
619 
620 
620 
623 
623 
621 
622 
619 
618 
617 
613 
613 
614 
616 
619 
620 
623 
622 
605 
600 
599 
596 
592 
590 
591 
594 
599 
603 
606 
609 
615 
648 
724 
847 
999 
1138 
654 
654 
657 
658 
658 
663 
663 
663 
661 
658 
653 
652 
651 
652 
652 
657 
660 
662 
658 
654 
661 
664 
646 
644 
642 
639 
640 
640 
639 
644 
649 
649 
654 
663 
724 
875 
1073 
1304 
1531 
1755 
597 
600 
602 
605 
610 
643 
724 
850 
1008 
1148 
1250 
1304 
1325 
1291 
1203 
1080 
965 
879 
829 
793 
769 
744 
726 
712 
701 
695 
690 
688 
694 
690 
677 
659 
650 
644 
635 
632 
630 
627 
626 
628 
1554 
1662 
1731 
1774 
1775 
1739 
1639 
1529 
1377 
1222 
1080 
979 
911 
865 
825 
797 
773 
754 
739 
727 
718 
700 
685 
680 
678 
674 
668 
666 
662 
661 
659 
660 
662 
661 
665 
669 
668 
667 
665 
665 
665 
664 
667 
667 
670 
670 
667 
666 
663 
662 
663 
663 
666 
666 
668 
667 
671 
672 
674 
677 
677 
678 
678 
678 
679 
679 
681 
683 
683 
683 
683 
685 
685 
681 
680 
677 
677 
676 
675 
678 
709 
709 
709 
710 
710 
706 
705 
700 
701 
699 
700 
702 
705 
707 
709 
712 
717 
716 
715 
709 
709 
711 
692 
678 
672 
668 
666 
664 
660 
651 
645 
641 
665 
799 
1097 
1511 
2010 
2503 
2934 
3344 
1152 
1251 
1307 
1330 
1297 
1210 
1086 
968 
1036 
1019 
1009 
999 
991 
988 
983 
980 
971 
968 
962 
951 
939 
934 
934 
934 
935 
932 
930 
928 
923 
921 
917 
915 
915 
918 
920 
921 
920 
923 
927 
929 
1408 
1422 
1406 
1362 
1303 
1226 
1152 
1086 
1049 
1029 
1013 
1003 
994 
986 
974 
966 
958 
949 
950 
937 
927 
924 
925 
926 
928 
926 
921 
914 
909 
906 
903 
904 
908 
910 
912 
916 
918 
919 
920 
912 
650 
652 
656 
661 
666 
671 
672 
673 
666 
660 
656 
653 
654 
656 
664 
670 
671 
670 
658 
654 
648 
640 
634 
627 
622 
623 
627 
635 
651 
694 
777 
891 
1028 
1147 
1271 
1358 
1435 
1483 
1521 
1522 
642 
647 
645 
648 
648 
654 
660 
664 
663 
661 
656 
655 
654 
654 
651 
651 
650 
655 
660 
664 
665 
668 
667 
663 
661 
658 
655 
654 
657 
661 
667 
671 
671 
670 
670 
668 
664 
661 
659 
660 
642 
645 
648 
649 
657 
660 
659 
654 
651 
648 
647 
646 
643 
646 
650 
654 
655 
654 
639 
634 
631 
627 
623 
618 
617 
614 
616 
619 
623 
630 
642 
673 
736 
827 
939 
1039 
1109 
1145 
1163 
1145 
669 
675 
679 
682 
678 
674 
671 
666 
665 
667 
664 
666 
666 
671 
676 
683 
686 
684 
683 
682 
681 
679 
675 
675 
673 
675 
681 
683 
685 
690 
691 
689 
687 
685 
681 
680 
679 
680 
684 
686 
689 
693 
697 
698 
693 
691 
687 
686 
688 
687 
688 
692 
699 
704 
705 
705 
702 
698 
694 
692 
691 
689 
689 
691 
697 
703 
702 
705 
707 
709 
707 
705 
702 
702 
703 
702 
703 
705 
706 
708 
3574 
3302 
2927 
2484 
2045 
1674 
1432 
1272 
1156 
1064 
995 
937 
893 
859 
829 
795 
752 
726 
705 
692 
679 
670 
663 
661 
660 
660 
658 
658 
658 
656 
651 
648 
646 
644 
647 
650 
651 
653 
655 
658 
1078 
970 
891 
844 
816 
791 
770 
753 
741 
735 
730 
729 
729 
729 
725 
709 
692 
683 
677 
671 
669 
670 
671 
675 
678 
680 
679 
675 
670 
667 
667 
666 
667 
669 
672 
677 
680 
681 
675 
672 
1620 
1435 
1252 
1088 
984 
920 
871 
834 
803 
781 
761 
747 
736 
725 
721 
705 
693 
686 
680 
675 
672 
669 
666 
662 
661 
662 
662 
664 
664 
666 
669 
668 
669 
667 
665 
663 
660 
659 
660 
660 
668 
668 
669 
665 
666 
666 
670 
669 
669 
671 
674 
674 
673 
680 
685 
680 
675 
659 
654 
653 
652 
652 
652 
648 
646 
647 
653 
666 
710 
803 
937 
1097 
1243 
1399 
1515 
1605 
1661 
1698 
1699 
1670 
662 
668 
669 
669 
670 
673 
671 
669 
670 
669 
669 
669 
670 
672 
674 
675 
676 
675 
675 
675 
675 
675 
674 
674 
672 
675 
679 
679 
681 
682 
683 
685 
683 
682 
682 
683 
680 
682 
684 
683 
686 
689 
692 
692 
690 
689 
687 
685 
873 
872 
872 
874 
875 
877 
879 
881 
883 
883 
881 
875 
873 
871 
874 
872 
873 
877 
880 
884 
883 
862 
852 
846 
843 
841 
839 
839 
839 
839 
843 
851 
887 
904 
951 
1037 
1137 
1241 
1347 
1428 
1478 
1506 
1487 
1420 
1339 
1238 
1146 
1088 
1050 
1021 
999 
985 
973 
966 
958 
955 
955 
952 
949 
938 
927 
921 
916 
914 
914 
911 
909 
907 
907 
907 
906 
905 
906 
907 
906 
907 
909 
912 
910 
908 
905 
905 
904 
906 
904 
905 
907 
910 
911 
913 
917 
917 
917 
915 
915 
915 
915 
911 
906 
913 
910 
893 
889 
885 
882 
883 
881 
882 
884 
885 
887 
892 
682 
683 
683 
682 
679 
679 
676 
675 
675 
679 
682 
684 
687 
688 
685 
685 
680 
678 
675 
674 
677 
676 
679 
683 
687 
696 
702 
697 
693 
676 
671 
666 
665 
668 
668 
671 
671 
674 
679 
689 
729 
816 
942 
1095 
1232 
1384 
1495 
1594 
1657 
1699 
1703 
1675 
1589 
1487 
1343 
1198 
1061 
965 
902 
864 
835 
811 
790 
774 
763 
748 
735 
716 
700 
693 
688 
684 
686 
687 
689 
689 
688 
687 
685 
683 
682 
686 
690 
698 
702 
703 
702 
698 
694 
692 
691 
692 
695 
701 
703 
705 
704 
700 
695 
691 
691 
689 
687 
689 
691 
697 
699 
701 
703 
702 
700 
699 
697 
697 
697 
704 
711 
712 
710 
709 
611 
621 
658 
737 
859 
1006 
1138 
1228 
1280 
1304 
1274 
1190 
1071 
964 
880 
825 
790 
766 
747 
732 
720 
710 
702 
697 
693 
694 
694 
683 
671 
667 
664 
663 
660 
659 
657 
654 
655 
653 
652 
651 
667 
672 
686 
728 
816 
947 
1104 
1243 
1399 
1512 
1607 
1667 
1706 
1704 
1676 
1587 
1486 
1347 
1201 
1067 
972 
907 
864 
828 
804 
785 
769 
756 
746 
740 
728 
712 
705 
700 
696 
692 
686 
688 
690 
691 
655 
676 
799 
1072 
1454 
1913 
2374 
2797 
3183 
3488 
3736 
3891 
3950 
3942 
3863 
3657 
3375 
2987 
2531 
2078 
1699 
1450 
1290 
1166 
1072 
999 
937 
888 
851 
818 
784 
740 
714 
695 
680 
670 
658 
650 
645 
641 
638 
631 
630 
627 
624 
625 
626 
626 
627 
632 
634 
635 
636 
635 
633 
629 
630 
631 
631 
632 
632 
635 
638 
641 
641 
639 
635 
632 
629 
623 
623 
621 
606 
605 
610 
614 
617 
614 
615 
613 
647 
651 
652 
659 
683 
758 
909 
1093 
1288 
1476 
1607 
1686 
1728 
1686 
1575 
1428 
1250 
1086 
979 
914 
865 
829 
804 
781 
767 
756 
747 
745 
741 
732 
718 
699 
691 
685 
681 
679 
676 
675 
675 
676 
673 
670 
667 
668 
671 
673 
675 
679 
683 
686 
684 
684 
684 
680 
676 
675 
676 
679 
686 
694 
695 
692 
687 
674 
671 
669 
671 
684 
686 
685 
691 
690 
671 
662 
660 
655 
658 
661 
669 
672 
809 
812 
814 
816 
819 
822 
823 
818 
662 
653 
646 
649 
653 
653 
656 
656 
654 
648 
643 
637 
636 
635 
640 
646 
652 
652 
655 
657 
657 
654 
648 
642 
640 
637 
640 
648 
655 
660 
658 
659 
811 
783 
757 
734 
717 
707 
704 
702 
697 
695 
699 
699 
693 
688 
675 
665 
658 
655 
655 
661 
671 
675 
678 
675 
671 
668 
663 
659 
660 
662 
661 
660 
662 
659 
665 
671 
676 
678 
681 
680 
673 
665 
660 
654 
655 
660 
667 
680 
687 
687 
682 
676 
665 
655 
650 
653 
653 
663 
672 
683 
689 
691 
683 
676 
667 
661 
659 
659 
662 
668 
677 
683 
686 
681 
678 
670 
663 
659 
655 
658 
656 
656 
651 
642 
636 
632 
635 
641 
643 
641 
630 
631 
633 
630 
632 
630 
629 
628 
624 
624 
623 
629 
645 
696 
790 
901 
1019 
1130 
1213 
1259 
1275 
1243 
1172 
1081 
979 
889 
834 
801 
778 
767 
759 
752 
737 
724 
714 
705 
700 
695 
690 
674 
672 
675 
680 
681 
681 
680 
677 
665 
655 
651 
649 
653 
659 
669 
675 
677 
679 
682 
679 
675 
668 
665 
662 
665 
669 
675 
683 
681 
686 
689 
615 
613 
612 
609 
603 
604 
609 
606 
604 
593 
594 
595 
598 
600 
595 
594 
591 
586 
585 
595 
630 
708 
815 
948 
1068 
1201 
1300 
1377 
1425 
1456 
1451 
1424 
1349 
1267 
1155 
1037 
932 
860 
814 
778 
598 
597 
598 
603 
613 
622 
623 
627 
628 
623 
615 
607 
601 
598 
600 
607 
612 
618 
621 
626 
627 
623 
615 
611 
608 
605 
607 
612 
619 
624 
626 
628 
628 
624 
620 
614 
609 
605 
604 
606 
625 
629 
632 
631 
630 
622 
611 
607 
582 
567 
564 
562 
563 
569 
576 
573 
564 
560 
571 
659 
861 
1143 
1490 
1834 
2141 
2425 
2657 
2853 
2977 
3046 
3027 
2945 
2788 
2579 
2291 
1954 
1612 
1331 
1161 
1047 
637 
640 
634 
627 
619 
611 
605 
589 
573 
571 
577 
583 
587 
589 
584 
577 
571 
568 
561 
556 
555 
557 
561 
567 
567 
569 
570 
577 
581 
579 
576 
572 
571 
571 
572 
571 
573 
578 
580 
586 
684 
673 
660 
649 
640 
633 
631 
619 
610 
611 
609 
611 
613 
612 
610 
604 
597 
590 
587 
586 
589 
592 
588 
592 
597 
600 
608 
612 
615 
613 
610 
606 
600 
595 
598 
599 
605 
612 
618 
620 
877 
846 
820 
801 
789 
784 
782 
775 
768 
765 
765 
761 
756 
747 
738 
732 
727 
727 
730 
733 
739 
745 
750 
753 
751 
744 
734 
727 
717 
714 
714 
717 
723 
730 
741 
747 
751 
751 
744 
736 
716 
722 
725 
727 
723 
710 
696 
691 
670 
654 
644 
642 
649 
659 
668 
668 
663 
657 
665 
749 
952 
1235 
1581 
1924 
2230 
2516 
2757 
2960 
3089 
3159 
3134 
3045 
2884 
2675 
2382 
2042 
1711 
1435 
1259 
1147 
758 
747 
732 
720 
714 
711 
702 
687 
760 
767 
772 
789 
797 
797 
789 
780 
801 
875 
973 
1093 
1213 
1330 
1418 
1471 
1496 
1480 
1418 
1328 
1210 
1099 
1002 
946 
920 
904 
893 
888 
883 
872 
860 
847 
820 
812 
808 
807 
795 
790 
777 
778 
783 
787 
795 
800 
798 
787 
776 
762 
762 
790 
844 
931 
1044 
1142 
1249 
1325 
1390 
1428 
1449 
1440 
1412 
1352 
1290 
1204 
1115 
1037 
983 
952 
932 
912 
891 
867 
806 
791 
783 
772 
753 
741 
736 
735 
736 
738 
745 
746 
745 
749 
752 
751 
752 
746 
736 
727 
723 
727 
735 
733 
737 
743 
753 
763 
761 
757 
753 
746 
743 
743 
725 
726 
738 
755 
772 
786 
729 
732 
727 
738 
753 
744 
727 
713 
700 
690 
682 
673 
666 
662 
666 
690 
771 
936 
1158 
1418 
1667 
1883 
2089 
2261 
2409 
2504 
2564 
2557 
2503 
2395 
2249 
2034 
1780 
1530 
1314 
1170 
1077 
1005 
946 
903 
780 
785 
794 
800 
788 
766 
747 
730 
717 
715 
719 
721 
723 
723 
738 
760 
759 
760 
756 
746 
738 
731 
723 
724 
727 
740 
757 
761 
768 
774 
767 
760 
751 
736 
727 
730 
735 
747 
748 
751 
755 
755 
764 
776 
776 
762 
745 
734 
726 
728 
730 
730 
735 
741 
747 
757 
759 
761 
768 
803 
881 
973 
1082 
1192 
1272 
1320 
1345 
1330 
1278 
1203 
1108 
1017 
946 
907 
879 
859 
848 
825 
829 
835 
795 
810 
815 
811 
809 
797 
769 
759 
753 
750 
762 
773 
786 
788 
795 
798 
798 
795 
813 
879 
971 
1079 
1191 
1309 
1398 
1451 
1485 
1481 
1428 
1347 
1237 
1126 
1026 
965 
926 
897 
883 
872 
872 
873 
769 
768 
765 
762 
763 
760 
760 
767 
774 
784 
787 
785 
775 
761 
751 
744 
740 
739 
746 
756 
769 
780 
789 
786 
777 
765 
748 
735 
736 
740 
750 
762 
774 
780 
784 
779 
764 
747 
736 
727 
727 
733 
740 
750 
762 
769 
774 
772 
765 
750 
740 
734 
731 
735 
743 
751 
758 
766 
770 
768 
760 
749 
736 
727 
719 
720 
724 
734 
749 
757 
764 
771 
770 
757 
741 
728 
721 
721 
721 
734 
794 
812 
817 
818 
826 
814 
784 
765 
747 
744 
753 
759 
766 
769 
778 
784 
786 
797 
827 
900 
995 
1104 
1214 
1322 
1400 
1444 
1475 
1465 
1420 
1349 
1244 
1135 
1031 
963 
920 
890 
872 
862 
858 
851 
792 
790 
779 
759 
742 
733 
730 
713 
707 
708 
719 
736 
744 
753 
759 
762 
754 
746 
730 
717 
707 
709 
722 
729 
743 
759 
768 
774 
771 
761 
743 
730 
722 
725 
733 
737 
742 
748 
762 
775 
845 
832 
823 
808 
792 
784 
780 
779 
772 
763 
764 
772 
787 
798 
804 
804 
796 
788 
781 
778 
777 
777 
775 
781 
796 
809 
818 
819 
807 
794 
786 
777 
773 
771 
772 
768 
779 
794 
806 
799 
811 
809 
800 
796 
786 
765 
759 
759 
770 
774 
779 
785 
789 
787 
794 
792 
788 
779 
772 
768 
767 
770 
772 
778 
784 
789 
794 
797 
798 
795 
786 
779 
776 
775 
776 
778 
780 
783 
792 
776 
724 
706 
692 
688 
689 
684 
682 
686 
692 
702 
713 
713 
711 
705 
701 
698 
692 
689 
690 
692 
700 
700 
706 
713 
720 
725 
721 
711 
698 
691 
688 
690 
699 
700 
703 
712 
722 
725 
716 
718 
639 
644 
655 
665 
674 
681 
679 
679 
677 
693 
741 
823 
932 
1031 
1106 
1152 
1175 
1157 
1093 
1002 
916 
847 
799 
773 
763 
759 
758 
757 
760 
762 
760 
751 
746 
740 
720 
701 
692 
689 
690 
696 
757 
755 
752 
742 
730 
717 
706 
700 
702 
708 
711 
717 
721 
723 
726 
721 
709 
696 
689 
685 
684 
688 
695 
702 
713 
717 
719 
717 
705 
698 
689 
685 
688 
689 
689 
693 
698 
686 
683 
683 
699 
700 
694 
687 
677 
670 
666 
678 
717 
781 
890 
1024 
1143 
1273 
1359 
1435 
1478 
1505 
1503 
1477 
1402 
1323 
1220 
1118 
1024 
955 
910 
873 
842 
822 
800 
775 
762 
754 
751 
743 
728 
731 
734 
737 
716 
715 
707 
694 
682 
673 
669 
666 
715 
721 
724 
716 
703 
693 
681 
678 
685 
684 
690 
703 
715 
727 
733 
731 
721 
706 
692 
687 
682 
678 
683 
689 
700 
716 
721 
729 
740 
746 
734 
722 
687 
696 
705 
703 
689 
680 
668 
658 
652 
646 
652 
660 
679 
711 
778 
867 
970 
1053 
1107 
1129 
1139 
1115 
1063 
992 
930 
882 
849 
829 
810 
788 
768 
747 
737 
730 
731 
738 
745 
752 
745 
732 
724 
719 
711 
700 
685 
679 
681 
672 
684 
695 
703 
707 
708 
710 
713 
707 
693 
683 
676 
679 
688 
695 
697 
699 
691 
696 
711 
710 
711 
709 
707 
706 
702 
699 
695 
692 
689 
694 
698 
705 
700 
688 
674 
663 
662 
665 
671 
676 
675 
684 
696 
719 
771 
845 
939 
1022 
1110 
1176 
1228 
1258 
1284 
1283 
1268 
1222 
1171 
1097 
1015 
941 
886 
846 
818 
798 
777 
764 
756 
751 
751 
748 
741 
732 
729 
718 
707 
696 
693 
693 
690 
688 
689 
709 
778 
921 
1110 
1335 
1562 
1758 
1944 
2100 
2234 
2322 
2375 
2376 
2336 
2235 
2095 
1897 
1666 
1437 
1246 
1125 
1051 
997 
954 
925 
902 
883 
864 
846 
816 
780 
714 
712 
707 
699 
690 
685 
681 
683 
690 
696 
694 
697 
695 
699 
702 
704 
700 
692 
689 
690 
691 
693 
699 
700 
704 
703 
708 
708 
704 
696 
689 
685 
686 
687 
689 
693 
691 
694 
711 
708 
747 
747 
748 
748 
750 
755 
758 
754 
753 
750 
749 
747 
747 
746 
747 
748 
752 
757 
762 
761 
760 
756 
749 
744 
742 
739 
742 
747 
747 
752 
759 
759 
762 
762 
765 
771 
761 
755 
737 
733 
802 
794 
787 
778 
770 
766 
759 
761 
2489 
2155 
1816 
1539 
1368 
1260 
1168 
1089 
1020 
963 
919 
883 
857 
833 
804 
796 
793 
794 
791 
783 
769 
751 
741 
734 
727 
727 
730 
735 
743 
752 
757 
761 
3011 
3143 
3221 
3216 
3144 
2999 
2801 
2509 
2162 
1811 
1513 
1318 
1197 
1113 
1049 
1003 
974 
947 
927 
909 
877 
834 
799 
775 
759 
748 
744 
746 
753 
758 
762 
761 
761 
756 
741 
725 
715 
711 
708 
715 
744 
740 
730 
719 
709 
706 
707 
711 
715 
721 
731 
739 
741 
735 
720 
702 
693 
687 
687 
693 
699 
707 
704 
704 
700 
692 
686 
675 
666 
664 
666 
673 
681 
695 
712 
770 
887 
1030 
1173 
1311 
1409 
1467 
1492 
1460 
1376 
1262 
1127 
1008 
934 
892 
863 
834 
801 
776 
759 
745 
738 
736 
733 
732 
727 
724 
723 
716 
700 
680 
667 
657 
654 
655 
656 
668 
683 
693 
693 
691 
683 
672 
668 
666 
731 
742 
743 
748 
762 
772 
777 
777 
770 
755 
741 
730 
730 
733 
731 
740 
752 
755 
771 
785 
780 
776 
773 
745 
719 
709 
705 
704 
706 
710 
715 
722 
737 
755 
844 
1038 
1312 
1640 
1977 
2284 
727 
725 
734 
749 
759 
760 
756 
744 
731 
722 
716 
714 
708 
719 
731 
738 
747 
754 
757 
755 
747 
738 
733 
726 
706 
703 
707 
711 
717 
719 
727 
725 
718 
708 
698 
693 
697 
728 
794 
889 
1255 
1408 
1526 
1594 
1628 
1614 
1547 
1446 
1302 
1151 
1013 
920 
857 
812 
781 
748 
736 
737 
745 
748 
748 
741 
726 
705 
691 
684 
679 
668 
663 
663 
666 
662 
675 
688 
688 
696 
698 
690 
679 
673 
692 
695 
700 
712 
730 
745 
748 
747 
735 
732 
729 
723 
715 
710 
711 
723 
724 
730 
742 
748 
763 
762 
753 
744 
731 
722 
723 
715 
715 
721 
732 
748 
762 
770 
773 
771 
764 
755 
743 
736 
669 
669 
669 
668 
670 
674 
681 
688 
694 
698 
701 
699 
689 
676 
669 
663 
667 
673 
675 
682 
700 
709 
693 
681 
663 
642 
634 
624 
624 
627 
639 
648 
660 
678 
727 
837 
975 
1132 
1281 
1425 
704 
694 
682 
667 
659 
655 
655 
660 
669 
682 
693 
701 
708 
705 
693 
676 
664 
661 
665 
678 
679 
687 
685 
688 
685 
679 
668 
655 
641 
629 
626 
632 
650 
693 
775 
889 
1027 
1147 
1268 
1355 
723 
714 
713 
713 
715 
723 
733 
746 
746 
752 
760 
762 
752 
739 
729 
724 
726 
732 
739 
750 
761 
764 
747 
740 
728 
711 
697 
689 
688 
691 
700 
712 
722 
733 
747 
773 
828 
910 
1011 
1100 
711 
717 
725 
735 
740 
751 
750 
745 
735 
725 
720 
717 
719 
722 
730 
739 
735 
737 
739 
734 
723 
710 
686 
676 
674 
678 
684 
687 
694 
704 
707 
708 
699 
694 
705 
760 
877 
1021 
1172 
1323 
683 
668 
660 
659 
663 
671 
683 
691 
724 
722 
721 
720 
715 
716 
717 
718 
718 
719 
720 
722 
722 
722 
723 
723 
720 
721 
725 
727 
724 
724 
718 
712 
716 
699 
682 
679 
681 
681 
678 
672 
639 
642 
642 
643 
645 
649 
653 
678 
731 
808 
901 
982 
1042 
1074 
1091 
1075 
1019 
944 
878 
830 
800 
787 
778 
768 
759 
750 
743 
736 
729 
724 
725 
724 
717 
713 
712 
710 
705 
700 
696 
689 
667 
671 
673 
676 
676 
683 
701 
758 
870 
1005 
1150 
1295 
1401 
1464 
1489 
1452 
1364 
1254 
1125 
1005 
933 
892 
863 
839 
816 
797 
779 
762 
754 
749 
747 
744 
739 
735 
732 
729 
723 
715 
707 
701 
588 
588 
592 
602 
630 
715 
901 
1169 
1485 
1776 
2097 
2336 
2534 
2659 
2737 
2738 
2665 
2474 
2263 
1965 
1661 
1383 
1183 
1051 
959 
888 
830 
786 
753 
723 
697 
678 
654 
634 
623 
615 
610 
605 
599 
598 
603 
604 
604 
602 
604 
607 
611 
614 
615 
615 
617 
618 
619 
619 
619 
618 
619 
621 
623 
624 
625 
626 
621 
621 
621 
621 
621 
618 
621 
622 
623 
625 
625 
629 
632 
634 
634 
634 
635 
636 
658 
657 
656 
656 
657 
661 
663 
661 
662 
663 
660 
660 
659 
658 
657 
658 
656 
656 
657 
657 
660 
663 
664 
667 
669 
671 
673 
671 
671 
670 
669 
669 
669 
667 
653 
651 
648 
646 
646 
645 
672 
670 
672 
673 
672 
672 
670 
669 
669 
669 
672 
673 
673 
673 
679 
682 
683 
683 
681 
681 
682 
680 
682 
680 
681 
683 
682 
685 
686 
685 
677 
668 
675 
674 
658 
656 
655 
652 
656 
656 
724 
725 
727 
726 
728 
732 
738 
738 
736 
736 
734 
734 
732 
732 
732 
733 
737 
735 
738 
741 
738 
736 
734 
732 
733 
734 
733 
734 
737 
745 
755 
754 
749 
734 
727 
725 
723 
720 
719 
719 
702 
701 
699 
701 
706 
726 
785 
899 
1038 
1184 
1328 
1434 
1493 
1520 
1485 
1399 
1289 
1158 
1036 
964 
920 
889 
862 
836 
814 
800 
792 
784 
778 
773 
773 
767 
757 
752 
751 
747 
745 
740 
738 
735 
755 
750 
746 
746 
747 
747 
750 
754 
759 
766 
768 
766 
763 
762 
759 
756 
756 
757 
758 
763 
765 
765 
766 
768 
765 
764 
761 
750 
743 
749 
751 
738 
737 
738 
736 
740 
741 
743 
741 
743 
763 
763 
760 
757 
753 
750 
747 
744 
744 
743 
746 
751 
752 
755 
756 
758 
762 
760 
759 
756 
756 
758 
761 
761 
762 
763 
762 
762 
758 
766 
772 
765 
760 
742 
740 
736 
733 
732 
733 
736 
738 
741 
747 
758 
785 
845 
923 
1021 
1109 
1206 
1280 
1339 
1381 
1405 
1410 
1395 
1339 
1276 
1186 
1094 
1007 
945 
903 
878 
858 
844 
835 
834 
822 
819 
815 
805 
794 
782 
777 
774 
772 
769 
767 
769 
720 
716 
727 
790 
931 
1125 
1357 
1593 
705 
702 
701 
698 
695 
694 
694 
694 
695 
698 
698 
700 
701 
703 
711 
720 
717 
712 
696 
692 
684 
676 
674 
675 
680 
684 
691 
694 
701 
734 
810 
920 
906 
1070 
1250 
1428 
1554 
1623 
1654 
1602 
1495 
1362 
1203 
1063 
975 
926 
887 
862 
839 
814 
790 
767 
752 
745 
745 
746 
736 
723 
721 
720 
719 
714 
707 
700 
699 
700 
701 
700 
701 
700 
705 
702 
712 
712 
709 
705 
699 
695 
695 
698 
700 
702 
705 
710 
715 
714 
710 
706 
699 
695 
693 
693 
694 
697 
707 
719 
720 
717 
698 
692 
683 
678 
678 
679 
677 
675 
680 
690 
702 
744 
827 
942 
712 
712 
713 
718 
718 
719 
722 
728 
731 
729 
725 
719 
713 
712 
710 
703 
704 
707 
713 
722 
725 
726 
729 
729 
732 
710 
691 
679 
668 
667 
670 
665 
665 
668 
675 
699 
803 
1038 
1358 
1749 
701 
699 
702 
708 
712 
713 
712 
715 
714 
707 
707 
703 
701 
701 
699 
699 
700 
703 
707 
707 
711 
717 
721 
714 
711 
706 
691 
683 
680 
681 
683 
684 
689 
691 
686 
684 
680 
685 
704 
766 
708 
712 
714 
713 
707 
702 
698 
692 
690 
687 
690 
695 
698 
705 
709 
714 
714 
713 
709 
705 
698 
695 
691 
687 
698 
702 
693 
695 
695 
688 
683 
675 
669 
664 
663 
663 
669 
683 
740 
870 
879 
1043 
1234 
1423 
1603 
1734 
1815 
1858 
1827 
1731 
1599 
1427 
1252 
1096 
997 
935 
887 
855 
828 
804 
787 
777 
768 
759 
756 
744 
733 
722 
714 
709 
707 
708 
706 
706 
704 
701 
704 
701 
698 
693 
946 
1100 
1235 
1382 
1495 
1584 
1640 
1680 
1679 
1651 
1563 
1463 
1323 
1180 
1049 
958 
898 
866 
842 
821 
802 
785 
771 
756 
744 
728 
713 
706 
703 
700 
701 
700 
701 
700 
698 
692 
685 
681 
676 
678 
762 
908 
1082 
1259 
1439 
1566 
1631 
1661 
1623 
1521 
1387 
1223 
1076 
980 
919 
877 
843 
815 
792 
774 
763 
757 
754 
750 
743 
732 
719 
711 
701 
694 
687 
684 
683 
680 
681 
685 
690 
695 
694 
693 
712 
714 
712 
707 
702 
699 
702 
706 
707 
707 
709 
712 
717 
719 
718 
716 
715 
714 
716 
715 
713 
714 
717 
718 
716 
718 
718 
713 
707 
708 
690 
672 
669 
666 
665 
668 
666 
662 
655 
655 
675 
783 
1039 
1390 
1813 
2231 
2594 
2934 
3225 
3467 
3620 
3703 
3680 
3582 
3391 
3140 
2785 
2371 
1958 
1610 
1386 
1242 
1135 
1044 
980 
928 
884 
852 
824 
790 
750 
724 
708 
696 
684 
675 
668 
665 
661 
661 
638 
642 
646 
649 
676 
744 
851 
984 
1102 
1189 
1238 
1264 
1238 
1160 
1053 
952 
872 
823 
795 
776 
762 
751 
740 
740 
740 
738 
739 
737 
733 
717 
701 
693 
691 
688 
687 
687 
686 
687 
690 
691 
1481 
1575 
1634 
1672 
1671 
1638 
1545 
1446 
653 
648 
644 
644 
643 
643 
645 
651 
659 
668 
697 
765 
866 
990 
1100 
1172 
1213 
1232 
1211 
1143 
1045 
957 
891 
847 
819 
796 
776 
764 
752 
742 
734 
731 
692 
692 
692 
691 
681 
666 
660 
658 
657 
658 
656 
658 
659 
661 
666 
668 
669 
690 
756 
892 
1057 
1224 
1395 
1509 
1575 
1612 
1581 
1485 
1359 
1202 
1056 
957 
898 
852 
819 
794 
776 
764 
757 
753 
797 
784 
770 
761 
746 
724 
705 
696 
693 
691 
694 
694 
697 
701 
705 
705 
699 
695 
687 
687 
685 
683 
685 
686 
690 
696 
698 
702 
705 
704 
702 
697 
690 
685 
683 
683 
688 
694 
701 
707 
751 
750 
746 
742 
738 
733 
719 
706 
704 
701 
699 
701 
703 
699 
691 
687 
711 
811 
1041 
1362 
1753 
2141 
2490 
2816 
3077 
3300 
3434 
3517 
3501 
3424 
3251 
3013 
2683 
2295 
1909 
1580 
1373 
1242 
1143 
1064 
1003 
958 
917 
878 
847 
810 
770 
745 
728 
717 
710 
706 
705 
703 
703 
697 
691 
684 
681 
679 
680 
679 
680 
683 
685 
688 
688 
683 
680 
679 
675 
674 
674 
672 
675 
679 
683 
685 
686 
690 
683 
685 
688 
695 
699 
702 
695 
676 
662 
651 
647 
649 
649 
655 
658 
662 
669 
671 
678 
697 
760 
888 
1045 
1216 
1382 
1511 
1587 
1624 
1587 
1488 
1361 
1202 
1056 
957 
895 
849 
817 
794 
778 
767 
749 
741 
734 
731 
727 
711 
702 
700 
702 
702 
704 
704 
696 
693 
691 
684 
679 
683 
687 
689 
689 
689 
690 
690 
691 
696 
701 
697 
697 
700 
701 
698 
687 
691 
693 
697 
698 
697 
700 
706 
779 
770 
768 
765 
766 
750 
731 
717 
708 
702 
701 
699 
696 
699 
703 
706 
708 
709 
706 
699 
695 
692 
689 
688 
690 
693 
697 
698 
700 
704 
710 
713 
714 
709 
705 
703 
702 
702 
703 
706 
727 
722 
715 
709 
706 
702 
704 
709 
712 
717 
723 
730 
732 
730 
722 
715 
714 
713 
713 
716 
722 
730 
734 
733 
730 
722 
719 
715 
710 
709 
712 
717 
722 
727 
730 
731 
731 
726 
722 
719 
715 
718 
718 
722 
725 
729 
733 
735 
736 
734 
726 
720 
714 
715 
714 
716 
723 
725 
729 
732 
733 
733 
730 
729 
725 
723 
726 
726 
727 
728 
729 
732 
733 
733 
732 
727 
726 
721 
717 
717 
689 
692 
693 
696 
692 
689 
681 
660 
655 
649 
650 
657 
663 
670 
671 
672 
674 
673 
675 
693 
755 
888 
1055 
1234 
1413 
1543 
1612 
1643 
1603 
1508 
1380 
1219 
1072 
975 
913 
870 
837 
809 
791 
777 
682 
685 
688 
691 
692 
686 
679 
685 
684 
664 
661 
659 
661 
665 
664 
667 
669 
671 
669 
668 
677 
723 
847 
1012 
1205 
1395 
1581 
1718 
1800 
1840 
1814 
1719 
1584 
1408 
1233 
1076 
977 
917 
874 
846 
691 
689 
692 
694 
697 
707 
716 
707 
742 
745 
748 
750 
748 
748 
743 
739 
739 
738 
738 
740 
743 
746 
747 
747 
748 
746 
745 
745 
746 
746 
744 
743 
744 
747 
750 
747 
744 
749 
730 
713 
705 
705 
707 
708 
709 
710 
711 
717 
756 
859 
992 
1146 
1300 
1449 
1556 
1612 
1644 
1624 
1551 
1447 
1308 
1169 
1045 
967 
919 
884 
860 
837 
820 
805 
794 
791 
783 
777 
762 
748 
742 
738 
734 
731 
728 
729 
728 
726 
725 
725 
723 
722 
722 
725 
725 
725 
725 
725 
726 
727 
726 
724 
722 
721 
722 
724 
725 
726 
729 
731 
730 
731 
731 
727 
723 
723 
728 
734 
733 
731 
720 
713 
710 
708 
736 
736 
734 
735 
735 
735 
735 
735 
733 
733 
736 
735 
738 
737 
738 
739 
740 
741 
740 
739 
739 
739 
741 
745 
745 
744 
744 
744 
744 
745 
745 
746 
741 
737 
739 
722 
709 
701 
698 
694 
715 
715 
718 
722 
724 
724 
723 
718 
713 
711 
711 
711 
716 
722 
724 
723 
722 
718 
716 
715 
719 
717 
722 
726 
729 
728 
724 
715 
711 
714 
717 
722 
732 
735 
734 
726 
700 
687 
684 
682 
689 
699 
706 
707 
707 
701 
693 
695 
714 
773 
893 
1031 
1177 
1319 
1421 
1474 
1499 
1467 
1386 
1281 
1153 
1036 
959 
908 
874 
846 
820 
803 
795 
786 
785 
783 
779 
773 
761 
744 
734 
729 
725 
722 
720 
719 
718 
719 
720 
722 
722 
722 
722 
719 
717 
719 
718 
720 
722 
724 
724 
725 
725 
722 
717 
717 
719 
720 
724 
731 
733 
734 
733 
730 
727 
726 
716 
709 
716 
718 
704 
706 
711 
711 
740 
735 
732 
728 
726 
724 
722 
723 
724 
726 
731 
734 
735 
734 
731 
729 
728 
726 
721 
722 
724 
730 
737 
742 
742 
740 
737 
730 
724 
723 
726 
731 
744 
754 
749 
745 
730 
720 
712 
705 
669 
668 
667 
667 
667 
666 
666 
670 
676 
700 
755 
835 
936 
1022 
1081 
1114 
1130 
1111 
1055 
978 
909 
858 
825 
807 
797 
787 
779 
772 
768 
763 
758 
754 
755 
755 
742 
730 
725 
721 
717 
717 
715 
715 
713 
712 
708 
707 
707 
711 
711 
710 
713 
711 
711 
713 
711 
712 
712 
714 
716 
717 
716 
717 
718 
715 
715 
717 
718 
720 
721 
720 
720 
719 
718 
719 
720 
714 
699 
694 
691 
690 
714 
709 
705 
707 
708 
710 
714 
718 
718 
715 
712 
710 
706 
705 
705 
704 
707 
711 
715 
719 
722 
721 
721 
719 
716 
714 
714 
712 
713 
717 
720 
723 
724 
725 
725 
723 
721 
720 
720 
721 
711 
708 
706 
704 
701 
701 
699 
701 
699 
699 
700 
700 
697 
697 
697 
697 
698 
700 
702 
701 
702 
701 
702 
702 
703 
705 
703 
703 
703 
699 
698 
700 
696 
678 
672 
673 
671 
671 
671 
672 
724 
723 
721 
722 
722 
723 
722 
726 
722 
708 
699 
695 
694 
696 
697 
700 
701 
700 
700 
698 
702 
719 
775 
887 
1020 
1164 
1307 
1411 
1470 
1497 
1463 
1377 
1269 
1140 
1022 
945 
900 
869 
849 
830 
710 
708 
707 
705 
706 
710 
715 
716 
718 
719 
716 
707 
698 
702 
701 
683 
681 
684 
684 
691 
691 
691 
688 
685 
682 
684 
691 
731 
832 
967 
1126 
1282 
1428 
1534 
1591 
1617 
1588 
1509 
1402 
1266 
727 
731 
734 
736 
738 
740 
735 
728 
723 
723 
723 
725 
731 
728 
735 
737 
739 
742 
744 
742 
739 
736 
733 
730 
734 
737 
740 
742 
745 
748 
748 
750 
750 
746 
740 
738 
736 
737 
740 
745 
706 
702 
698 
696 
695 
696 
697 
702 
709 
713 
720 
719 
714 
707 
695 
673 
671 
671 
669 
673 
677 
680 
685 
686 
689 
685 
686 
696 
750 
862 
996 
1141 
1287 
1391 
1454 
1483 
1450 
1364 
1251 
1115 
1152 
1033 
961 
916 
887 
862 
841 
825 
807 
791 
780 
770 
761 
747 
738 
735 
734 
735 
734 
735 
731 
727 
722 
717 
713 
710 
709 
712 
711 
718 
724 
729 
733 
736 
733 
727 
718 
713 
709 
707 
735 
735 
740 
746 
745 
750 
756 
760 
760 
759 
752 
748 
743 
737 
737 
741 
741 
744 
755 
763 
766 
766 
765 
759 
754 
748 
745 
746 
749 
759 
766 
772 
773 
775 
772 
764 
755 
754 
753 
754 
2225 
1931 
1644 
1406 
1255 
1161 
1090 
1030 
986 
948 
913 
880 
854 
825 
790 
771 
761 
754 
757 
755 
753 
748 
740 
729 
723 
717 
714 
715 
717 
723 
729 
733 
733 
733 
730 
725 
717 
713 
711 
711 
713 
720 
726 
730 
727 
723 
715 
708 
701 
697 
698 
701 
707 
715 
726 
729 
728 
723 
713 
705 
695 
685 
690 
696 
685 
688 
690 
691 
695 
693 
689 
682 
679 
678 
681 
690 
730 
834 
971 
1129 
1282 
1425 
1530 
1591 
1619 
1592 
1512 
1402 
1264 
1131 
1011 
939 
898 
867 
844 
823 
802 
784 
768 
759 
752 
749 
737 
729 
727 
725 
723 
712 
713 
711 
706 
699 
696 
695 
698 
697 
691 
696 
702 
709 
2338 
2531 
2692 
2792 
2851 
2840 
2778 
2645 
2466 
2223 
1939 
1658 
1426 
1271 
1167 
1083 
1017 
965 
924 
889 
867 
851 
829 
803 
792 
785 
770 
759 
748 
733 
721 
712 
710 
711 
714 
722 
731 
733 
731 
723 
925 
1004 
1061 
1100 
1122 
1113 
1068 
995 
924 
867 
826 
803 
788 
778 
770 
767 
769 
769 
771 
770 
771 
766 
746 
725 
713 
708 
705 
705 
705 
708 
714 
717 
716 
714 
710 
706 
701 
697 
694 
692 
714 
773 
888 
1027 
1173 
1318 
1422 
1471 
1486 
1450 
1367 
1261 
1135 
1022 
949 
907 
874 
848 
826 
809 
792 
780 
775 
774 
770 
766 
751 
735 
729 
728 
727 
729 
727 
721 
715 
710 
706 
703 
703 
704 
710 
714 
718 
723 
723 
719 
714 
709 
754 
752 
740 
730 
728 
725 
721 
718 
713 
710 
707 
706 
705 
705 
706 
708 
707 
710 
710 
714 
714 
714 
714 
715 
714 
713 
712 
713 
713 
714 
716 
717 
732 
728 
726 
725 
724 
722 
721 
720 
722 
717 
723 
724 
708 
708 
707 
704 
705 
702 
701 
705 
706 
706 
710 
720 
759 
858 
988 
1136 
1282 
1419 
1517 
1573 
1604 
1585 
1511 
1412 
1280 
1149 
1034 
961 
1475 
1294 
1180 
1093 
1022 
967 
922 
887 
857 
834 
803 
771 
750 
