-15376 
0 
262180 
32761 
-221139120 
14 
0 
0 
-2145979060 
1 
-221249536 
32761 
-217987728 
32761 
-221160800 
32761 
-14704 
0 
364729271 
15923 
-220316912 
32761 
0 
0 
-15248 
0 
0 
0 
0 
0 
-13424 
0 
-2143963392 
1 
-15376 
0 
-15680 
0 
262180 
0 
-15120 
0 
257 
32 
68 
5 
99180 
8 
0 
2 
5505102 
4259872 
5505109 
5177416 
4784210 
5832788 
0 
0 
0 
0 
0 
0 
0 
0 
0 
0 
-15592 
0 
568 
384 
0 
0 
1 
0 
0 
0 
0 
0 
0 
0 
0 
0 
0 
0 
717760 
0 
0 
0 
0 
0 
0 
0 
0 
0 
0 
0 
-15248 
0 
-218005248 
32761 
0 
0 
0 
0 
0 
0 
0 
0 
-13816 
0 
0 
0 
1 
0 
0 
0 
3424256 
0 
0 
0 
0 
0 
758197587 
875965749 
3552045 
842151223 
3748149 
859321645 
825046070 
875968568 
909521453 
842151729 
758329394 
926496049 
959526965 
908931888 
943141173 
909193778 
825766445 
925972789 
758330932 
909324856 
959788085 
808594739 
859189817 
926233907 
943206701 
859189557 
3748920 
0 
0 
0 
0 
0 
-15344 
0 
698328 
0 
698304 
0 
698372 
0 
0 
0 
60 
0 
0 
0 
1 
0 
0 
0 
0 
0 
0 
0 
0 
0 
0 
0 
0 
0 
0 
0 
-218338320 
32761 
7077955 
7667823 
2097252 
6488129 
7274595 
7209077 
2097268 
7667777 
6815860 
7209061 
6881396 
6357091 
6881396 
7209071 
0 
0 
448 
2 
0 
0 
0 
0 
0 
0 
0 
0 
0 
0 
0 
0 
0 
0 
-13248 
0 
-2147071248 
1 
0 
0 
-27048 
0 
0 
0 
0 
0 
-13816 
0 
0 
0 
0 
0 
0 
0 
0 
0 
0 
0 
-14704 
0 
0 
0 
0 
0 
0 
0 
0 
0 
0 
0 
719200 
0 
65 
0 
364728471 
15923 
16 
0 
0 
0 
-13816 
0 
0 
0 
0 
0 
-218005112 
32761 
0 
0 
-218003552 
32761 
-220317616 
32761 
-218003552 
32761 
0 
0 
0 
0 
-218005112 
32761 
-14704 
0 
-13816 
0 
1903232307 
0 
-199358544 
32761 
-217921614 
32761 
-217987760 
32761 
2 
0 
-217987728 
32761 
-13816 
0 
512 
0 
1978534695 
3126 
-217921620 
32761 
0 
0 
-2146619762 
1 
-14544 
0 
-2146506771 
1 
720016 
0 
-199531375 
32761 
0 
0 
0 
0 
717744 
0 
380 
0 
67 
32761 
14 
0 
48 
7667823 
0 
0 
0 
0 
0 
0 
0 
0 
0 
0 
0 
0 
0 
0 
303840 
8 
-2145116848 
1 
0 
0 
-2146619218 
1 
1 
0 
-13696 
0 
1 
0 
-2147198918 
1 
-14096 
0 
717744 
0 
11 
0 
-2145615163 
1 
14 
0 
11 
0 
0 
0 
11 
0 
-14032 
0 
-2143844192 
1 
-2143846120 
1 
-2145190791 
1 
16 
8 
-2147202347 
1 
528 
0 
17 
8 
0 
0 
-2147199789 
1 
-2143844328 
1 
0 
0 
-2144872137 
1 
-14032 
0 
17 
8 
-2144821912 
1 
-2143844312 
1 
-2143846136 
1 
17 
8 
-2144821912 
1 
16 
8 
-2147202551 
1 
7 
0 
-14032 
0 
-2144872137 
1 
-2146473625 
1 
-14032 
0 
-2146470715 
1 
2240 
0 
-2145684739 
1 
-13504 
0 
0 
0 
-13504 
0 
-2146506395 
1 
-13216 
0 
-2144537984 
1 
-13424 
0 
0 
0 
-13744 
0 
-13752 
0 
-2145128704 
1 
-2146502650 
1 
0 
0 
-2145166944 
1 
0 
0 
0 
0 
719216 
0 
-2145933643 
1 
64 
0 
217 
219 
224 
229 
234 
238 
237 
233 
227 
224 
226 
229 
234 
243 
254 
257 
157 
149 
147 
147 
155 
163 
164 
159 
154 
145 
137 
136 
138 
144 
155 
164 
239 
243 
247 
251 
256 
257 
257 
257 
260 
263 
264 
262 
263 
265 
267 
268 
271 
252 
238 
231 
230 
226 
218 
207 
204 
202 
216 
319 
602 
1025 
1528 
2046 
2547 
3024 
3443 
3780 
3972 
4014 
4025 
4021 
3999 
3937 
3667 
3284 
2808 
2271 
1737 
1332 
1078 
911 
790 
684 
600 
530 
470 
421 
377 
332 
313 
301 
286 
267 
252 
236 
219 
213 
210 
219 
230 
229 
225 
224 
220 
216 
215 
212 
212 
218 
222 
222 
221 
220 
219 
219 
223 
229 
240 
248 
248 
247 
246 
238 
236 
236 
236 
242 
252 
243 
228 
219 
218 
209 
204 
198 
199 
199 
239 
422 
827 
1340 
1925 
2540 
3088 
3609 
3988 
4026 
4025 
4026 
4026 
4026 
4026 
4027 
3986 
3722 
3214 
2638 
2036 
1520 
1195 
984 
832 
703 
603 
524 
458 
407 
356 
312 
292 
273 
247 
227 
206 
191 
181 
178 
180 
184 
184 
181 
182 
181 
177 
177 
174 
173 
173 
175 
179 
178 
174 
175 
176 
180 
186 
192 
199 
203 
205 
201 
201 
202 
201 
205 
207 
215 
220 
211 
195 
188 
184 
179 
173 
174 
180 
186 
192 
248 
483 
919 
1467 
2057 
2678 
3265 
3775 
4012 
4026 
4026 
4025 
4026 
4026 
4007 
3804 
3330 
2784 
2182 
1623 
1243 
1006 
839 
711 
605 
518 
451 
395 
353 
308 
269 
243 
229 
217 
203 
189 
178 
168 
161 
158 
160 
163 
167 
168 
167 
165 
160 
156 
152 
152 
155 
158 
164 
169 
173 
177 
176 
177 
178 
179 
180 
179 
181 
183 
186 
190 
194 
194 
190 
195 
185 
166 
162 
157 
155 
156 
159 
168 
178 
228 
445 
877 
1422 
1994 
2562 
3136 
3663 
3994 
4025 
4026 
4026 
4026 
4026 
4027 
4027 
3988 
3730 
3282 
2732 
2129 
1588 
1196 
964 
804 
678 
572 
488 
418 
358 
297 
245 
214 
198 
184 
171 
155 
141 
128 
119 
110 
104 
104 
116 
119 
115 
107 
99 
99 
100 
109 
122 
129 
129 
123 
122 
117 
112 
112 
117 
128 
138 
141 
140 
140 
136 
131 
127 
129 
141 
143 
139 
125 
120 
115 
116 
114 
114 
121 
163 
299 
546 
886 
1264 
1639 
2010 
2392 
2750 
3059 
3305 
3479 
3586 
3664 
3696 
3662 
3549 
3359 
3106 
2806 
2464 
2075 
1679 
1288 
995 
795 
652 
540 
456 
388 
332 
277 
231 
204 
186 
170 
156 
141 
127 
113 
103 
97 
93 
93 
95 
98 
99 
99 
103 
105 
107 
107 
107 
106 
109 
115 
116 
115 
113 
114 
116 
118 
122 
127 
130 
128 
123 
121 
119 
119 
122 
128 
135 
143 
147 
147 
149 
150 
148 
149 
150 
152 
155 
156 
161 
164 
167 
168 
171 
171 
169 
167 
166 
165 
169 
172 
177 
177 
176 
180 
182 
185 
192 
4025 
4026 
4025 
4026 
4004 
3905 
3562 
3087 
2552 
1998 
1516 
1213 
1015 
874 
755 
662 
589 
526 
477 
426 
376 
347 
320 
305 
291 
279 
266 
251 
243 
237 
235 
237 
243 
250 
249 
247 
249 
243 
238 
234 
235 
240 
241 
247 
249 
252 
253 
252 
249 
245 
244 
243 
246 
250 
254 
256 
257 
260 
264 
265 
258 
242 
238 
240 
237 
237 
235 
236 
240 
245 
299 
514 
902 
1391 
1924 
2475 
2990 
3445 
3827 
3990 
4026 
4025 
4026 
4007 
3937 
3613 
3165 
2652 
2090 
1576 
1223 
1000 
847 
732 
637 
561 
498 
446 
401 
353 
309 
279 
259 
247 
241 
234 
224 
219 
216 
214 
211 
208 
210 
212 
211 
209 
208 
208 
206 
206 
206 
209 
214 
220 
224 
223 
221 
219 
215 
213 
211 
215 
222 
227 
233 
233 
234 
230 
223 
230 
222 
209 
208 
212 
213 
213 
211 
212 
215 
256 
446 
827 
1311 
1826 
2339 
2842 
3294 
3691 
3967 
4024 
4025 
4025 
4025 
4026 
3994 
3860 
3513 
3095 
2589 
2034 
1540 
1180 
961 
812 
696 
603 
524 
460 
404 
344 
298 
266 
239 
226 
215 
202 
193 
186 
178 
171 
167 
167 
171 
175 
179 
180 
178 
176 
171 
168 
168 
167 
170 
176 
186 
194 
193 
190 
187 
180 
175 
174 
178 
186 
194 
200 
202 
209 
219 
214 
203 
183 
177 
178 
181 
181 
181 
190 
228 
347 
571 
881 
1224 
1572 
1913 
2259 
2573 
2847 
3063 
3225 
3338 
3425 
3460 
3428 
3325 
3149 
2917 
2652 
2337 
1981 
1617 
1257 
983 
802 
675 
579 
503 
443 
396 
348 
305 
274 
250 
229 
212 
197 
187 
182 
181 
183 
186 
188 
188 
183 
182 
177 
175 
176 
179 
183 
186 
192 
192 
194 
196 
192 
193 
190 
190 
193 
195 
198 
199 
200 
203 
202 
206 
211 
215 
220 
219 
220 
220 
221 
223 
223 
228 
231 
236 
239 
239 
241 
242 
243 
240 
239 
240 
239 
240 
243 
247 
252 
255 
260 
266 
269 
268 
266 
265 
266 
265 
265 
267 
273 
276 
282 
285 
287 
286 
283 
279 
279 
281 
282 
284 
287 
291 
294 
296 
301 
306 
307 
306 
309 
313 
318 
317 
317 
317 
317 
320 
323 
327 
329 
328 
327 
328 
329 
329 
328 
329 
332 
333 
338 
344 
349 
349 
348 
325 
309 
303 
301 
301 
298 
293 
290 
288 
299 
391 
634 
1006 
1449 
1912 
2357 
2771 
3143 
3443 
3686 
3843 
3932 
3927 
3858 
3685 
3421 
3075 
2647 
2167 
1687 
1321 
1092 
935 
825 
737 
666 
606 
557 
512 
464 
410 
378 
354 
338 
333 
332 
331 
326 
320 
316 
307 
301 
295 
296 
298 
303 
307 
307 
307 
307 
307 
304 
301 
299 
300 
305 
307 
308 
310 
311 
312 
314 
315 
317 
320 
327 
331 
331 
328 
328 
311 
294 
286 
286 
284 
291 
291 
296 
293 
322 
480 
838 
1296 
1818 
2327 
2830 
3279 
3670 
3958 
4023 
4024 
4025 
1751 
2253 
2716 
3149 
3551 
3874 
3995 
4024 
4026 
4026 
4010 
3954 
3747 
3405 
2957 
2462 
1942 
1494 
1209 
1027 
896 
784 
694 
621 
560 
510 
461 
414 
383 
368 
356 
344 
336 
326 
315 
306 
298 
295 
293 
293 
295 
299 
302 
299 
299 
297 
295 
291 
288 
287 
291 
297 
304 
304 
305 
305 
306 
306 
306 
304 
305 
310 
318 
323 
325 
323 
323 
312 
295 
290 
288 
290 
294 
295 
293 
292 
293 
340 
536 
890 
1333 
1819 
2327 
2803 
3225 
3565 
3817 
3953 
3983 
3979 
3939 
3743 
3423 
3010 
2541 
2024 
1554 
1229 
1020 
872 
761 
670 
595 
540 
493 
454 
412 
369 
345 
329 
316 
309 
308 
304 
297 
290 
283 
276 
272 
271 
272 
274 
279 
283 
286 
285 
284 
284 
283 
279 
276 
275 
278 
283 
289 
292 
295 
297 
296 
298 
301 
303 
305 
306 
299 
293 
300 
296 
283 
279 
278 
280 
279 
280 
284 
289 
320 
488 
826 
1255 
1710 
2156 
2608 
3026 
3387 
3680 
3896 
3971 
3996 
3992 
3969 
3874 
3628 
3299 
2915 
2458 
1960 
1515 
1189 
991 
848 
739 
651 
577 
516 
465 
413 
366 
338 
317 
306 
300 
295 
287 
279 
271 
265 
261 
256 
253 
254 
260 
262 
262 
262 
262 
262 
260 
260 
262 
262 
263 
263 
262 
264 
266 
272 
276 
281 
282 
280 
279 
278 
279 
288 
297 
295 
286 
273 
270 
266 
265 
262 
257 
262 
295 
402 
606 
888 
1202 
1515 
1824 
2141 
2434 
2688 
2894 
3036 
3125 
3195 
3220 
3196 
3109 
2958 
2754 
2502 
2212 
1890 
1559 
1233 
989 
828 
714 
623 
550 
490 
446 
403 
363 
345 
330 
315 
300 
288 
276 
263 
257 
252 
254 
262 
264 
265 
261 
257 
253 
246 
244 
244 
251 
265 
269 
268 
267 
264 
262 
262 
263 
266 
275 
281 
281 
281 
279 
277 
278 
278 
276 
278 
285 
290 
292 
291 
288 
287 
286 
285 
288 
290 
296 
304 
310 
313 
310 
309 
305 
303 
306 
307 
310 
315 
318 
321 
320 
321 
317 
316 
316 
316 
318 
320 
324 
324 
326 
329 
330 
333 
333 
336 
340 
339 
341 
339 
340 
340 
338 
338 
342 
345 
352 
360 
367 
367 
364 
362 
357 
355 
356 
357 
360 
366 
373 
376 
376 
376 
371 
369 
366 
365 
367 
371 
378 
383 
387 
389 
388 
386 
386 
385 
383 
362 
349 
344 
345 
342 
340 
333 
331 
327 
334 
415 
636 
971 
1375 
1795 
2202 
2579 
2910 
3179 
3403 
3548 
3629 
3622 
3558 
3402 
3163 
2844 
2458 
2025 
1595 
1268 
1064 
927 
825 
740 
669 
609 
565 
528 
486 
440 
413 
398 
387 
379 
374 
368 
361 
354 
345 
339 
336 
335 
336 
339 
344 
348 
352 
347 
343 
340 
336 
334 
333 
332 
337 
343 
351 
354 
356 
357 
357 
356 
354 
353 
354 
356 
362 
362 
366 
352 
336 
330 
326 
322 
323 
318 
319 
319 
352 
505 
838 
237 
237 
240 
245 
250 
249 
251 
251 
249 
248 
247 
251 
257 
259 
259 
258 
259 
259 
258 
260 
259 
262 
269 
273 
274 
270 
275 
278 
272 
263 
247 
244 
247 
255 
259 
260 
261 
289 
393 
595 
874 
1193 
1524 
1846 
2163 
2448 
2689 
2889 
3044 
3148 
3227 
3249 
3205 
3109 
2957 
2754 
2516 
2231 
1906 
1571 
1234 
981 
815 
700 
612 
546 
491 
446 
400 
355 
327 
305 
289 
280 
268 
258 
251 
242 
237 
233 
231 
234 
239 
245 
246 
247 
245 
242 
240 
236 
237 
238 
244 
251 
252 
255 
254 
251 
249 
247 
246 
245 
250 
257 
261 
261 
264 
264 
265 
266 
267 
267 
271 
276 
279 
280 
280 
282 
285 
283 
284 
282 
283 
286 
290 
293 
292 
293 
291 
287 
286 
288 
293 
302 
312 
318 
318 
316 
311 
306 
304 
305 
308 
315 
324 
329 
329 
326 
323 
319 
318 
318 
331 
329 
333 
336 
337 
338 
339 
341 
346 
344 
342 
338 
336 
336 
336 
340 
345 
351 
355 
356 
359 
358 
358 
358 
359 
363 
364 
368 
366 
366 
367 
367 
367 
370 
371 
374 
375 
355 
335 
323 
319 
315 
312 
310 
313 
315 
328 
413 
637 
976 
1379 
1799 
2213 
2600 
2941 
3206 
3426 
3566 
3649 
3652 
3592 
3434 
3188 
2862 
2467 
2027 
1593 
1264 
1055 
914 
813 
732 
666 
610 
567 
529 
486 
437 
409 
389 
375 
369 
361 
356 
350 
342 
338 
333 
326 
324 
325 
325 
325 
326 
327 
327 
329 
330 
332 
336 
337 
338 
340 
342 
342 
340 
342 
341 
340 
343 
348 
353 
355 
356 
355 
353 
353 
335 
317 
307 
279 
281 
280 
278 
278 
280 
320 
493 
842 
1278 
1742 
2194 
2644 
3068 
3438 
3736 
3940 
3986 
4004 
4003 
3979 
3912 
3667 
3330 
2933 
2469 
1968 
1520 
1194 
995 
852 
738 
645 
573 
513 
462 
412 
369 
340 
319 
305 
292 
279 
268 
258 
250 
244 
240 
239 
240 
246 
252 
254 
253 
249 
247 
243 
243 
245 
247 
251 
254 
258 
258 
259 
260 
258 
256 
253 
256 
262 
262 
265 
266 
276 
287 
281 
272 
256 
248 
245 
245 
250 
249 
255 
289 
396 
600 
885 
1201 
1522 
1835 
2146 
2436 
2689 
2895 
3045 
3143 
3218 
3246 
3216 
3125 
2969 
2759 
2517 
2226 
1898 
1561 
1226 
975 
811 
700 
615 
547 
491 
443 
394 
349 
317 
294 
279 
271 
262 
256 
248 
244 
244 
240 
236 
237 
237 
241 
244 
242 
241 
239 
238 
235 
234 
235 
239 
245 
252 
253 
251 
249 
247 
242 
243 
243 
246 
252 
260 
268 
272 
274 
274 
272 
270 
269 
267 
269 
272 
278 
282 
283 
285 
282 
283 
283 
282 
280 
279 
287 
293 
292 
289 
290 
291 
291 
295 
296 
302 
308 
312 
312 
310 
310 
310 
309 
308 
309 
314 
319 
323 
327 
327 
327 
324 
322 
322 
325 
330 
330 
328 
328 
327 
328 
318 
323 
322 
320 
319 
318 
315 
317 
321 
303 
291 
289 
289 
287 
281 
271 
264 
257 
263 
354 
607 
984 
1435 
1908 
2356 
2772 
3151 
3455 
3707 
3864 
3941 
3935 
3872 
3693 
3423 
3073 
2644 
2162 
1681 
1317 
1086 
926 
808 
712 
637 
576 
525 
484 
441 
390 
363 
342 
330 
321 
313 
308 
302 
292 
286 
284 
283 
283 
285 
285 
286 
286 
286 
286 
283 
279 
277 
277 
4026 
3999 
3878 
3534 
3111 
2599 
2043 
1549 
1190 
976 
830 
712 
615 
536 
468 
410 
353 
303 
272 
253 
243 
232 
222 
212 
200 
187 
178 
172 
172 
175 
179 
179 
178 
177 
176 
175 
175 
175 
179 
191 
3419 
3315 
3147 
2918 
2648 
2331 
1972 
1607 
1241 
971 
799 
682 
588 
509 
446 
394 
339 
290 
258 
235 
226 
217 
210 
203 
195 
187 
175 
170 
165 
159 
164 
172 
176 
179 
176 
172 
170 
170 
172 
174 
290 
291 
293 
294 
293 
298 
305 
314 
315 
313 
311 
304 
299 
299 
299 
304 
306 
291 
285 
284 
283 
277 
271 
261 
255 
251 
261 
362 
621 
1006 
1467 
1942 
2398 
2836 
3219 
3518 
3756 
3911 
3958 
3956 
283 
286 
288 
285 
288 
290 
291 
293 
290 
291 
291 
291 
296 
298 
295 
294 
296 
283 
271 
268 
268 
268 
269 
267 
269 
268 
300 
464 
836 
1312 
1860 
2434 
2950 
3422 
3860 
4019 
4023 
4025 
4026 
4025 
244 
247 
251 
255 
254 
253 
251 
254 
255 
254 
252 
251 
256 
259 
260 
262 
267 
262 
252 
248 
243 
241 
240 
240 
239 
241 
245 
302 
525 
928 
1437 
1987 
2552 
3074 
3538 
3928 
4019 
4025 
4025 
4026 
230 
229 
226 
223 
219 
216 
215 
216 
219 
229 
237 
243 
245 
247 
239 
230 
235 
227 
213 
211 
214 
220 
220 
221 
223 
225 
265 
455 
843 
1339 
1865 
2387 
2906 
3388 
3810 
4002 
4025 
4025 
4025 
4025 
170 
169 
169 
168 
171 
177 
182 
187 
189 
192 
193 
193 
191 
191 
194 
203 
200 
194 
185 
182 
181 
178 
175 
171 
171 
207 
331 
558 
878 
1235 
1595 
1937 
2276 
2599 
2886 
3123 
3297 
3404 
3470 
3488 
161 
166 
166 
169 
172 
173 
175 
182 
187 
191 
191 
191 
189 
188 
188 
188 
191 
194 
197 
206 
210 
209 
206 
205 
202 
201 
202 
202 
208 
214 
216 
221 
221 
226 
233 
234 
236 
234 
235 
236 
264 
264 
265 
267 
271 
274 
279 
283 
282 
279 
274 
270 
269 
273 
275 
279 
285 
293 
298 
301 
298 
298 
275 
258 
251 
253 
251 
251 
248 
247 
242 
250 
343 
605 
1004 
1483 
1984 
2469 
2911 
3308 
256 
255 
254 
251 
256 
261 
266 
271 
265 
264 
259 
259 
256 
256 
260 
267 
281 
292 
288 
287 
282 
281 
265 
245 
239 
244 
246 
252 
251 
249 
250 
287 
456 
837 
1325 
1887 
2471 
3003 
3491 
3935 
3970 
4025 
4026 
4026 
4026 
4025 
3978 
3718 
293 
293 
292 
290 
288 
288 
289 
291 
289 
292 
298 
302 
301 
297 
295 
295 
292 
292 
295 
298 
307 
313 
319 
323 
321 
317 
316 
302 
285 
275 
274 
273 
280 
271 
262 
253 
245 
241 
235 
238 
244 
246 
247 
245 
246 
243 
241 
239 
235 
235 
239 
243 
247 
247 
247 
246 
246 
246 
249 
257 
263 
268 
266 
264 
261 
256 
258 
250 
239 
242 
246 
247 
232 
226 
221 
217 
215 
210 
209 
208 
207 
204 
200 
202 
208 
211 
210 
207 
206 
203 
204 
205 
210 
221 
230 
234 
230 
227 
226 
219 
218 
218 
221 
233 
235 
230 
235 
228 
214 
204 
200 
197 
205 
190 
178 
169 
163 
165 
172 
180 
180 
176 
171 
159 
153 
150 
152 
158 
169 
177 
178 
179 
182 
179 
180 
179 
180 
182 
184 
191 
196 
196 
195 
194 
200 
207 
203 
192 
182 
184 
177 
175 
208 
198 
190 
182 
176 
168 
166 
167 
172 
181 
184 
178 
172 
169 
163 
165 
167 
166 
175 
183 
193 
197 
196 
194 
191 
190 
191 
191 
195 
197 
206 
212 
214 
213 
214 
214 
213 
209 
207 
209 
274 
270 
270 
272 
272 
277 
285 
286 
289 
290 
293 
298 
300 
299 
299 
302 
307 
308 
310 
309 
309 
313 
312 
315 
319 
323 
326 
320 
315 
313 
310 
309 
315 
322 
328 
334 
338 
320 
304 
294 
289 
283 
278 
275 
274 
276 
290 
383 
637 
1021 
1474 
1945 
2405 
2843 
3223 
3513 
3750 
3899 
3955 
3954 
3920 
3747 
3476 
3118 
2683 
2195 
1711 
1339 
1101 
941 
823 
729 
653 
592 
546 
506 
464 
411 
382 
363 
282 
278 
281 
276 
282 
282 
318 
485 
851 
1319 
1851 
2403 
2906 
3382 
3820 
4007 
4026 
4024 
4026 
4026 
4027 
4010 
3926 
3576 
3096 
2556 
1995 
1516 
1218 
1028 
882 
762 
667 
590 
527 
474 
418 
367 
342 
321 
303 
288 
275 
263 
254 
250 
247 
245 
245 
246 
247 
245 
241 
239 
240 
241 
246 
245 
246 
248 
249 
250 
247 
244 
244 
245 
247 
249 
253 
258 
264 
269 
272 
270 
267 
261 
261 
251 
236 
234 
217 
218 
214 
207 
203 
204 
245 
435 
823 
1317 
1846 
2367 
2874 
3336 
3743 
3983 
4025 
4025 
4024 
4026 
4026 
4002 
3885 
3539 
3114 
2600 
2043 
1546 
1189 
981 
828 
699 
596 
512 
442 
386 
332 
291 
275 
256 
186 
185 
184 
181 
179 
213 
326 
550 
868 
1219 
1578 
1918 
2258 
2574 
2846 
3073 
3242 
3357 
3425 
3442 
3408 
3311 
3147 
2927 
2661 
2343 
1979 
1610 
1243 
968 
791 
671 
578 
501 
440 
390 
338 
293 
264 
247 
241 
228 
216 
203 
193 
187 
178 
175 
171 
172 
182 
191 
193 
187 
182 
173 
170 
168 
168 
172 
182 
190 
192 
194 
197 
198 
198 
199 
195 
198 
202 
210 
218 
215 
215 
214 
214 
216 
215 
218 
290 
294 
295 
295 
291 
294 
295 
299 
146 
143 
149 
146 
146 
136 
136 
134 
168 
359 
790 
1348 
1993 
2661 
3254 
3804 
4024 
4025 
4025 
4024 
4025 
4027 
4026 
4027 
4016 
3825 
3299 
2695 
2055 
1501 
1151 
928 
116 
118 
118 
119 
120 
116 
119 
110 
100 
97 
90 
87 
85 
87 
87 
90 
99 
170 
440 
945 
1581 
2268 
2973 
3628 
4019 
4025 
4025 
4025 
4027 
4026 
4026 
4027 
3977 
3549 
2949 
2272 
1645 
1214 
955 
779 
88 
86 
87 
88 
89 
84 
90 
84 
77 
75 
75 
74 
74 
73 
76 
83 
141 
401 
915 
1571 
2260 
2938 
3619 
4025 
4024 
4025 
4024 
4026 
4026 
4027 
4027 
4027 
4029 
3974 
3560 
2950 
2261 
1640 
1196 
935 
774 
628 
509 
416 
337 
269 
204 
152 
125 
111 
95 
80 
74 
70 
68 
67 
66 
66 
69 
67 
66 
66 
66 
66 
65 
67 
68 
70 
74 
74 
76 
75 
73 
72 
70 
70 
70 
72 
75 
80 
758 
651 
563 
488 
429 
377 
326 
271 
237 
215 
200 
191 
183 
174 
169 
165 
157 
153 
151 
151 
153 
151 
148 
150 
150 
150 
152 
157 
160 
159 
154 
152 
149 
147 
148 
148 
155 
162 
172 
179 
785 
647 
536 
448 
379 
326 
275 
230 
206 
183 
164 
141 
123 
111 
99 
93 
93 
96 
100 
97 
94 
90 
87 
85 
82 
82 
84 
89 
93 
93 
92 
88 
86 
86 
87 
100 
116 
122 
117 
114 
641 
530 
441 
365 
301 
254 
208 
163 
134 
120 
113 
105 
93 
81 
77 
73 
73 
72 
72 
75 
77 
80 
80 
79 
79 
75 
74 
73 
73 
75 
76 
78 
80 
81 
84 
85 
83 
83 
82 
83 
83 
90 
97 
96 
94 
84 
88 
84 
77 
79 
81 
84 
81 
77 
77 
78 
122 
375 
894 
1552 
2255 
2952 
3624 
4020 
4026 
4025 
4026 
4025 
4026 
4027 
4027 
4028 
4027 
3977 
3575 
2964 
2274 
1651 
1201 
933 
75 
74 
74 
74 
72 
76 
75 
73 
71 
71 
74 
73 
70 
69 
70 
91 
229 
500 
882 
1313 
1750 
2162 
2569 
2957 
3300 
3578 
3786 
3910 
3957 
3964 
3948 
3860 
3652 
3360 
3032 
2647 
2214 
1771 
1327 
996 
777 
623 
503 
404 
326 
264 
209 
159 
125 
102 
89 
80 
76 
73 
71 
69 
68 
66 
69 
68 
69 
69 
69 
69 
69 
70 
69 
68 
68 
68 
68 
69 
69 
71 
74 
76 
77 
77 
76 
75 
196 
204 
208 
192 
181 
173 
178 
175 
173 
165 
163 
160 
171 
276 
571 
1028 
1570 
2132 
2684 
3201 
3648 
3956 
4027 
4025 
4024 
4025 
4025 
3982 
3792 
3394 
2898 
2334 
1777 
1352 
1086 
903 
773 
663 
572 
495 
411 
356 
299 
249 
217 
187 
163 
143 
128 
118 
111 
106 
112 
118 
123 
119 
112 
104 
101 
95 
95 
97 
105 
114 
123 
123 
120 
116 
110 
103 
102 
101 
105 
116 
123 
122 
126 
129 
130 
131 
91 
83 
90 
87 
81 
78 
79 
80 
834 
746 
668 
604 
552 
507 
460 
404 
373 
354 
345 
341 
331 
321 
311 
303 
293 
284 
276 
275 
282 
288 
290 
288 
291 
291 
288 
288 
290 
294 
300 
303 
3902 
3558 
3091 
2561 
2000 
1518 
1210 
1012 
871 
754 
662 
584 
524 
472 
419 
370 
337 
314 
297 
286 
276 
263 
252 
239 
229 
226 
224 
228 
233 
240 
246 
243 
241 
236 
232 
231 
227 
231 
237 
246 
214 
211 
207 
208 
207 
209 
214 
219 
224 
226 
228 
230 
226 
222 
227 
220 
209 
206 
203 
206 
205 
208 
210 
213 
258 
455 
848 
1343 
1873 
2396 
2909 
3377 
3789 
3998 
4025 
4025 
4024 
4026 
4026 
4011 
3127 
2897 
2628 
2311 
1962 
1599 
1237 
971 
799 
680 
584 
508 
442 
386 
334 
285 
255 
237 
230 
222 
208 
199 
193 
184 
182 
180 
180 
181 
186 
184 
183 
182 
182 
182 
181 
184 
188 
192 
194 
195 
225 
233 
243 
254 
259 
262 
261 
259 
256 
249 
250 
253 
256 
265 
267 
271 
273 
276 
278 
276 
275 
275 
275 
277 
279 
282 
280 
276 
275 
281 
286 
288 
293 
304 
317 
318 
312 
305 
298 
293 
288 
291 
294 
298 
299 
301 
299 
293 
291 
288 
287 
291 
293 
298 
305 
315 
321 
322 
318 
314 
314 
295 
276 
268 
270 
273 
282 
281 
285 
282 
313 
472 
834 
1294 
1826 
2392 
2901 
3370 
3810 
4005 
4000 
4025 
4026 
4025 
4013 
3941 
3616 
3171 
2660 
2099 
1581 
1230 
1002 
843 
728 
633 
550 
482 
428 
385 
337 
297 
273 
262 
256 
245 
234 
224 
212 
207 
199 
194 
195 
202 
209 
211 
207 
204 
201 
198 
4026 
4025 
4026 
4027 
4026 
4012 
3917 
3571 
3148 
2634 
2071 
1567 
1200 
979 
822 
700 
598 
515 
446 
392 
335 
286 
258 
239 
229 
221 
212 
201 
188 
177 
167 
157 
155 
160 
170 
177 
178 
175 
174 
173 
3215 
3319 
3395 
3424 
3394 
3296 
3127 
2897 
2636 
2323 
1971 
1607 
1245 
973 
792 
666 
569 
494 
435 
388 
337 
295 
268 
250 
240 
227 
219 
207 
195 
190 
182 
178 
176 
178 
182 
183 
186 
187 
186 
183 
158 
158 
158 
158 
158 
163 
169 
168 
161 
161 
158 
162 
165 
168 
175 
185 
192 
197 
196 
195 
191 
189 
189 
187 
191 
197 
206 
215 
213 
212 
213 
213 
211 
204 
200 
202 
205 
211 
221 
230 
311 
313 
305 
297 
290 
288 
291 
290 
295 
303 
312 
317 
317 
323 
321 
319 
315 
313 
313 
320 
328 
334 
336 
314 
298 
288 
279 
274 
271 
268 
272 
273 
279 
374 
629 
1015 
1478 
1970 
2457 
2907 
266 
266 
265 
268 
273 
275 
280 
283 
285 
288 
287 
287 
288 
289 
289 
288 
292 
295 
295 
300 
302 
302 
304 
284 
262 
252 
250 
250 
255 
256 
260 
262 
298 
467 
838 
1311 
1846 
2409 
2929 
3409 
3526 
3912 
4015 
4025 
4026 
4025 
4021 
3953 
362 
334 
312 
291 
275 
260 
247 
240 
238 
236 
231 
226 
220 
224 
224 
225 
229 
230 
232 
231 
228 
224 
219 
219 
224 
227 
235 
241 
249 
254 
253 
252 
853 
735 
639 
557 
493 
440 
398 
354 
316 
296 
287 
278 
265 
251 
233 
219 
217 
211 
213 
219 
225 
229 
227 
225 
220 
216 
210 
204 
208 
216 
223 
227 
226 
228 
227 
228 
230 
236 
240 
241 
210 
209 
210 
208 
208 
215 
222 
222 
211 
195 
187 
183 
181 
179 
177 
186 
228 
352 
577 
886 
1232 
1576 
1906 
2240 
2553 
2828 
3056 
3222 
3323 
3397 
3427 
3398 
3303 
3133 
2895 
2618 
2303 
1952 
1595 
1242 
213 
212 
210 
207 
204 
202 
201 
201 
207 
214 
220 
223 
226 
229 
230 
231 
230 
232 
234 
232 
234 
234 
238 
245 
247 
249 
247 
244 
241 
238 
238 
240 
246 
249 
251 
254 
256 
261 
261 
264 
305 
306 
310 
313 
318 
322 
325 
328 
306 
290 
280 
276 
277 
272 
268 
267 
264 
275 
367 
620 
1007 
1468 
1948 
2409 
2837 
3213 
3517 
3770 
3931 
3965 
3958 
3931 
3764 
3496 
3138 
2692 
2194 
1698 
1323 
1087 
291 
295 
297 
292 
287 
283 
286 
296 
293 
281 
271 
262 
252 
250 
246 
252 
259 
303 
476 
835 
1293 
1810 
2358 
2870 
3347 
3792 
4000 
4023 
4027 
4024 
4027 
4026 
4008 
3909 
3547 
3066 
2533 
1976 
1501 
1205 
855 
741 
652 
576 
512 
454 
406 
354 
310 
280 
260 
256 
253 
248 
240 
230 
223 
219 
216 
214 
217 
224 
223 
223 
219 
215 
217 
216 
219 
220 
228 
237 
236 
233 
227 
221 
221 
221 
223 
225 
997 
846 
724 
621 
540 
472 
412 
355 
303 
270 
251 
238 
232 
222 
215 
208 
198 
194 
187 
182 
181 
179 
185 
185 
184 
186 
186 
186 
183 
181 
181 
187 
192 
189 
189 
188 
188 
191 
192 
195 
971 
804 
688 
596 
526 
462 
410 
357 
313 
282 
260 
246 
235 
227 
220 
211 
204 
198 
194 
190 
185 
182 
183 
182 
184 
189 
194 
198 
201 
202 
201 
201 
198 
200 
203 
204 
211 
211 
212 
213 
311 
313 
315 
318 
321 
323 
326 
331 
313 
299 
292 
288 
287 
279 
272 
268 
259 
276 
371 
627 
1012 
1469 
1942 
2394 
2821 
3200 
3501 
3745 
3899 
3950 
3948 
3911 
3745 
3477 
3119 
2678 
2183 
1697 
1323 
1091 
284 
289 
293 
295 
297 
300 
302 
303 
288 
271 
268 
271 
268 
269 
267 
269 
266 
298 
460 
822 
1286 
1815 
2376 
2879 
3328 
3750 
3986 
4024 
4025 
4025 
4027 
4025 
3997 
3887 
3538 
3070 
2538 
1980 
1504 
1197 
998 
859 
747 
659 
585 
524 
475 
422 
371 
335 
308 
287 
272 
264 
258 
250 
242 
235 
232 
233 
234 
237 
240 
239 
237 
240 
236 
234 
232 
234 
242 
245 
249 
251 
249 
252 
254 
253 
250 
247 
254 
252 
244 
244 
244 
239 
242 
261 
334 
336 
334 
331 
325 
323 
324 
324 
325 
328 
343 
351 
350 
328 
306 
294 
291 
282 
276 
270 
274 
276 
290 
383 
630 
1006 
1454 
1922 
2381 
2808 
3181 
3475 
289 
287 
290 
292 
301 
309 
312 
316 
318 
314 
316 
316 
315 
317 
324 
330 
332 
332 
333 
331 
334 
314 
297 
288 
287 
284 
284 
281 
285 
285 
322 
483 
843 
1298 
1819 
2370 
2862 
3314 
3736 
3982 
255 
255 
259 
264 
271 
277 
281 
279 
277 
276 
276 
275 
273 
272 
279 
288 
295 
297 
293 
287 
283 
271 
253 
248 
247 
252 
261 
267 
273 
276 
279 
325 
528 
906 
1387 
1907 
2453 
2964 
3406 
3771 
237 
233 
229 
229 
229 
234 
242 
246 
249 
249 
249 
246 
247 
243 
242 
246 
250 
249 
246 
240 
249 
244 
232 
227 
231 
235 
232 
231 
232 
235 
279 
466 
846 
1328 
1845 
2352 
2848 
3300 
3701 
3969 
182 
182 
181 
183 
190 
199 
202 
202 
200 
195 
192 
190 
187 
190 
197 
198 
205 
210 
219 
228 
221 
211 
198 
195 
192 
190 
191 
190 
195 
230 
342 
559 
863 
1199 
1540 
1867 
2195 
2499 
2758 
2968 
3122 
3226 
3302 
3329 
3297 
3203 
3042 
2823 
2567 
2265 
1925 
1575 
1231 
971 
798 
675 
580 
507 
447 
399 
354 
313 
288 
267 
251 
233 
215 
203 
186 
181 
179 
184 
190 
193 
191 
189 
187 
187 
188 
189 
312 
315 
316 
321 
322 
320 
322 
322 
323 
326 
331 
334 
334 
332 
333 
333 
329 
329 
330 
329 
332 
313 
303 
306 
306 
303 
297 
289 
286 
278 
289 
380 
631 
1010 
1460 
1931 
2379 
2796 
3168 
3461 
4024 
4023 
4025 
4026 
4027 
3992 
3876 
3532 
3060 
2538 
1987 
1512 
1212 
1018 
884 
773 
682 
610 
552 
499 
449 
395 
362 
341 
323 
306 
293 
283 
274 
268 
266 
267 
272 
276 
278 
275 
270 
265 
258 
256 
232 
227 
229 
232 
237 
238 
240 
242 
239 
243 
245 
248 
253 
256 
256 
254 
254 
257 
248 
243 
251 
248 
237 
233 
234 
234 
230 
226 
222 
228 
272 
461 
837 
1319 
1828 
2325 
2829 
3296 
3698 
3964 
177 
177 
176 
182 
191 
196 
200 
204 
207 
208 
207 
204 
202 
211 
215 
216 
214 
215 
220 
224 
219 
211 
201 
202 
200 
196 
190 
187 
190 
218 
331 
549 
849 
1195 
1546 
1877 
2197 
2484 
2746 
2967 
182 
184 
187 
186 
186 
185 
182 
179 
179 
180 
182 
189 
194 
196 
202 
205 
206 
207 
208 
209 
211 
211 
214 
215 
217 
219 
220 
223 
224 
227 
227 
225 
226 
223 
222 
222 
226 
230 
235 
236 
3740 
3896 
3952 
3949 
3905 
3731 
3462 
3108 
2672 
2184 
1701 
1331 
1097 
938 
827 
738 
660 
595 
540 
497 
454 
397 
364 
346 
338 
336 
330 
323 
315 
310 
306 
298 
292 
290 
291 
299 
302 
300 
297 
301 
4024 
4025 
4026 
4025 
4026 
3997 
3877 
3533 
282 
286 
286 
293 
287 
288 
283 
309 
465 
820 
1278 
1805 
2358 
2855 
3303 
3722 
3977 
4025 
4025 
4025 
4025 
4026 
3990 
3863 
3520 
3054 
2527 
1973 
1496 
1194 
1000 
869 
754 
662 
587 
526 
474 
421 
371 
338 
314 
301 
289 
274 
263 
249 
241 
235 
232 
233 
237 
241 
251 
251 
250 
246 
237 
233 
231 
235 
244 
256 
260 
257 
256 
248 
242 
240 
238 
244 
256 
261 
637 
558 
495 
444 
404 
362 
325 
301 
284 
268 
252 
238 
225 
221 
216 
211 
210 
210 
214 
221 
220 
222 
221 
220 
218 
216 
216 
219 
222 
225 
231 
230 
231 
233 
232 
236 
238 
232 
228 
227 
709 
608 
533 
470 
413 
361 
315 
288 
266 
250 
235 
217 
201 
188 
182 
180 
181 
190 
193 
195 
194 
193 
190 
186 
183 
186 
188 
196 
200 
204 
204 
200 
202 
201 
201 
202 
198 
201 
203 
205 
220 
222 
224 
226 
227 
231 
237 
246 
238 
231 
221 
217 
217 
219 
221 
219 
221 
252 
362 
572 
865 
1200 
1539 
1862 
2182 
2469 
2722 
2935 
3094 
3203 
3270 
3285 
3253 
3165 
3016 
2807 
2559 
2264 
1913 
1567 
235 
241 
242 
241 
238 
238 
238 
241 
247 
253 
258 
263 
258 
262 
261 
260 
258 
258 
264 
271 
274 
279 
280 
282 
279 
277 
275 
274 
279 
284 
285 
288 
288 
289 
289 
289 
288 
294 
302 
308 
311 
310 
306 
309 
309 
308 
309 
311 
313 
318 
323 
327 
330 
330 
323 
321 
320 
318 
318 
323 
323 
333 
337 
340 
344 
345 
344 
345 
341 
343 
347 
350 
351 
356 
359 
362 
359 
358 
353 
352 
351 
348 
351 
355 
357 
364 
363 
365 
369 
352 
334 
326 
323 
322 
318 
309 
305 
303 
315 
408 
652 
1019 
1453 
1900 
2324 
2732 
3099 
3399 
3635 
3781 
3856 
3851 
3794 
3631 
3374 
3036 
2618 
2143 
1673 
1318 
327 
330 
329 
334 
337 
340 
342 
339 
338 
322 
307 
303 
298 
295 
294 
296 
307 
307 
337 
488 
828 
1265 
1766 
2292 
2775 
3232 
3645 
3951 
4023 
4025 
4025 
4026 
4026 
3975 
3808 
3466 
3008 
2498 
1961 
1500 
1205 
1014 
878 
765 
670 
598 
536 
489 
439 
391 
359 
342 
328 
316 
304 
294 
282 
274 
270 
264 
262 
265 
269 
273 
272 
272 
271 
270 
264 
263 
263 
260 
263 
270 
268 
272 
269 
269 
271 
276 
1015 
863 
744 
652 
572 
510 
459 
417 
371 
336 
317 
304 
292 
284 
273 
264 
257 
249 
243 
242 
242 
247 
244 
242 
245 
244 
243 
243 
243 
244 
244 
246 
247 
246 
245 
246 
248 
253 
255 
257 
262 
266 
269 
270 
267 
268 
263 
258 
268 
262 
249 
247 
243 
246 
244 
241 
239 
240 
282 
470 
841 
1311 
1806 
2293 
2781 
3229 
3625 
3937 
4009 
4024 
4025 
4026 
4022 
3978 
3806 
3466 
3055 
2563 
2031 
1554 
202 
205 
209 
211 
211 
216 
228 
238 
4028 
4013 
3918 
3563 
3139 
2632 
2079 
1578 
1217 
998 
842 
720 
620 
542 
478 
425 
372 
324 
291 
263 
245 
228 
214 
207 
201 
198 
200 
199 
197 
194 
191 
188 
1566 
1910 
2251 
2567 
2840 
3054 
3214 
3319 
3393 
3419 
3385 
3291 
3123 
2900 
2636 
2324 
1974 
1611 
1249 
980 
803 
682 
589 
516 
456 
408 
359 
317 
286 
266 
252 
243 
230 
220 
208 
202 
198 
196 
195 
193 
250 
249 
245 
244 
244 
245 
246 
249 
255 
259 
263 
264 
263 
260 
257 
255 
256 
260 
259 
262 
268 
271 
276 
279 
283 
280 
279 
279 
278 
280 
283 
285 
288 
288 
290 
293 
294 
296 
293 
291 
291 
292 
295 
296 
297 
299 
299 
301 
304 
309 
311 
316 
319 
319 
319 
316 
315 
313 
314 
320 
323 
326 
329 
330 
329 
323 
322 
300 
280 
270 
270 
272 
274 
275 
277 
278 
285 
372 
619 
992 
280 
282 
282 
282 
278 
276 
277 
279 
284 
289 
294 
296 
295 
294 
290 
287 
286 
288 
290 
295 
305 
314 
313 
308 
302 
297 
296 
278 
259 
254 
270 
273 
280 
275 
274 
268 
295 
455 
815 
1275 
217 
221 
233 
237 
234 
233 
232 
233 
232 
232 
235 
242 
246 
247 
247 
245 
243 
242 
243 
248 
258 
269 
268 
263 
251 
238 
240 
235 
224 
228 
234 
237 
239 
238 
239 
245 
282 
474 
860 
1351 
189 
191 
191 
187 
183 
180 
179 
183 
186 
190 
193 
195 
193 
191 
189 
187 
189 
191 
194 
206 
212 
218 
217 
217 
216 
218 
219 
216 
208 
199 
194 
198 
201 
198 
197 
195 
225 
340 
563 
876 
1229 
1587 
1932 
2271 
2585 
2864 
3090 
3259 
3367 
3441 
3463 
3431 
3328 
3162 
2929 
2667 
2352 
1995 
1627 
1261 
986 
812 
683 
584 
505 
444 
395 
345 
302 
275 
256 
245 
234 
223 
209 
198 
190 
186 
179 
178 
236 
238 
238 
239 
239 
239 
234 
236 
237 
242 
250 
254 
255 
254 
251 
248 
246 
244 
243 
247 
252 
262 
267 
267 
265 
267 
268 
268 
266 
267 
267 
276 
283 
282 
283 
284 
282 
285 
282 
281 
259 
255 
255 
266 
270 
273 
270 
271 
275 
277 
277 
278 
279 
284 
289 
288 
286 
287 
287 
288 
291 
291 
291 
297 
298 
298 
294 
294 
274 
256 
252 
252 
253 
258 
261 
270 
266 
301 
462 
820 
225 
224 
225 
225 
226 
231 
232 
230 
233 
235 
235 
242 
243 
247 
249 
248 
248 
248 
247 
248 
249 
256 
261 
267 
270 
262 
257 
255 
242 
231 
224 
225 
233 
243 
246 
245 
246 
252 
303 
516 
221 
223 
222 
224 
221 
215 
215 
220 
223 
229 
237 
239 
239 
239 
233 
231 
232 
235 
239 
246 
250 
255 
252 
249 
244 
235 
226 
233 
230 
225 
230 
228 
227 
228 
229 
230 
232 
271 
465 
865 
200 
204 
205 
196 
192 
189 
190 
192 
315 
297 
286 
280 
277 
265 
256 
246 
237 
231 
227 
223 
229 
234 
238 
241 
242 
243 
243 
243 
246 
247 
249 
247 
247 
246 
249 
250 
254 
257 
261 
263 
260 
257 
253 
251 
245 
239 
250 
250 
243 
243 
239 
239 
238 
236 
238 
242 
281 
470 
849 
1330 
1840 
2337 
2831 
3292 
3693 
3964 
4025 
4027 
4025 
4025 
4025 
3990 
3844 
3497 
3081 
2585 
2044 
1555 
1200 
983 
217 
217 
217 
220 
221 
226 
232 
222 
211 
194 
190 
188 
193 
196 
200 
210 
244 
354 
571 
872 
1214 
1557 
1898 
2237 
2550 
2817 
3023 
3183 
3299 
3381 
3410 
3366 
3259 
3088 
2863 
2607 
2299 
1952 
1594 
1239 
975 
799 
680 
589 
514 
452 
400 
347 
302 
274 
252 
239 
233 
223 
214 
202 
192 
185 
177 
173 
171 
174 
182 
183 
186 
186 
185 
184 
183 
183 
186 
190 
196 
198 
197 
198 
199 
197 
200 
202 
265 
271 
270 
269 
268 
268 
271 
272 
274 
275 
281 
285 
288 
290 
287 
284 
281 
278 
279 
282 
288 
293 
298 
300 
305 
309 
307 
305 
305 
301 
305 
307 
310 
315 
315 
318 
321 
320 
322 
318 
934 
821 
729 
647 
587 
537 
494 
451 
403 
376 
362 
349 
337 
321 
307 
296 
290 
285 
278 
276 
281 
288 
297 
295 
296 
295 
295 
293 
294 
290 
289 
293 
300 
302 
304 
305 
307 
308 
307 
306 
307 
307 
308 
308 
312 
310 
312 
317 
304 
291 
285 
284 
285 
287 
285 
282 
282 
312 
472 
829 
1286 
1813 
2365 
2860 
3312 
3729 
3980 
4023 
4024 
4025 
4027 
4025 
3991 
3871 
3534 
3064 
2537 
1985 
1509 
1208 
265 
270 
273 
274 
277 
277 
279 
284 
279 
265 
261 
260 
261 
258 
259 
258 
261 
263 
315 
527 
913 
1397 
1925 
2476 
2986 
3423 
3787 
3979 
4023 
4025 
4025 
4001 
3917 
3586 
3153 
2652 
2100 
1593 
1246 
1020 
247 
248 
252 
259 
262 
254 
244 
247 
244 
235 
231 
230 
230 
229 
233 
236 
240 
280 
468 
849 
1336 
1854 
2356 
2859 
3333 
3747 
3984 
4025 
4025 
4026 
4025 
4027 
4002 
3884 
3529 
3105 
2603 
2051 
1563 
1208 
228 
228 
225 
222 
214 
218 
223 
219 
217 
210 
213 
211 
211 
207 
199 
199 
232 
347 
570 
876 
1221 
1570 
1900 
2220 
2519 
2789 
3009 
3174 
3284 
3353 
3371 
3332 
3237 
3080 
2867 
2612 
2299 
1949 
1590 
1235 
198 
200 
205 
208 
211 
217 
222 
225 
227 
227 
225 
225 
224 
227 
230 
231 
231 
231 
235 
240 
243 
247 
250 
248 
247 
241 
239 
238 
240 
240 
247 
255 
263 
265 
266 
267 
265 
265 
263 
264 
318 
322 
329 
334 
333 
336 
335 
336 
315 
297 
292 
295 
297 
293 
285 
284 
279 
284 
373 
619 
997 
1444 
1915 
2370 
2783 
3132 
3424 
3677 
3842 
3933 
3930 
3863 
3687 
3416 
3070 
2643 
2160 
1683 
1317 
1086 
1012 
875 
758 
667 
602 
547 
501 
447 
3031 
2522 
1978 
1510 
1215 
1020 
883 
772 
683 
614 
554 
508 
456 
406 
374 
353 
338 
324 
310 
297 
287 
278 
272 
271 
270 
271 
274 
281 
286 
286 
283 
279 
275 
272 
269 
271 
272 
277 
291 
296 
298 
294 
288 
280 
273 
273 
275 
282 
292 
300 
304 
305 
304 
289 
271 
265 
261 
267 
274 
278 
281 
279 
280 
327 
529 
905 
1373 
1885 
2421 
2920 
3350 
3706 
245 
245 
244 
245 
247 
248 
247 
245 
243 
242 
243 
247 
250 
252 
260 
266 
270 
272 
263 
253 
258 
250 
236 
231 
231 
233 
238 
241 
244 
247 
285 
466 
836 
1306 
1808 
2303 
2798 
3254 
3658 
3953 
198 
199 
195 
198 
205 
214 
220 
214 
209 
201 
197 
196 
195 
200 
210 
221 
230 
229 
230 
231 
225 
217 
200 
195 
196 
204 
205 
203 
206 
238 
350 
566 
867 
1207 
1549 
1882 
2209 
2507 
2767 
2979 
3150 
3270 
3354 
3379 
3333 
3231 
3071 
2853 
2597 
2286 
1942 
1587 
1233 
969 
793 
677 
588 
517 
457 
405 
352 
304 
271 
246 
231 
223 
217 
208 
205 
203 
202 
197 
195 
195 
191 
188 
187 
187 
191 
193 
250 
256 
253 
256 
263 
269 
271 
269 
270 
270 
267 
267 
269 
272 
277 
281 
287 
289 
287 
285 
280 
279 
280 
283 
287 
288 
291 
297 
304 
307 
304 
304 
306 
303 
304 
308 
310 
313 
315 
318 
321 
320 
321 
322 
324 
326 
324 
321 
322 
322 
325 
326 
329 
329 
336 
347 
351 
354 
350 
347 
347 
324 
304 
295 
294 
295 
298 
299 
305 
301 
307 
390 
627 
989 
1421 
1874 
2318 
2737 
3102 
3393 
321 
320 
320 
316 
317 
318 
316 
315 
316 
319 
321 
326 
328 
331 
338 
343 
346 
345 
339 
336 
336 
320 
306 
303 
308 
309 
311 
307 
303 
297 
323 
477 
828 
1276 
1792 
2336 
2822 
3268 
3687 
3966 
4025 
4025 
4026 
4025 
4025 
3982 
3841 
3503 
3042 
2521 
1975 
1509 
1212 
1018 
883 
771 
680 
606 
546 
498 
444 
395 
365 
348 
341 
328 
313 
297 
286 
273 
265 
262 
265 
276 
283 
284 
278 
278 
273 
263 
3963 
4013 
4025 
4024 
3989 
3889 
3561 
3125 
2625 
2074 
1572 
1228 
1007 
853 
742 
655 
585 
527 
477 
436 
387 
343 
313 
292 
277 
272 
264 
257 
252 
247 
244 
239 
237 
235 
235 
236 
231 
230 
230 
231 
233 
234 
236 
238 
242 
247 
254 
257 
253 
250 
247 
243 
242 
242 
247 
255 
266 
273 
261 
251 
253 
242 
226 
216 
215 
220 
229 
239 
240 
245 
286 
473 
851 
1323 
1826 
2318 
2822 
3291 
3693 
3964 
1544 
1870 
2193 
2495 
2763 
2980 
3141 
3243 
3311 
3335 
3301 
3199 
3039 
2820 
2565 
2264 
1923 
1571 
1227 
965 
797 
680 
592 
519 
455 
406 
356 
313 
284 
263 
250 
241 
233 
223 
213 
201 
193 
191 
189 
188 
246 
250 
258 
261 
261 
263 
264 
266 
482 
834 
1285 
1801 
2340 
2826 
3282 
3708 
3973 
4025 
4026 
4025 
4026 
4026 
3987 
3850 
3502 
3035 
2512 
1971 
1502 
1206 
1015 
883 
768 
674 
599 
537 
484 
434 
385 
358 
254 
251 
248 
248 
251 
255 
258 
259 
310 
516 
898 
1381 
1897 
2443 
2955 
3399 
3767 
3969 
4014 
4024 
4025 
3994 
3897 
3561 
3124 
2625 
2078 
1574 
1227 
1009 
856 
741 
650 
573 
511 
461 
418 
370 
330 
299 
250 
237 
231 
221 
212 
202 
194 
187 
178 
173 
170 
170 
173 
177 
181 
185 
184 
180 
182 
182 
183 
185 
189 
193 
194 
193 
195 
195 
194 
196 
196 
200 
206 
208 
211 
216 
220 
211 
198 
183 
179 
179 
183 
187 
185 
193 
228 
343 
567 
876 
1221 
1564 
1896 
2231 
2543 
2824 
3048 
3210 
3317 
3390 
3416 
3383 
3285 
3117 
2891 
2621 
2303 
1946 
1583 
1227 
971 
801 
680 
587 
510 
444 
390 
339 
295 
269 
219 
223 
222 
223 
225 
232 
234 
239 
241 
243 
243 
239 
240 
240 
241 
243 
249 
256 
259 
258 
256 
254 
252 
251 
254 
254 
258 
263 
268 
273 
271 
274 
275 
276 
282 
283 
284 
286 
285 
285 
377 
366 
354 
342 
328 
312 
301 
297 
296 
296 
303 
307 
309 
310 
308 
306 
303 
301 
304 
302 
304 
308 
313 
316 
317 
319 
318 
320 
319 
316 
317 
320 
322 
324 
325 
322 
319 
320 
307 
293 
329 
314 
303 
288 
277 
268 
261 
256 
253 
251 
254 
258 
262 
261 
257 
255 
252 
251 
251 
252 
251 
256 
262 
270 
270 
265 
259 
255 
256 
257 
256 
259 
270 
278 
283 
281 
279 
279 
267 
251 
224 
225 
229 
233 
235 
238 
239 
280 
465 
848 
1334 
1847 
2352 
2857 
3319 
3724 
3974 
4026 
4025 
4026 
4025 
4026 
3998 
3870 
3520 
3106 
2603 
2049 
1553 
1194 
974 
826 
713 
618 
543 
479 
424 
369 
314 
277 
188 
184 
185 
188 
191 
200 
235 
352 
570 
876 
1211 
1557 
1891 
2217 
2525 
2795 
3017 
3186 
3297 
3371 
3398 
3361 
3259 
3099 
2879 
2620 
2310 
1957 
1593 
1236 
966 
790 
670 
584 
514 
456 
406 
349 
297 
264 
222 
219 
220 
226 
229 
236 
243 
245 
248 
246 
245 
240 
235 
234 
239 
249 
251 
249 
247 
250 
256 
259 
260 
267 
271 
276 
278 
274 
272 
270 
269 
271 
275 
279 
287 
292 
294 
294 
293 
291 
303 
302 
299 
297 
297 
297 
295 
304 
394 
638 
1006 
1446 
1900 
2337 
2749 
3122 
3417 
3655 
3805 
3890 
3891 
3834 
3662 
3404 
3052 
2621 
2143 
1672 
1314 
1090 
942 
837 
745 
670 
604 
553 
510 
462 
412 
388 
303 
302 
296 
298 
294 
296 
291 
317 
471 
824 
1279 
1799 
2345 
2831 
3278 
3702 
3973 
4023 
4026 
4025 
4025 
4025 
3987 
3853 
3507 
3037 
2513 
1970 
1504 
1210 
1018 
880 
762 
669 
592 
531 
484 
434 
383 
352 
285 
266 
257 
252 
251 
243 
236 
226 
236 
235 
273 
453 
828 
1308 
1824 
2336 
2835 
3279 
3678 
3960 
4024 
4026 
4026 
4026 
4026 
3985 
3833 
3490 
3076 
2577 
2036 
1548 
1195 
977 
827 
714 
617 
539 
475 
418 
362 
318 
286 
264 
246 
235 
229 
223 
220 
211 
205 
200 
192 
187 
184 
181 
190 
204 
215 
214 
211 
207 
204 
203 
200 
200 
204 
212 
222 
223 
225 
225 
224 
220 
221 
218 
219 
224 
233 
236 
307 
311 
312 
313 
314 
314 
313 
309 
305 
304 
308 
314 
323 
323 
327 
326 
326 
326 
327 
327 
329 
335 
344 
343 
343 
339 
338 
338 
339 
343 
344 
348 
351 
354 
351 
349 
349 
348 
350 
352 
482 
431 
394 
369 
350 
334 
329 
321 
320 
322 
320 
320 
319 
316 
312 
307 
305 
306 
309 
312 
312 
313 
317 
315 
315 
316 
314 
315 
317 
312 
310 
312 
313 
318 
319 
323 
328 
332 
336 
332 
334 
316 
297 
291 
287 
284 
288 
290 
300 
303 
333 
484 
830 
1272 
1777 
2314 
2805 
3267 
3690 
3967 
4024 
4025 
4026 
4026 
4026 
3989 
3844 
3491 
3022 
2499 
1960 
1494 
1206 
1017 
879 
762 
668 
590 
523 
472 
272 
263 
249 
249 
251 
252 
253 
254 
251 
253 
252 
302 
511 
885 
1362 
1877 
2418 
2923 
3369 
3740 
3961 
4012 
4025 
4025 
3989 
3878 
3543 
3110 
2614 
2067 
1566 
1225 
1005 
853 
741 
648 
571 
506 
453 
408 
231 
228 
227 
231 
226 
227 
231 
274 
460 
836 
1317 
1823 
2317 
2824 
3295 
3705 
3969 
4024 
4025 
4025 
4025 
4027 
3993 
3849 
3496 
3081 
2580 
2039 
1551 
1200 
991 
835 
707 
604 
523 
457 
403 
353 
310 
286 
202 
202 
198 
196 
191 
194 
232 
354 
570 
873 
1207 
1543 
1871 
2209 
2524 
2796 
3022 
3183 
3283 
3357 
3383 
3353 
3255 
3088 
2862 
2599 
2292 
1945 
1592 
1235 
972 
802 
682 
588 
514 
451 
396 
346 
303 
272 
238 
248 
251 
253 
250 
249 
245 
243 
241 
238 
240 
250 
259 
264 
267 
271 
270 
269 
266 
268 
271 
273 
276 
282 
284 
287 
287 
288 
286 
286 
287 
285 
287 
288 
288 
293 
291 
295 
297 
302 
321 
316 
307 
299 
293 
290 
289 
301 
391 
642 
1010 
1451 
1907 
2348 
2766 
3136 
3427 
3666 
3812 
3893 
3887 
3826 
3660 
3401 
3057 
2627 
2142 
1669 
1309 
1083 
935 
830 
737 
661 
598 
551 
511 
470 
419 
397 
380 
367 
350 
337 
324 
321 
316 
312 
306 
308 
311 
316 
311 
306 
301 
298 
297 
297 
298 
303 
312 
321 
320 
321 
318 
315 
312 
313 
311 
312 
318 
326 
331 
334 
331 
329 
325 
323 
305 
287 
322 
309 
298 
290 
283 
274 
267 
259 
249 
245 
239 
236 
239 
244 
244 
246 
250 
253 
254 
254 
252 
256 
260 
262 
263 
262 
260 
263 
263 
264 
265 
269 
270 
272 
271 
269 
267 
266 
258 
245 
277 
269 
262 
262 
257 
250 
242 
233 
203 
211 
221 
224 
220 
217 
208 
206 
201 
203 
206 
215 
226 
230 
232 
228 
226 
223 
219 
217 
215 
215 
221 
229 
236 
237 
233 
228 
237 
231 
213 
209 
187 
185 
179 
180 
191 
232 
353 
575 
886 
1230 
1579 
1919 
2263 
2582 
2855 
3076 
3236 
3337 
3420 
3456 
3427 
3330 
3158 
2923 
2657 
2344 
1985 
1617 
1254 
985 
809 
687 
589 
512 
450 
403 
353 
305 
272 
256 
232 
233 
235 
234 
238 
237 
236 
240 
242 
248 
249 
249 
247 
243 
244 
244 
244 
250 
261 
268 
271 
270 
268 
268 
266 
264 
264 
268 
275 
284 
283 
284 
286 
286 
285 
277 
275 
277 
280 
286 
299 
295 
292 
285 
284 
280 
286 
375 
619 
995 
1443 
1905 
2354 
2781 
3153 
3452 
3693 
3846 
3931 
3923 
3856 
3680 
3414 
3067 
2635 
2151 
1673 
1312 
1085 
929 
814 
718 
642 
580 
531 
491 
448 
402 
371 
355 
273 
263 
263 
258 
262 
260 
291 
459 
816 
1278 
1806 
2355 
2849 
3312 
3746 
3986 
4025 
4025 
4026 
4026 
4026 
3995 
3874 
3526 
3056 
2525 
1970 
1491 
1186 
988 
847 
734 
648 
579 
521 
469 
418 
369 
337 
315 
297 
285 
274 
262 
254 
245 
240 
236 
235 
235 
238 
242 
243 
239 
233 
230 
230 
227 
228 
231 
236 
242 
246 
247 
248 
250 
251 
248 
247 
247 
250 
255 
258 
261 
264 
263 
268 
260 
244 
236 
219 
222 
217 
214 
213 
212 
252 
446 
838 
1336 
1867 
2389 
2905 
3384 
3810 
4003 
4026 
4026 
4025 
4025 
4027 
4013 
3917 
3564 
3136 
2623 
2065 
1567 
1204 
987 
828 
700 
598 
517 
451 
396 
341 
295 
273 
253 
199 
198 
192 
187 
184 
215 
330 
556 
875 
1232 
1590 
1932 
2267 
2574 
2851 
3088 
3266 
3374 
3446 
3460 
3424 
3329 
3164 
2938 
2666 
2349 
1990 
1623 
1258 
987 
811 
685 
585 
508 
443 
392 
339 
296 
271 
252 
246 
238 
225 
214 
199 
191 
184 
180 
181 
186 
194 
195 
194 
192 
192 
194 
189 
185 
183 
185 
192 
195 
197 
198 
200 
203 
203 
205 
210 
215 
219 
220 
221 
220 
220 
220 
220 
222 
224 
226 
259 
262 
275 
278 
279 
277 
308 
467 
819 
1273 
1795 
2349 
2854 
3317 
3748 
3986 
4025 
4026 
4026 
4025 
4026 
3994 
3863 
3514 
3046 
2518 
1970 
1493 
1195 
1001 
863 
746 
653 
580 
519 
466 
415 
365 
334 
311 
253 
241 
228 
218 
209 
202 
201 
196 
198 
207 
214 
218 
218 
213 
210 
210 
207 
207 
210 
213 
216 
218 
221 
225 
226 
225 
227 
228 
232 
232 
228 
224 
223 
218 
213 
227 
225 
218 
218 
215 
218 
216 
212 
209 
211 
257 
457 
849 
1347 
1875 
2388 
2907 
3392 
3816 
4005 
4025 
4025 
4026 
4026 
4027 
4012 
3914 
3557 
3127 
2619 
2064 
1568 
1216 
994 
832 
704 
598 
515 
450 
399 
349 
308 
289 
268 
246 
187 
183 
179 
185 
226 
346 
574 
890 
175 
179 
174 
160 
154 
152 
155 
157 
162 
168 
171 
215 
432 
868 
1430 
2023 
2618 
3210 
3753 
4021 
4026 
4026 
4026 
4026 
4026 
4027 
4027 
4004 
3787 
3337 
2773 
2153 
121 
117 
121 
126 
131 
138 
142 
148 
154 
149 
138 
121 
115 
112 
118 
123 
124 
131 
171 
296 
545 
891 
1277 
1672 
2056 
2432 
2784 
3087 
3330 
3520 
3650 
3736 
3766 
3726 
3614 
3425 
3171 
2868 
2513 
2116 
1706 
1300 
994 
791 
653 
550 
474 
405 
348 
287 
238 
203 
176 
156 
142 
133 
132 
128 
122 
116 
114 
109 
108 
108 
107 
108 
109 
108 
110 
109 
111 
113 
113 
114 
115 
115 
115 
116 
120 
120 
198 
200 
203 
206 
204 
202 
203 
200 
203 
206 
211 
216 
220 
218 
222 
224 
227 
229 
227 
224 
226 
231 
235 
237 
240 
239 
240 
241 
240 
243 
245 
243 
244 
244 
245 
246 
251 
251 
258 
261 
263 
264 
264 
264 
267 
268 
269 
270 
272 
274 
258 
241 
231 
226 
225 
216 
210 
211 
211 
223 
320 
586 
994 
1476 
1982 
2463 
2914 
3311 
3631 
3894 
3975 
3998 
3991 
3965 
3845 
3567 
3191 
2731 
2215 
1698 
236 
234 
239 
246 
250 
253 
254 
251 
250 
249 
233 
215 
211 
210 
211 
214 
213 
216 
217 
250 
424 
812 
1314 
1888 
2495 
3029 
3522 
3954 
4024 
4026 
4025 
4026 
4027 
4027 
4027 
3968 
3668 
3161 
2590 
1999 
193 
196 
203 
206 
209 
208 
207 
204 
202 
206 
197 
185 
183 
182 
184 
181 
181 
184 
189 
196 
255 
491 
931 
1483 
2082 
2706 
3278 
3795 
4022 
4025 
4026 
4027 
4026 
4027 
4012 
3829 
3357 
2803 
2182 
1613 
1239 
997 
827 
698 
600 
525 
461 
402 
352 
298 
249 
221 
202 
191 
187 
181 
174 
167 
162 
156 
153 
150 
146 
146 
151 
156 
156 
155 
154 
153 
152 
151 
152 
156 
161 
167 
168 
167 
164 
161 
1611 
1211 
971 
803 
675 
570 
483 
411 
352 
294 
243 
205 
183 
167 
151 
142 
134 
125 
117 
113 
109 
107 
110 
109 
109 
107 
106 
105 
104 
104 
106 
113 
119 
119 
116 
116 
112 
113 
116 
119 
1703 
1298 
993 
792 
657 
552 
473 
404 
347 
290 
240 
206 
176 
159 
147 
138 
135 
126 
121 
114 
111 
109 
104 
105 
108 
114 
115 
113 
112 
110 
109 
109 
111 
117 
123 
124 
121 
119 
119 
118 
118 
119 
123 
135 
141 
144 
145 
145 
145 
142 
141 
142 
146 
156 
160 
164 
164 
163 
160 
158 
155 
154 
158 
165 
170 
173 
174 
176 
174 
176 
180 
181 
185 
189 
193 
198 
195 
195 
195 
195 
264 
262 
262 
262 
260 
261 
267 
276 
280 
281 
259 
242 
234 
231 
229 
223 
217 
216 
215 
229 
324 
587 
990 
1467 
1960 
2447 
2909 
3314 
3632 
3887 
3969 
3993 
3990 
3967 
3847 
3562 
3181 
2721 
2207 
1695 
246 
244 
245 
246 
245 
249 
252 
253 
111 
114 
110 
115 
119 
116 
116 
116 
115 
118 
119 
120 
124 
131 
134 
139 
143 
144 
146 
144 
141 
140 
143 
150 
154 
158 
158 
160 
161 
159 
156 
156 
189 
183 
174 
169 
164 
164 
168 
169 
169 
170 
164 
162 
161 
159 
160 
164 
167 
175 
177 
177 
175 
174 
171 
171 
175 
177 
180 
183 
183 
187 
190 
193 
195 
196 
200 
189 
172 
161 
159 
162 
150 
133 
125 
124 
123 
124 
123 
129 
126 
124 
122 
118 
116 
116 
113 
117 
119 
128 
139 
141 
136 
133 
131 
130 
127 
126 
125 
132 
134 
140 
149 
155 
154 
156 
155 
148 
131 
130 
130 
135 
131 
123 
128 
127 
126 
126 
122 
123 
125 
128 
195 
456 
930 
1526 
2166 
2831 
3462 
3966 
4024 
4025 
4026 
4026 
4026 
4027 
4026 
3942 
3463 
2879 
2224 
1626 
1219 
968 
798 
672 
564 
475 
403 
339 
289 
236 
115 
104 
106 
106 
105 
105 
103 
105 
111 
160 
398 
878 
1489 
2138 
2772 
3396 
3946 
4024 
4026 
4025 
4025 
4027 
4027 
4027 
4027 
4028 
3912 
3443 
2851 
2196 
1612 
1195 
954 
781 
640 
526 
436 
359 
296 
235 
178 
144 
124 
108 
91 
82 
77 
75 
73 
72 
73 
75 
77 
76 
75 
74 
74 
73 
72 
73 
74 
76 
78 
78 
79 
79 
78 
77 
76 
76 
75 
78 
80 
82 
84 
87 
89 
96 
99 
92 
84 
89 
95 
97 
94 
92 
89 
87 
89 
90 
96 
101 
104 
109 
110 
111 
111 
112 
114 
115 
117 
119 
119 
121 
126 
129 
130 
131 
131 
131 
133 
135 
135 
137 
139 
142 
141 
142 
145 
148 
287 
253 
234 
222 
210 
197 
186 
174 
163 
159 
161 
162 
165 
171 
169 
164 
159 
153 
154 
154 
154 
158 
165 
178 
185 
186 
184 
178 
173 
172 
172 
176 
184 
195 
200 
197 
196 
192 
189 
190 
260 
225 
204 
186 
167 
153 
139 
128 
122 
117 
119 
123 
128 
126 
122 
116 
111 
109 
107 
105 
106 
115 
125 
129 
132 
132 
133 
133 
130 
130 
136 
142 
147 
145 
147 
148 
149 
150 
151 
153 
199 
174 
160 
147 
133 
118 
107 
96 
90 
86 
88 
94 
101 
99 
92 
88 
83 
81 
79 
80 
84 
99 
108 
109 
109 
107 
107 
107 
102 
103 
108 
114 
120 
120 
120 
121 
120 
116 
116 
126 
124 
110 
103 
98 
98 
96 
94 
95 
103 
157 
397 
883 
1494 
2136 
2757 
3387 
3947 
4024 
4023 
4025 
4025 
4026 
4026 
4028 
4027 
4028 
3909 
3437 
2847 
2195 
1611 
1199 
953 
773 
629 
516 
426 
353 
296 
234 
86 
77 
76 
75 
75 
76 
76 
79 
117 
258 
531 
907 
1328 
1747 
2151 
2558 
2943 
3274 
3540 
3734 
3868 
3944 
3956 
3938 
3824 
3617 
3334 
3012 
2631 
2202 
1762 
1323 
997 
782 
636 
525 
436 
361 
299 
241 
170 
171 
166 
156 
149 
149 
155 
165 
68 
68 
67 
68 
69 
71 
73 
74 
74 
74 
74 
73 
72 
75 
76 
78 
77 
76 
76 
77 
77 
78 
77 
79 
79 
79 
79 
78 
78 
80 
81 
84 
179 
176 
174 
167 
168 
169 
179 
287 
575 
1025 
1563 
2106 
2641 
3152 
3599 
3940 
4023 
4025 
4025 
4025 
4025 
3975 
3765 
3368 
2873 
2309 
1752 
1330 
1068 
897 
772 
664 
574 
498 
434 
386 
337 
290 
266 
250 
233 
219 
205 
191 
178 
168 
163 
165 
166 
172 
171 
166 
163 
160 
155 
161 
169 
181 
188 
187 
182 
176 
173 
172 
175 
179 
186 
196 
197 
200 
197 
194 
189 
188 
188 
187 
195 
188 
178 
176 
193 
177 
163 
150 
140 
130 
120 
118 
120 
120 
124 
122 
121 
122 
121 
122 
124 
131 
135 
136 
135 
132 
131 
133 
130 
133 
139 
144 
150 
150 
146 
145 
143 
146 
148 
149 
151 
148 
139 
135 
163 
158 
145 
137 
131 
129 
127 
130 
137 
145 
151 
214 
468 
936 
1529 
2168 
2835 
3457 
3958 
4026 
4026 
4026 
4026 
4026 
4027 
4029 
3930 
3457 
2881 
2228 
1629 
1226 
975 
802 
676 
572 
484 
409 
345 
295 
133 
129 
117 
111 
109 
108 
108 
111 
113 
121 
171 
407 
884 
1490 
2129 
2759 
3378 
3935 
4025 
4026 
4026 
4026 
4027 
4026 
4027 
4027 
4027 
3900 
3422 
2831 
2187 
1606 
1197 
958 
784 
643 
526 
428 
353 
296 
244 
207 
175 
145 
118 
95 
81 
77 
75 
75 
77 
77 
77 
74 
71 
69 
69 
71 
72 
75 
78 
80 
79 
79 
77 
76 
75 
76 
79 
82 
85 
84 
83 
82 
81 
80 
80 
81 
90 
98 
240 
188 
151 
122 
102 
88 
82 
79 
75 
72 
71 
70 
69 
69 
70 
73 
75 
75 
76 
75 
75 
74 
73 
74 
74 
76 
78 
77 
77 
77 
77 
79 
80 
81 
82 
81 
80 
79 
80 
80 
222 
203 
189 
187 
188 
190 
187 
180 
176 
174 
187 
288 
577 
1022 
1548 
2103 
2637 
3138 
3576 
3924 
4016 
4024 
4026 
4025 
4024 
3971 
3748 
3351 
2860 
2305 
1757 
1338 
1077 
903 
774 
663 
574 
504 
445 
396 
347 
296 
272 
250 
236 
223 
212 
203 
193 
184 
176 
171 
171 
173 
176 
176 
175 
176 
177 
179 
179 
181 
184 
191 
192 
191 
189 
189 
190 
191 
196 
200 
203 
210 
213 
211 
207 
200 
196 
196 
317 
271 
247 
226 
205 
184 
170 
156 
144 
136 
130 
126 
131 
133 
129 
129 
130 
131 
138 
139 
141 
141 
139 
138 
138 
139 
137 
143 
150 
152 
156 
155 
156 
155 
154 
148 
151 
154 
158 
162 
163 
161 
149 
148 
146 
143 
139 
137 
138 
144 
154 
219 
472 
939 
1525 
2153 
2818 
3445 
3957 
4026 
4026 
4026 
4025 
4026 
4026 
4028 
3922 
3435 
2863 
2223 
1633 
1235 
990 
819 
681 
571 
483 
411 
350 
303 
138 
137 
124 
121 
116 
114 
114 
110 
85 
83 
83 
84 
83 
89 
98 
106 
110 
109 
108 
106 
104 
102 
102 
110 
123 
127 
126 
127 
127 
124 
123 
120 
123 
131 
138 
139 
139 
138 
141 
138 
141 
145 
151 
156 
157 
158 
160 
160 
159 
160 
161 
163 
167 
174 
181 
184 
182 
180 
177 
174 
174 
172 
176 
183 
194 
200 
200 
201 
201 
201 
202 
199 
200 
203 
210 
216 
215 
214 
215 
218 
3524 
3871 
4002 
4025 
4026 
4025 
4015 
3959 
3726 
3341 
2860 
2309 
1767 
1352 
1091 
912 
785 
681 
594 
525 
467 
420 
373 
322 
290 
270 
256 
251 
244 
234 
225 
215 
207 
201 
198 
198 
205 
214 
219 
214 
4009 
4025 
4025 
4025 
4026 
4027 
4026 
4028 
3998 
3761 
3242 
2654 
2039 
1511 
1189 
979 
821 
695 
594 
513 
447 
392 
339 
288 
262 
239 
215 
197 
182 
173 
167 
158 
157 
157 
158 
157 
151 
145 
141 
139 
161 
156 
150 
145 
143 
147 
154 
164 
168 
167 
165 
167 
168 
168 
167 
169 
177 
185 
188 
189 
188 
184 
178 
178 
172 
161 
169 
170 
167 
163 
155 
149 
150 
156 
221 
474 
930 
1501 
2116 
2745 
3335 
3867 
4026 
4025 
4026 
4026 
4026 
4027 
4022 
3867 
3392 
2832 
2196 
1616 
1222 
977 
816 
692 
586 
497 
427 
366 
317 
269 
231 
213 
200 
183 
166 
152 
137 
130 
125 
124 
130 
135 
130 
123 
118 
114 
111 
110 
113 
119 
129 
138 
141 
140 
139 
134 
133 
130 
133 
140 
146 
150 
151 
151 
152 
150 
148 
142 
137 
151 
146 
132 
126 
123 
123 
125 
126 
133 
139 
194 
419 
870 
1437 
2034 
2629 
3235 
80 
80 
81 
81 
82 
83 
87 
87 
89 
88 
88 
88 
88 
93 
96 
99 
99 
97 
98 
100 
99 
107 
111 
107 
101 
86 
84 
84 
87 
91 
91 
98 
138 
272 
530 
883 
1283 
1684 
2071 
2462 
2825 
3141 
3397 
3586 
3706 
3788 
3817 
3779 
3663 
3471 
3207 
2899 
2537 
2131 
1712 
1300 
993 
787 
641 
529 
440 
368 
311 
260 
217 
185 
160 
138 
124 
112 
102 
96 
88 
82 
79 
77 
76 
76 
77 
80 
221 
223 
226 
224 
226 
226 
230 
236 
241 
240 
241 
239 
240 
242 
243 
245 
246 
250 
254 
256 
254 
254 
254 
255 
235 
217 
211 
213 
217 
219 
212 
211 
207 
216 
318 
600 
1035 
1556 
2097 
2617 
3680 
4007 
4025 
4026 
4025 
4026 
4026 
4026 
4028 
3997 
3757 
3240 
2657 
2042 
1516 
1187 
982 
830 
702 
600 
514 
445 
391 
335 
286 
258 
237 
216 
196 
182 
168 
159 
155 
151 
155 
161 
162 
159 
153 
148 
2098 
2738 
3338 
3868 
4024 
4025 
4026 
4027 
4026 
4026 
4021 
3854 
3377 
2816 
2195 
1623 
1233 
991 
824 
690 
582 
492 
424 
368 
319 
273 
231 
206 
193 
182 
170 
156 
145 
137 
129 
124 
119 
119 
123 
128 
83 
80 
79 
78 
78 
77 
79 
81 
197 
193 
182 
174 
166 
157 
152 
147 
145 
147 
152 
154 
154 
155 
154 
153 
152 
151 
150 
154 
160 
161 
158 
158 
157 
158 
159 
163 
168 
173 