-15376 
0 
262180 
32761 
-221139120 
14 
0 
0 
-2145979060 
1 
-221249536 
32761 
-217987728 
32761 
-221160800 
32761 
-14704 
0 
1464542536 
57655 
-220316912 
32761 
0 
0 
-15248 
0 
0 
0 
0 
0 
-13424 
0 
-2143963392 
1 
-15376 
0 
-15680 
0 
262180 
0 
-15120 
0 
257 
32 
68 
5 
99180 
8 
0 
2 
5505102 
4259872 
5505109 
5177416 
4784210 
5832788 
0 
0 
0 
0 
0 
0 
0 
0 
0 
0 
-15592 
0 
568 
384 
0 
0 
1 
0 
0 
0 
0 
0 
0 
0 
0 
0 
0 
0 
8385216 
0 
0 
0 
0 
0 
0 
0 
0 
0 
0 
0 
-15248 
0 
-218005248 
32761 
0 
0 
0 
0 
0 
0 
0 
0 
-13816 
0 
0 
0 
1 
0 
0 
0 
3362816 
0 
0 
0 
0 
0 
758197587 
875965749 
3552045 
842151223 
3748149 
859321645 
825046070 
875968568 
909521453 
842151729 
758329394 
926496049 
959526965 
908931888 
943141173 
909193778 
825766445 
925972789 
758330932 
909324856 
959788085 
808594739 
859189817 
926233907 
943206701 
859189557 
3748920 
0 
0 
0 
0 
0 
-15344 
0 
8387336 
0 
8387312 
0 
8387380 
0 
0 
0 
60 
0 
0 
0 
1 
0 
0 
0 
0 
0 
0 
0 
0 
0 
0 
0 
0 
0 
0 
0 
-218338320 
32761 
7077955 
7667823 
2097252 
6488129 
7274595 
7209077 
2097268 
7667777 
6815860 
7209061 
6881396 
6357091 
6881396 
7209071 
0 
0 
448 
2 
0 
0 
0 
0 
0 
0 
0 
0 
0 
0 
0 
0 
0 
0 
-13248 
0 
-2147071248 
1 
0 
0 
-27048 
0 
0 
0 
0 
0 
-13816 
0 
0 
0 
0 
0 
0 
0 
0 
0 
0 
0 
-14704 
0 
0 
0 
0 
0 
0 
0 
0 
0 
0 
0 
8354912 
0 
54 
0 
1464542824 
57655 
3 
0 
0 
0 
-13816 
0 
0 
0 
0 
0 
-218005112 
32761 
0 
0 
-218003552 
32761 
-220317616 
32761 
-218003552 
32761 
0 
0 
0 
0 
-218005112 
32761 
-14704 
0 
-13816 
0 
1903232307 
0 
-199358544 
32761 
-217921614 
32761 
-217987760 
32761 
2 
0 
-217987728 
32761 
-13816 
0 
512 
0 
-2041136161 
5367 
-217921620 
32761 
0 
0 
-2146619762 
1 
-14544 
0 
-2146506771 
1 
8355728 
0 
-199531375 
32761 
0 
0 
0 
0 
8354912 
0 
368 
0 
67 
32761 
3 
0 
48 
7667823 
0 
0 
0 
0 
0 
0 
0 
0 
0 
0 
0 
0 
0 
0 
303840 
8 
-2145116848 
1 
0 
0 
-2146619218 
1 
1 
0 
-13696 
0 
1 
0 
-2147198918 
1 
-14096 
0 
8354912 
0 
11 
0 
-2145615163 
1 
3 
0 
11 
0 
0 
0 
11 
0 
-14032 
0 
-2143942512 
1 
-2143944440 
1 
-2145190791 
1 
16 
8 
-2147202347 
1 
528 
0 
17 
8 
0 
0 
-2147199789 
1 
-2143942648 
1 
0 
0 
-2144872137 
1 
-14032 
0 
17 
8 
-2144821912 
1 
-2143942632 
1 
-2143944456 
1 
17 
8 
-2144821912 
1 
16 
8 
-2147202551 
1 
7 
0 
-14032 
0 
-2144872137 
1 
-2146473625 
1 
-14032 
0 
-2146470715 
1 
2240 
0 
-2145684739 
1 
-13504 
0 
0 
0 
-13504 
0 
-2146506395 
1 
-13216 
0 
-2144537984 
1 
-13424 
0 
0 
0 
-13744 
0 
-13752 
0 
-2145128704 
1 
-2146502650 
1 
0 
0 
-2145166944 
1 
0 
0 
0 
0 
8354928 
0 
-2145933643 
1 
64 
0 
985 
843 
731 
642 
570 
512 
464 
414 
370 
340 
322 
303 
289 
277 
267 
261 
255 
251 
249 
247 
247 
243 
239 
235 
233 
232 
232 
236 
242 
246 
251 
254 
3106 
2953 
2740 
2492 
2199 
1875 
1543 
1212 
968 
808 
699 
611 
543 
488 
442 
396 
350 
322 
303 
291 
279 
267 
257 
249 
245 
245 
241 
242 
239 
236 
232 
229 
230 
232 
231 
236 
242 
248 
250 
251 
265 
264 
262 
260 
259 
257 
259 
267 
275 
279 
278 
278 
277 
274 
273 
270 
271 
281 
283 
280 
279 
279 
281 
281 
283 
289 
296 
298 
305 
306 
305 
302 
302 
301 
301 
302 
302 
307 
314 
321 
304 
305 
306 
305 
303 
300 
299 
302 
304 
306 
311 
315 
318 
322 
322 
323 
323 
305 
292 
287 
286 
280 
282 
282 
285 
288 
320 
484 
845 
1300 
1823 
2371 
2870 
3334 
3767 
3992 
4026 
4026 
4025 
4026 
268 
269 
268 
264 
262 
260 
262 
263 
268 
275 
280 
286 
291 
290 
287 
283 
282 
272 
258 
254 
254 
261 
261 
264 
267 
265 
266 
315 
520 
906 
1391 
1917 
2470 
2988 
3444 
3817 
3987 
4024 
4026 
4025 
230 
235 
242 
247 
250 
250 
251 
251 
251 
252 
253 
255 
258 
261 
255 
251 
259 
252 
239 
234 
233 
233 
234 
232 
233 
237 
276 
464 
839 
1312 
1819 
2319 
2815 
3267 
3660 
3952 
4018 
4024 
4025 
4025 
205 
213 
211 
209 
205 
202 
201 
201 
205 
209 
219 
227 
227 
225 
229 
230 
222 
208 
190 
187 
192 
200 
200 
197 
199 
232 
350 
570 
877 
1221 
1575 
1910 
2237 
2536 
2802 
3025 
3193 
3303 
3377 
3395 
194 
198 
204 
208 
208 
206 
206 
203 
200 
203 
206 
213 
218 
223 
224 
224 
222 
222 
218 
215 
214 
215 
226 
231 
231 
231 
234 
235 
236 
238 
240 
242 
250 
255 
255 
253 
251 
250 
250 
252 
255 
252 
248 
243 
243 
244 
251 
259 
267 
268 
266 
263 
256 
253 
254 
253 
256 
264 
273 
274 
274 
277 
279 
278 
280 
278 
281 
285 
290 
290 
291 
294 
295 
293 
294 
294 
294 
292 
295 
299 
230 
235 
238 
242 
240 
240 
238 
238 
239 
238 
241 
244 
248 
250 
246 
241 
245 
234 
217 
212 
213 
215 
219 
223 
227 
234 
274 
465 
847 
1330 
1847 
2361 
2874 
3339 
3744 
3982 
4025 
4024 
4025 
4027 
197 
194 
190 
187 
186 
187 
187 
189 
195 
202 
206 
207 
205 
201 
203 
207 
203 
191 
181 
182 
181 
185 
185 
186 
190 
225 
342 
565 
878 
1226 
1583 
1922 
2256 
2570 
2851 
3082 
3254 
3364 
3432 
3452 
182 
192 
194 
192 
187 
187 
184 
183 
184 
189 
200 
210 
215 
211 
205 
197 
193 
192 
193 
199 
211 
220 
224 
223 
223 
223 
222 
220 
220 
226 
233 
237 
240 
240 
239 
238 
237 
239 
239 
242 
226 
228 
228 
235 
243 
247 
249 
250 
212 
208 
203 
198 
196 
199 
201 
209 
220 
228 
232 
228 
223 
218 
217 
217 
218 
224 
237 
243 
244 
241 
239 
232 
220 
213 
222 
219 
212 
211 
210 
211 
211 
209 
209 
214 
259 
456 
839 
1326 
1844 
2348 
2850 
3318 
3733 
3979 
4026 
4026 
4025 
4026 
4026 
4000 
3873 
3518 
3091 
2584 
2035 
1543 
1186 
969 
822 
703 
603 
524 
455 
400 
345 
295 
268 
250 
235 
221 
174 
173 
182 
221 
340 
563 
875 
1226 
1575 
1907 
2242 
2558 
2835 
3063 
3234 
3344 
3415 
3436 
3404 
3303 
3136 
2909 
2638 
2320 
1963 
1599 
1241 
967 
797 
677 
584 
508 
440 
386 
336 
290 
258 
240 
228 
220 
210 
201 
192 
186 
181 
176 
169 
168 
168 
170 
171 
169 
169 
174 
173 
175 
180 
185 
194 
193 
194 
192 
190 
191 
190 
191 
193 
201 
210 
211 
211 
208 
208 
206 
203 
203 
204 
210 
213 
218 
277 
280 
283 
284 
282 
283 
282 
280 
281 
288 
297 
297 
298 
297 
298 
300 
301 
304 
304 
306 
308 
306 
305 
305 
306 
308 
308 
310 
315 
324 
331 
333 
332 
328 
328 
305 
287 
279 
276 
279 
283 
280 
285 
283 
289 
377 
626 
1006 
1454 
1929 
2397 
2837 
3221 
3518 
3762 
3922 
3961 
3961 
3934 
3761 
3483 
3118 
2681 
2191 
1705 
1335 
1102 
943 
826 
732 
655 
589 
539 
495 
448 
397 
369 
351 
337 
325 
283 
284 
288 
285 
312 
472 
838 
1305 
1840 
2401 
2914 
3390 
3830 
4010 
4025 
4025 
4025 
4026 
4027 
4011 
3926 
3575 
3096 
2562 
1999 
1518 
1219 
1025 
883 
760 
664 
583 
519 
467 
414 
363 
333 
316 
304 
292 
242 
237 
235 
231 
234 
285 
503 
903 
1404 
1953 
2517 
3034 
3497 
3883 
4006 
4025 
4027 
4026 
4014 
3946 
3634 
3195 
2685 
2122 
1601 
1243 
1011 
847 
721 
627 
548 
493 
444 
404 
362 
320 
294 
272 
253 
243 
198 
199 
202 
208 
252 
446 
836 
1335 
1859 
2373 
2882 
3353 
3770 
3991 
4026 
4025 
4025 
4025 
4027 
4005 
3900 
3548 
3118 
2603 
2041 
1542 
1186 
976 
823 
695 
591 
509 
441 
389 
339 
296 
274 
258 
237 
219 
170 
168 
175 
208 
327 
553 
871 
1233 
1593 
1933 
2264 
2575 
2852 
3081 
3252 
3366 
3432 
3455 
3420 
3327 
3166 
2939 
2668 
2348 
1981 
1607 
1240 
967 
793 
670 
573 
498 
438 
391 
342 
295 
262 
238 
224 
219 
215 
221 
222 
218 
217 
217 
218 
220 
222 
226 
230 
232 
233 
233 
234 
233 
230 
230 
233 
237 
236 
237 
242 
251 
261 
261 
261 
260 
259 
259 
255 
254 
257 
263 
272 
276 
279 
278 
277 
275 
347 
331 
316 
305 
298 
292 
291 
290 
293 
293 
294 
296 
297 
297 
296 
295 
295 
296 
298 
298 
295 
297 
302 
304 
306 
307 
309 
309 
306 
304 
302 
304 
308 
309 
313 
317 
325 
312 
291 
285 
236 
244 
251 
252 
249 
247 
242 
291 
191 
179 
166 
153 
140 
126 
115 
107 
97 
94 
95 
99 
100 
96 
97 
96 
96 
95 
92 
96 
99 
99 
97 
99 
98 
97 
100 
101 
102 
110 
119 
129 
665 
554 
456 
379 
315 
267 
218 
174 
151 
137 
122 
110 
95 
90 
84 
80 
81 
81 
82 
82 
80 
78 
80 
81 
80 
81 
84 
88 
93 
90 
83 
81 
81 
83 
83 
88 
91 
103 
109 
109 
111 
112 
106 
104 
100 
95 
110 
115 
98 
97 
94 
92 
90 
87 
87 
94 
149 
400 
906 
1557 
2231 
2890 
3559 
4012 
4024 
4026 
4025 
4024 
4026 
4027 
4025 
4026 
4028 
3966 
3543 
2940 
2262 
1658 
1211 
958 
80 
79 
79 
78 
81 
83 
80 
79 
76 
75 
75 
73 
73 
72 
74 
97 
236 
507 
880 
1303 
1728 
2135 
2540 
2930 
3258 
3529 
3727 
3853 
3936 
3945 
3924 
3806 
3600 
3328 
3007 
2631 
2199 
1752 
1311 
979 
73 
78 
78 
77 
76 
76 
75 
75 
75 
79 
85 
85 
84 
82 
81 
82 
82 
82 
82 
85 
86 
87 
91 
89 
88 
90 
88 
90 
92 
97 
107 
114 
114 
114 
116 
117 
118 
117 
119 
124 
131 
137 
143 
139 
137 
137 
138 
138 
133 
130 
136 
143 
152 
153 
155 
155 
157 
162 
161 
164 
167 
173 
172 
172 
172 
174 
175 
176 
180 
188 
196 
198 
192 
186 
183 
179 
177 
177 
186 
200 
753 
649 
563 
488 
428 
377 
326 
270 
239 
215 
200 
193 
194 
187 
177 
168 
159 
155 
150 
145 
147 
151 
156 
159 
155 
152 
148 
145 
145 
145 
149 
153 
159 
162 
161 
162 
164 
165 
168 
169 
770 
642 
542 
459 
392 
335 
281 
230 
197 
178 
160 
142 
129 
113 
103 
95 
91 
89 
90 
96 
99 
95 
90 
84 
81 
80 
78 
79 
83 
91 
98 
100 
102 
107 
108 
104 
101 
101 
106 
115 
646 
537 
441 
368 
311 
262 
212 
167 
140 
126 
112 
98 
83 
77 
74 
73 
74 
75 
79 
79 
77 
74 
74 
73 
70 
70 
71 
73 
78 
81 
82 
82 
83 
82 
80 
78 
78 
80 
84 
88 
751 
602 
489 
402 
325 
261 
203 
155 
118 
91 
77 
72 
69 
67 
66 
64 
64 
65 
67 
68 
67 
65 
63 
61 
59 
61 
62 
63 
67 
69 
71 
71 
70 
69 
69 
68 
68 
70 
73 
75 
75 
73 
74 
74 
76 
76 
75 
72 
68 
68 
65 
66 
66 
66 
69 
92 
235 
512 
895 
1322 
1756 
2167 
2568 
2951 
3291 
3572 
3783 
3918 
3959 
3963 
3946 
3854 
3650 
3368 
3032 
2642 
2201 
1751 
1305 
978 
72 
72 
72 
72 
74 
74 
76 
78 
81 
82 
83 
82 
80 
80 
81 
82 
84 
86 
90 
89 
91 
96 
95 
94 
93 
93 
98 
100 
100 
100 
101 
105 
106 
109 
114 
119 
128 
134 
134 
132 
127 
127 
128 
131 
136 
139 
146 
153 
607 
531 
467 
413 
359 
311 
277 
256 
235 
224 
216 
207 
202 
192 
184 
179 
174 
169 
167 
171 
175 
180 
178 
179 
181 
181 
185 
187 
187 
191 
189 
192 
2583 
2271 
1927 
1576 
1225 
966 
797 
679 
589 
513 
450 
399 
347 
303 
271 
249 
236 
228 
223 
213 
205 
199 
189 
180 
177 
179 
182 
181 
183 
183 
186 
192 
190 
193 
199 
200 
202 
202 
198 
196 
249 
250 
253 
254 
257 
261 
267 
274 
274 
270 
266 
261 
259 
259 
268 
274 
275 
279 
284 
290 
294 
288 
288 
289 
290 
294 
295 
299 
301 
301 
303 
306 
307 
309 
307 
306 
309 
309 
311 
312 
3123 
2692 
2201 
1715 
1348 
1110 
950 
830 
735 
656 
589 
539 
497 
454 
408 
380 
361 
349 
340 
336 
326 
316 
308 
301 
295 
291 
293 
296 
300 
301 
300 
299 
293 
291 
289 
287 
290 
291 
295 
298 
300 
305 
307 
310 
313 
315 
316 
316 
314 
313 
313 
315 
316 
320 
307 
295 
292 
288 
280 
276 
269 
268 
269 
304 
470 
836 
1304 
1839 
2397 
2888 
3344 
3776 
3998 
4025 
4025 
4026 
4025 
4025 
4004 
3906 
249 
249 
250 
251 
255 
256 
257 
259 
259 
263 
263 
262 
260 
258 
249 
234 
232 
232 
232 
232 
233 
239 
245 
252 
305 
518 
902 
1383 
1904 
2460 
2986 
3444 
3820 
3986 
4024 
4025 
4026 
4006 
3927 
3591 
3529 
3106 
2599 
2046 
1549 
1192 
981 
833 
710 
608 
527 
455 
396 
339 
295 
270 
253 
240 
225 
212 
201 
189 
180 
171 
167 
170 
171 
166 
161 
161 
157 
160 
159 
163 
176 
186 
191 
191 
186 
181 
2859 
2594 
2283 
1936 
1586 
1233 
972 
800 
678 
582 
506 
442 
392 
338 
293 
266 
249 
235 
224 
214 
208 
199 
191 
185 
179 
177 
177 
175 
175 
175 
174 
179 
180 
183 
189 
196 
200 
194 
192 
191 
250 
249 
253 
259 
264 
264 
266 
267 
265 
267 
268 
268 
267 
271 
270 
271 
273 
279 
280 
284 
284 
290 
299 
300 
299 
295 
294 
296 
293 
296 
302 
309 
314 
316 
317 
315 
311 
308 
301 
303 
1717 
1346 
1108 
949 
835 
742 
665 
598 
544 
498 
450 
403 
369 
350 
335 
326 
322 
315 
308 
305 
298 
293 
288 
287 
284 
288 
293 
297 
296 
297 
294 
294 
293 
293 
287 
288 
291 
295 
297 
296 
1999 
1515 
1208 
1009 
869 
754 
659 
583 
520 
464 
407 
359 
331 
314 
305 
295 
281 
272 
258 
247 
239 
233 
231 
234 
238 
240 
242 
244 
239 
235 
229 
225 
226 
228 
230 
234 
239 
244 
248 
250 
1577 
1221 
997 
840 
721 
626 
550 
487 
438 
398 
356 
319 
292 
268 
252 
241 
230 
220 
213 
204 
202 
200 
201 
205 
206 
208 
208 
208 
202 
195 
194 
194 
198 
205 
211 
214 
212 
215 
217 
214 
214 
215 
217 
225 
230 
235 
233 
228 
263 
252 
240 
231 
227 
225 
220 
218 
220 
224 
222 
219 
216 
210 
207 
206 
211 
214 
219 
222 
227 
231 
235 
233 
235 
234 
236 
237 
237 
237 
238 
242 
611 
535 
472 
422 
372 
328 
297 
273 
256 
242 
229 
215 
206 
201 
199 
197 
198 
196 
197 
196 
189 
185 
181 
183 
189 
191 
195 
197 
199 
199 
199 
202 
203 
204 
206 
209 
213 
218 
218 
217 
218 
221 
220 
220 
223 
226 
223 
222 
221 
223 
224 
224 
225 
228 
232 
237 
240 
244 
249 
250 
248 
245 
246 
246 
248 
248 
254 
261 
265 
267 
266 
265 
263 
258 
258 
256 
257 
259 
265 
272 
332 
331 
327 
326 
322 
321 
323 
326 
307 
293 
289 
291 
290 
287 
280 
277 
275 
284 
379 
632 
1018 
1479 
1951 
2407 
2836 
3220 
3526 
3773 
3925 
3958 
3952 
3915 
3746 
3479 
3122 
2683 
2190 
1705 
1334 
1098 
287 
288 
292 
297 
299 
300 
294 
299 
287 
272 
266 
264 
262 
269 
267 
270 
267 
301 
462 
823 
1280 
1813 
2373 
2878 
3336 
3759 
3988 
4026 
4023 
4023 
4025 
4027 
3998 
3884 
3534 
3054 
2521 
1976 
1503 
1206 
1010 
862 
738 
641 
567 
507 
462 
418 
369 
337 
314 
294 
275 
259 
245 
234 
230 
229 
235 
235 
235 
233 
232 
234 
234 
227 
228 
231 
234 
238 
239 
239 
240 
240 
243 
241 
240 
243 
246 
253 
848 
733 
643 
566 
504 
453 
412 
366 
324 
295 
274 
258 
249 
242 
233 
225 
215 
214 
214 
207 
210 
217 
225 
230 
230 
225 
221 
221 
219 
217 
217 
223 
234 
238 
241 
244 
244 
243 
239 
236 
234 
235 
239 
242 
241 
238 
232 
241 
238 
228 
227 
232 
238 
236 
234 
234 
236 
277 
467 
855 
1346 
1876 
2397 
2909 
3375 
3790 
3996 
4026 
4026 
4025 
4027 
4027 
4006 
3897 
3554 
3135 
2634 
2083 
1582 
1219 
995 
840 
720 
621 
544 
476 
423 
373 
324 
293 
268 
250 
242 
231 
218 
206 
197 
191 
186 
184 
184 
187 
194 
198 
201 
199 
197 
195 
192 
195 
194 
197 
201 
204 
208 
209 
210 
211 
207 
207 
206 
207 
208 
211 
212 
221 
228 
226 
219 
209 
207 
202 
198 
193 
194 
199 
237 
351 
573 
881 
1230 
1583 
1913 
2237 
2532 
2797 
3023 
3191 
3308 
3384 
3401 
3362 
3265 
3110 
2891 
2631 
2319 
1970 
1607 
1243 
198 
201 
206 
210 
216 
219 
218 
216 
215 
214 
218 
220 
224 
225 
226 
232 
234 
235 
232 
229 
228 
225 
226 
227 
234 
240 
249 
256 
258 
256 
254 
251 
249 
247 
248 
253 
260 
268 
274 
275 
324 
322 
319 
316 
318 
317 
321 
327 
312 
300 
289 
285 
277 
270 
259 
254 
253 
264 
361 
620 
1012 
1478 
1959 
2421 
2852 
3242 
3554 
3807 
3943 
3968 
3962 
3939 
3783 
3515 
3153 
2704 
2199 
1703 
1326 
1086 
282 
284 
287 
289 
295 
298 
299 
301 
993 
840 
714 
612 
528 
452 
399 
349 
311 
292 
279 
261 
240 
218 
201 
189 
185 
186 
193 
198 
194 
190 
187 
178 
177 
172 
173 
180 
184 
188 
186 
185 
184 
184 
187 
186 
190 
195 
203 
206 
208 
206 
205 
201 
200 
208 
218 
214 
209 
196 
190 
185 
178 
174 
171 
179 
219 
336 
558 
864 
1211 
1565 
1892 
2223 
2530 
2798 
3018 
3181 
3293 
3369 
3393 
3356 
193 
195 
196 
196 
196 
197 
200 
204 
208 
207 
210 
210 
210 
210 
204 
203 
205 
208 
214 
216 
219 
220 
224 
230 
229 
230 
232 
233 
234 
233 
233 
235 
236 
238 
242 
246 
250 
253 
253 
248 
244 
241 
241 
242 
245 
251 
258 
267 
268 
270 
272 
268 
267 
266 
267 
275 
275 
277 
278 
278 
280 
285 
286 
284 
284 
282 
283 
284 
284 
282 
282 
286 
293 
292 
295 
300 
303 
308 
310 
310 
3891 
3712 
3444 
3091 
2653 
2167 
1684 
1316 
1083 
928 
817 
727 
652 
590 
539 
497 
452 
399 
369 
346 
336 
332 
322 
312 
302 
296 
289 
278 
272 
269 
272 
279 
285 
290 
288 
289 
289 
291 
289 
286 
284 
289 
293 
301 
303 
307 
306 
307 
306 
300 
299 
298 
301 
309 
305 
303 
305 
292 
279 
272 
272 
273 
279 
283 
288 
284 
313 
473 
830 
1285 
1808 
2355 
2859 
3328 
3758 
3989 
4025 
4024 
4025 
4025 
259 
259 
263 
262 
260 
262 
265 
267 
267 
272 
277 
282 
280 
276 
274 
271 
274 
266 
251 
248 
248 
254 
262 
265 
267 
267 
266 
317 
526 
910 
1396 
1924 
2479 
2996 
3445 
3816 
3985 
4023 
4025 
4026 
246 
244 
241 
242 
244 
246 
246 
243 
246 
246 
250 
252 
251 
253 
246 
241 
248 
245 
235 
234 
237 
237 
235 
235 
234 
235 
278 
470 
858 
1350 
1873 
2387 
2885 
3340 
3747 
3984 
4024 
4026 
4026 
4026 
200 
196 
193 
186 
183 
180 
180 
186 
194 
206 
211 
210 
209 
211 
220 
226 
218 
205 
192 
191 
187 
187 
185 
187 
195 
231 
349 
566 
867 
1207 
1544 
1874 
2198 
2510 
2788 
3013 
3180 
3286 
3360 
3390 
179 
179 
176 
176 
176 
179 
183 
188 
196 
201 
206 
206 
205 
204 
201 
199 
194 
197 
203 
206 
213 
220 
223 
223 
221 
219 
215 
211 
212 
215 
221 
226 
231 
235 
236 
236 
238 
238 
237 
236 
290 
291 
295 
297 
298 
299 
304 
308 
311 
315 
317 
319 
323 
323 
321 
317 
320 
320 
297 
286 
283 
285 
283 
277 
270 
264 
257 
266 
359 
615 
1001 
1458 
1928 
2380 
2817 
3205 
3517 
3761 
3912 
3955 
3951 
3915 
3740 
3471 
3114 
2673 
2181 
1696 
1324 
1092 
934 
819 
724 
639 
571 
520 
480 
436 
387 
361 
345 
337 
327 
317 
305 
294 
287 
282 
280 
282 
283 
286 
283 
285 
285 
283 
283 
279 
278 
280 
4026 
4026 
4001 
3894 
3552 
3083 
2551 
1993 
3992 
4026 
4023 
4025 
4026 
4027 
4001 
3896 
3544 
3070 
2530 
1972 
1495 
1195 
1006 
868 
758 
671 
599 
538 
485 
428 
373 
338 
318 
305 
293 
282 
272 
267 
260 
250 
297 
510 
899 
1388 
1926 
2480 
2996 
3451 
3829 
3992 
4025 
4026 
4025 
4005 
3925 
3593 
3149 
2644 
2087 
1577 
1230 
1011 
856 
738 
642 
563 
500 
447 
402 
354 
312 
287 
269 
254 
244 
234 
231 
223 
219 
213 
454 
840 
1331 
1858 
2384 
2907 
3375 
3771 
3991 
4025 
4026 
4023 
4026 
4026 
4004 
3890 
3547 
3128 
2620 
2061 
1560 
1198 
976 
818 
699 
608 
531 
461 
405 
348 
302 
267 
242 
227 
221 
215 
205 
195 
186 
172 
163 
157 
156 
159 
165 
174 
176 
179 
181 
180 
176 
173 
172 
172 
181 
184 
186 
191 
192 
190 
190 
192 
192 
194 
198 
198 
197 
201 
207 
206 
199 
182 
177 
179 
186 
192 
192 
194 
227 
342 
203 
194 
186 
180 
175 
176 
178 
184 
188 
189 
187 
185 
173 
169 
167 
170 
182 
185 
192 
194 
197 
202 
200 
201 
201 
202 
207 
210 
213 
213 
213 
215 
217 
219 
219 
225 
228 
228 
228 
220 
297 
296 
296 
299 
306 
309 
309 
311 
312 
315 
313 
311 
308 
310 
314 
315 
317 
318 
321 
324 
329 
333 
340 
342 
340 
337 
336 
339 
338 
337 
341 
344 
354 
334 
317 
308 
303 
296 
290 
280 
309 
305 
303 
304 
309 
310 
309 
300 
294 
290 
289 
290 
288 
293 
299 
308 
314 
314 
314 
314 
314 
312 
310 
309 
309 
314 
319 
325 
330 
331 
327 
321 
318 
299 
282 
274 
275 
273 
282 
286 
266 
254 
248 
241 
239 
237 
236 
239 
240 
241 
243 
243 
244 
246 
251 
251 
250 
249 
247 
249 
252 
254 
260 
260 
262 
263 
263 
261 
255 
254 
251 
253 
260 
255 
244 
244 
243 
243 
242 
239 
216 
218 
259 
452 
838 
1332 
1859 
2373 
2882 
3344 
3744 
3984 
4025 
4026 
4024 
4026 
4026 
4000 
3884 
3545 
3120 
2612 
2055 
1557 
1198 
979 
829 
708 
606 
529 
463 
407 
352 
307 
280 
262 
243 
225 
205 
192 
186 
180 
176 
172 
169 
175 
183 
188 
189 
188 
184 
182 
179 
178 
178 
178 
185 
192 
195 
198 
199 
200 
202 
196 
191 
188 
190 
201 
208 
209 
213 
219 
220 
211 
195 
189 
186 
192 
196 
195 
237 
227 
223 
215 
202 
192 
184 
178 
174 
169 
170 
179 
188 
197 
197 
199 
197 
190 
184 
182 
186 
198 
207 
207 
207 
208 
209 
208 
207 
204 
207 
212 
215 
217 
215 
215 
216 
214 
216 
219 
300 
301 
306 
307 
306 
304 
297 
294 
294 
298 
304 
311 
323 
330 
332 
332 
328 
325 
324 
322 
323 
327 
334 
339 
341 
344 
346 
348 
346 
344 
341 
337 
339 
339 
340 
343 
350 
334 
318 
311 
358 
340 
326 
317 
309 
303 
301 
297 
270 
269 
270 
268 
269 
274 
278 
278 
278 
279 
278 
279 
285 
271 
261 
257 
258 
249 
248 
242 
243 
243 
278 
448 
820 
1293 
1835 
2400 
2900 
3360 
3803 
4005 
218 
214 
214 
215 
221 
226 
231 
237 
234 
230 
227 
225 
223 
219 
220 
227 
241 
247 
245 
245 
244 
239 
223 
216 
216 
216 
220 
226 
225 
226 
229 
285 
507 
911 
1422 
1975 
2552 
3087 
3555 
3933 
4026 
4024 
4026 
4027 
4026 
4027 
3956 
3645 
3215 
2691 
2114 
1597 
1220 
992 
830 
707 
611 
531 
466 
411 
354 
304 
268 
242 
227 
220 
203 
191 
181 
174 
171 
167 
165 
171 
179 
185 
177 
173 
168 
165 
187 
184 
182 
178 
176 
175 
182 
188 
193 
195 
199 
199 
202 
203 
201 
202 
208 
206 
208 
206 
209 
214 
217 
218 
219 
221 
226 
225 
226 
220 
220 
220 
219 
222 
226 
229 
235 
240 
246 
247 
3737 
3898 
3956 
3956 
3917 
3733 
3460 
3099 
2663 
2167 
1679 
1303 
1070 
919 
809 
715 
636 
571 
525 
483 
435 
383 
353 
334 
325 
311 
301 
292 
287 
281 
275 
272 
271 
267 
265 
260 
259 
259 
263 
266 
269 
271 
277 
281 
278 
279 
278 
275 
277 
276 
278 
278 
283 
283 
290 
293 
294 
295 
293 
285 
284 
267 
250 
246 
247 
248 
260 
262 
259 
258 
291 
449 
815 
1281 
1816 
2379 
2888 
3347 
3781 
4000 
220 
219 
221 
224 
231 
235 
237 
240 
240 
238 
239 
235 
237 
240 
245 
251 
254 
253 
251 
248 
247 
236 
221 
212 
215 
221 
229 
228 
231 
232 
239 
293 
509 
900 
1405 
1950 
2525 
3055 
3512 
3898 
215 
218 
219 
217 
218 
222 
227 
228 
228 
225 
229 
234 
233 
235 
237 
240 
245 
243 
233 
227 
235 
227 
212 
210 
210 
214 
221 
222 
229 
234 
277 
472 
872 
1373 
1902 
2426 
2965 
3461 
3895 
4023 
4026 
4026 
4025 
4025 
4028 
4023 
3941 
3596 
3172 
2657 
2096 
1586 
1219 
1000 
845 
720 
617 
531 
468 
411 
354 
304 
274 
257 
245 
233 
219 
206 
194 
180 
172 
166 
165 
170 
179 
179 
181 
182 
179 
179 
2269 
2579 
2858 
3081 
3248 
3361 
3433 
3454 
3419 
3327 
3165 
2945 
2679 
2352 
1992 
1620 
1253 
980 
807 
696 
605 
530 
461 
402 
345 
297 
270 
259 
244 
228 
213 
200 
188 
184 
185 
188 
198 
196 
191 
187 
296 
296 
297 
298 
303 
308 
307 
304 
300 
297 
298 
299 
302 
306 
315 
329 
330 
329 
327 
321 
316 
313 
314 
317 
330 
313 
301 
293 
289 
282 
271 
256 
250 
245 
262 
363 
620 
1005 
1456 
1913 
2872 
3333 
3765 
3993 
4025 
4025 
4026 
4026 
4026 
4002 
3897 
3551 
3072 
2533 
1968 
1489 
1186 
990 
853 
735 
647 
574 
508 
459 
411 
358 
332 
316 
303 
281 
264 
251 
239 
230 
227 
227 
234 
243 
241 
235 
217 
211 
211 
211 
211 
213 
218 
223 
327 
332 
335 
318 
307 
299 
298 
290 
283 
270 
266 
263 
274 
371 
620 
995 
1439 
1898 
2344 
2763 
3140 
3438 
3680 
3829 
3909 
3901 
3842 
3671 
3410 
3059 
2632 
2151 
1676 
1310 
1083 
929 
814 
719 
643 
581 
536 
496 
454 
407 
378 
358 
343 
333 
327 
319 
312 
301 
296 
294 
294 
295 
293 
293 
301 
304 
305 
299 
293 
281 
280 
281 
285 
298 
305 
310 
310 
310 
278 
274 
274 
280 
288 
289 
290 
287 
285 
283 
284 
279 
270 
272 
273 
269 
263 
260 
259 
257 
262 
315 
525 
905 
1389 
1915 
2463 
2965 
3402 
3762 
3970 
4016 
4026 
4025 
3994 
3898 
3572 
3136 
2641 
2093 
3092 
2594 
2051 
1563 
1212 
999 
849 
726 
629 
552 
488 
438 
384 
338 
308 
286 
266 
249 
234 
221 
214 
210 
208 
207 
211 
217 
219 
215 
209 
203 
200 
200 
200 
204 
213 
221 
226 
222 
216 
208 
2584 
2284 
1941 
1590 
1241 
976 
803 
682 
587 
514 
454 
405 
352 
309 
280 
260 
248 
240 
232 
226 
217 
208 
199 
191 
189 
190 
193 
199 
200 
203 
202 
200 
197 
194 
189 
187 
190 
194 
199 
202 
204 
207 
209 
212 
213 
214 
216 
220 
223 
220 
222 
223 
223 
226 
230 
234 
238 
235 
233 
232 
231 
231 
231 
231 
231 
235 
238 
244 
248 
251 
257 
260 
260 
258 
259 
259 
258 
258 
259 
265 
316 
318 
319 
318 
315 
314 
309 
313 
320 
325 
325 
323 
329 
310 
295 
291 
289 
283 
282 
279 
285 
285 
318 
473 
829 
1281 
1791 
2332 
2831 
3292 
3712 
3971 
4025 
4024 
4026 
4026 
4027 
3988 
3850 
3501 
2631 
2081 
1573 
1228 
1009 
859 
753 
664 
589 
529 
478 
433 
385 
344 
320 
306 
296 
284 
273 
263 
254 
250 
245 
239 
240 
242 
248 
249 
247 
243 
237 
231 
230 
234 
237 
246 
254 
259 
260 
257 
3536 
3112 
2614 
2062 
1571 
1219 
1003 
848 
725 
626 
547 
480 
424 
367 
322 
295 
273 
255 
240 
229 
222 
214 
208 
203 
199 
201 
202 
205 
200 
199 
196 
194 
197 
194 
195 
201 
204 
207 
202 
200 
197 
201 
203 
203 
200 
200 
201 
204 
211 
211 
212 
213 
215 
219 
219 
222 
224 
226 
227 
224 
222 
222 
222 
222 
226 
230 
237 
245 
250 
251 
248 
243 
241 
236 
237 
241 
247 
257 
260 
264 
3074 
2643 
2158 
1678 
1312 
1082 
927 
808 
713 
639 
580 
534 
497 
455 
409 
383 
360 
340 
325 
311 
303 
300 
294 
293 
294 
298 
297 
292 
289 
285 
281 
281 
284 
288 
288 
288 
285 
288 
294 
296 
281 
278 
278 
275 
270 
267 
265 
267 
278 
288 
292 
290 
288 
288 
277 
255 
245 
243 
251 
257 
259 
259 
262 
269 
321 
528 
911 
1394 
1921 
2475 
2987 
3431 
3804 
3984 
4024 
4025 
4025 
4003 
3929 
3603 
228 
231 
245 
257 
258 
258 
258 
256 
1089 
942 
829 
740 
667 
606 
563 
521 
474 
422 
389 
369 
351 
343 
336 
325 
322 
320 
322 
324 
326 
327 
326 
322 
315 
310 
308 
308 
310 
312 
319 
328 
275 
277 
278 
280 
279 
282 
286 
288 
293 
298 
300 
304 
304 
302 
300 
298 
299 
289 
276 
277 
281 
281 
279 
276 
275 
275 
272 
321 
525 
900 
1368 
1875 
2407 
2907 
3347 
3711 
3948 
3999 
4019 
4015 
3982 
3856 
3523 
3093 
2606 
2068 
1576 
1239 
1021 
868 
752 
660 
585 
520 
469 
428 
384 
346 
318 
303 
293 
287 
284 
275 
266 
255 
249 
243 
240 
238 
240 
241 
251 
255 
253 
247 
243 
240 
239 
243 
4028 
3996 
3861 
3512 
3098 
2598 
2053 
1561 
1203 
985 
832 
716 
621 
551 
497 
447 
393 
339 
300 
270 
249 
238 
232 
233 
230 
222 
215 
207 
198 
189 
183 
182 
185 
192 
199 
201 
199 
204 
208 
205 
202 
199 
201 
208 
208 
212 
215 
216 
218 
215 
215 
219 
221 
224 
227 
230 
224 
214 
198 
194 
192 
198 
200 
200 
208 
244 
355 
571 
875 
1216 
1558 
1888 
2215 
2528 
2803 
3022 
3178 
3289 
3363 
3387 
195 
195 
196 
198 
199 
202 
203 
207 
212 
215 
218 
214 
209 
208 
208 
205 
203 
205 
211 
224 
230 
238 
238 
239 
239 
236 
232 
232 
235 
241 
244 
248 
251 
249 
250 
253 
251 
249 
249 
248 
248 
250 
252 
254 
257 
264 
272 
278 
280 
279 
278 
279 
275 
273 
273 
280 
287 
292 
299 
299 
296 
293 
289 
287 
283 
285 
285 
287 
292 
298 
299 
304 
305 
309 
314 
317 
315 
317 
319 
319 
3807 
3632 
3374 
3032 
2607 
2135 
1668 
1316 
1092 
936 
823 
734 
662 
601 
554 
512 
469 
422 
391 
371 
357 
350 
346 
339 
325 
313 
303 
298 
294 
295 
299 
308 
318 
321 
319 
314 
312 
308 
304 
303 
4026 
3985 
3844 
3499 
3039 
2519 
1979 
1509 
1217 
1027 
889 
772 
679 
604 
544 
499 
451 
403 
371 
354 
338 
319 
299 
286 
276 
269 
263 
264 
265 
278 
287 
284 
279 
267 
260 
258 
257 
266 
279 
285 
283 
284 
280 
276 
270 
270 
271 
281 
287 
285 
284 
281 
279 
283 
286 
288 
297 
292 
276 
268 
265 
263 
263 
261 
265 
271 
277 
330 
535 
912 
1388 
1899 
2431 
2940 
3389 
3764 
3972 
4015 
4025 
4025 
249 
244 
240 
237 
235 
233 
234 
236 
247 
258 
262 
264 
262 
260 
253 
244 
248 
242 
231 
233 
235 
239 
238 
235 
238 
237 
272 
455 
834 
1316 
1832 
2338 
2834 
3296 
3707 
3971 
4024 
4024 
4023 
4026 
4024 
4025 
3994 
3864 
3518 
3100 
2599 
2054 
1564 
1207 
991 
841 
721 
624 
547 
487 
437 
384 
335 
301 
278 
263 
240 
227 
216 
208 
205 
201 
196 
197 
200 
207 
209 
207 
202 
199 
197 
197 
194 
195 
3383 
3343 
3246 
3089 
2869 
2610 
2296 
1946 
1213 
1563 
1892 
2215 
2514 
2782 
3004 
3173 
3281 
3348 
3370 
3342 
3250 
3089 
2867 
2604 
2292 
1944 
1586 
1228 
966 
793 
671 
576 
503 
444 
393 
343 
299 
272 
252 
239 
226 
224 
223 
220 
223 
225 
230 
242 
251 
251 
248 
245 
241 
238 
236 
237 
241 
248 
256 
261 
264 
266 
264 
264 
264 
263 
263 
269 
272 
275 
277 
279 
280 
280 
280 
282 
284 
287 
286 
286 
345 
331 
321 
311 
306 
307 
307 
318 
223 
222 
225 
223 
223 
219 
215 
217 
218 
222 
221 
221 
226 
232 
239 
240 
302 
304 
306 
314 
321 
329 
332 
330 
330 
325 
323 
321 
307 
296 
295 
297 
224 
231 
238 
242 
249 
287 
473 
848 
1322 
1834 
2346 
2853 
3318 
3710 
3970 
4024 
4026 
4026 
4027 
4025 
3992 
3854 
3511 
3094 
2589 
2034 
1547 
1193 
979 
836 
718 
618 
543 
478 
426 
368 
321 
287 
263 
252 
193 
195 
195 
203 
239 
350 
566 
869 
1212 
1559 
1890 
2215 
2522 
2788 
3010 
3174 
3285 
3353 
3377 
3342 
3247 
3086 
2860 
2594 
2280 
1932 
1578 
1225 
969 
804 
688 
591 
513 
451 
401 
348 
301 
271 
255 
245 
235 
241 
245 
243 
244 
243 
239 
236 
239 
244 
256 
259 
259 
260 
257 
253 
254 
257 
262 
271 
275 
270 
268 
266 
264 
265 
268 
269 
277 
286 
293 
296 
294 
288 
287 
284 
284 
288 
293 
294 
308 
307 
303 
303 
300 
308 
399 
637 
1010 
1451 
1908 
2355 
2779 
3150 
3443 
3680 
3829 
3908 
3900 
3833 
3668 
3406 
3054 
2624 
2147 
1676 
1321 
1098 
956 
847 
755 
673 
606 
552 
509 
467 
420 
397 
387 
373 
360 
345 
336 
325 
315 
308 
303 
302 
307 
308 
313 
313 
315 
316 
317 
315 
315 
317 
317 
320 
320 
317 
319 
321 
320 
323 
327 
331 
334 
334 
333 
331 
331 
324 
324 
329 
314 
303 
300 
304 
256 
253 
252 
254 
259 
263 
318 
526 
908 
1384 
1900 
2437 
2943 
3392 
3762 
3969 
4018 
4025 
4025 
3992 
3901 
3575 
3138 
2638 
2084 
1576 
1229 
1006 
854 
742 
655 
582 
522 
469 
424 
374 
328 
297 
276 
263 
224 
223 
227 
233 
238 
240 
241 
243 
280 
464 
844 
1325 
1838 
2342 
2844 
3306 
3712 
3970 
4024 
4026 
4025 
4026 
4026 
3992 
3854 
3506 
3087 
2583 
2037 
1550 
1198 
987 
841 
722 
621 
539 
470 
413 
358 
311 
196 
195 
195 
198 
199 
193 
197 
233 
346 
565 
866 
1207 
1553 
1885 
2217 
2521 
2792 
3009 
3171 
3277 
3351 
3370 
3333 
3235 
3069 
2849 
2592 
2288 
1947 
1588 
1234 
970 
794 
674 
584 
508 
449 
397 
349 
304 
274 
257 
243 
236 
225 
215 
205 
192 
184 
175 
174 
176 
179 
186 
188 
188 
191 
193 
193 
188 
188 
192 
199 
204 
203 
204 
203 
204 
208 
207 
208 
210 
214 
215 
211 
208 
209 
212 
216 
218 
288 
295 
304 
309 
310 
307 
302 
297 
349 
564 
865 
1199 
1540 
1873 
2203 
2510 
2776 
2990 
3147 
3253 
3326 
3353 
3321 
3225 
3068 
2845 
2586 
2284 
1938 
1585 
1228 
963 
787 
670 
583 
513 
455 
407 
360 
320 
247 
249 
246 
243 
240 
239 
239 
242 
243 
248 
252 
261 
266 
269 
270 
269 
267 
265 
262 
267 
270 
276 
282 
288 
287 
286 
286 
283 
281 
280 
279 
286 
292 
292 
294 
294 
291 
296 
299 
302 
327 
319 
315 
310 
303 
299 
298 
296 
305 
399 
641 
1011 
1449 
1901 
2331 
2736 
3104 
3401 
3641 
3789 
3874 
3870 
3798 
3634 
3379 
3035 
2613 
2137 
1664 
1309 
1083 
930 
821 
739 
671 
613 
567 
524 
479 
431 
396 
377 
365 
358 
351 
342 
334 
327 
321 
316 
314 
309 
307 
312 
315 
315 
315 
314 
311 
313 
316 
319 
320 
327 
324 
324 
327 
324 
325 
324 
324 
330 
331 
333 
336 
339 
336 
333 
331 
309 
251 
247 
250 
252 
255 
256 
256 
259 
261 
311 
515 
890 
1361 
1874 
2409 
2915 
3358 
3726 
3953 
4001 
4021 
4017 
3983 
3864 
3534 
3095 
2599 
2053 
1560 
1228 
1013 
867 
752 
652 
572 
507 
451 
410 
369 
333 
227 
219 
215 
210 
204 
196 
190 
186 
181 
182 
183 
190 
196 
195 
194 
191 
190 
189 
184 
183 
189 
199 
203 
199 
198 
192 
190 
195 
195 
203 
210 
220 
225 
231 
234 
225 
210 
190 
186 
185 
227 
224 
215 
208 
203 
199 
200 
194 
194 
195 
194 
193 
193 
194 
193 
193 
195 
204 
206 
202 
199 
196 
195 
199 
199 
205 
208 
210 
217 
222 
228 
228 
228 
231 
225 
224 
228 
232 
233 
236 
297 
302 
304 
306 
312 
318 
321 
325 
322 
319 
318 
317 
320 
324 
329 
331 
335 
339 
335 
335 
331 
330 
331 
331 
335 
341 
346 
349 
348 
351 
351 
352 
352 
352 
354 
356 
337 
320 
312 
311 
310 
307 
302 
303 
302 
308 
395 
635 
1003 
1439 
1892 
2337 
2755 
3125 
3425 
3666 
3816 
3894 
3885 
3823 
3655 
3396 
3052 
2625 
2143 
1671 
1317 
1097 
949 
842 
746 
666 
596 
541 
498 
457 
413 
395 
384 
372 
284 
285 
282 
283 
284 
316 
476 
832 
1283 
1803 
2338 
2823 
3275 
3696 
3969 
4025 
4025 
4024 
4026 
4025 
3989 
3856 
3500 
3027 
2502 
1955 
1488 
1196 
1002 
866 
754 
666 
597 
539 
491 
439 
390 
360 
334 
311 
232 
233 
231 
236 
250 
258 
309 
517 
898 
1377 
1889 
2435 
2946 
3389 
3760 
3967 
4015 
4024 
4023 
3993 
3897 
3565 
3127 
2628 
2073 
1567 
1222 
997 
840 
726 
636 
565 
505 
457 
420 
375 
334 
302 
282 
266 
257 
251 
244 
239 
234 
229 
227 
225 
225 
222 
223 
223 
220 
217 
218 
217 
220 
223 
230 
237 
241 
240 
240 
241 
237 
239 
236 
234 
239 
241 
247 
255 
258 
253 
246 
252 
244 
227 
219 
215 
240 
225 
216 
207 
200 
196 
192 
192 
1004 
864 
747 
657 
582 
523 
472 
421 
372 
340 
318 
299 
282 
268 
256 
244 
237 
232 
233 
237 
240 
243 
244 
245 
243 
241 
232 
233 
232 
235 
241 
241 
3931 
3601 
3158 
2649 
2089 
1575 
1228 
1008 
857 
742 
646 
565 
499 
442 
396 
353 
316 
294 
283 
273 
258 
244 
231 
218 
208 
204 
204 
206 
209 
215 
222 
224 
223 
221 
219 
216 
214 
214 
215 
221 
3374 
3794 
3998 
4025 
4027 
4026 
4026 
4027 
4011 
3918 
3569 
3135 
2615 
2055 
1552 
1189 
974 
824 
704 
601 
523 
459 
403 
350 
307 
276 
256 
241 
226 
213 
197 
188 
181 
178 
178 
177 
180 
185 
183 
181 
178 
174 
169 
168 
168 
176 
178 
181 
184 
187 
193 
194 
194 
198 
195 
194 
196 
199 
202 
204 
210 
220 
226 
217 
206 
190 
182 
179 
181 
183 
183 
188 
224 
344 
567 
881 
1230 
1584 
1924 
2265 
189 
186 
183 
180 
179 
181 
189 
198 
203 
205 
206 
208 
206 
205 
204 
205 
209 
214 
222 
225 
225 
226 
224 
223 
225 
223 
223 
222 
226 
231 
230 
231 
235 
239 
245 
247 
252 
253 
253 
251 
306 
307 
308 
313 
315 
323 
326 
328 
331 
325 
324 
324 
326 
332 
335 
337 
340 
343 
345 
341 
337 
333 
331 
332 
315 
301 
295 
296 
294 
293 
287 
285 
283 
293 
384 
630 
1001 
1445 
1909 
2355 
291 
297 
298 
294 
292 
290 
287 
285 
286 
292 
304 
310 
308 
307 
305 
302 
298 
292 
291 
297 
304 
310 
311 
315 
301 
283 
276 
273 
267 
268 
265 
272 
275 
311 
471 
827 
1277 
1792 
2343 
2852 
240 
237 
235 
234 
233 
235 
239 
244 
248 
248 
250 
249 
248 
246 
243 
243 
245 
246 
250 
253 
258 
260 
262 
266 
260 
244 
235 
232 
232 
233 
233 
238 
245 
247 
299 
510 
901 
1391 
1923 
2480 
3000 
3448 
3826 
3989 
4025 
4026 
4025 
4007 
3939 
3617 
3175 
2658 
2097 
1581 
1228 
1002 
849 
735 
645 
567 
503 
451 
402 
360 
319 
293 
274 
261 
248 
235 
222 
218 
216 
210 
210 
207 
211 
219 
222 
224 
3351 
3767 
3991 
4025 
4026 
4025 
4026 
4027 
4007 
3909 
3559 
3131 
2611 
2051 
1547 
1188 
977 
832 
710 
608 
527 
463 
409 
354 
309 
281 
258 
237 
218 
204 
192 
183 
176 
175 
182 
191 
195 
188 
181 
177 
189 
185 
181 
183 
189 
196 
207 
215 
211 
211 
207 
203 
198 
195 
192 
197 
205 
216 
220 
223 
224 
229 
230 
231 
228 
223 
222 
229 
236 
243 
241 
245 
243 
244 
247 
244 
245 
247 
249 
252 
250 
249 
249 
249 
253 
257 
262 
267 
276 
278 
274 
274 
271 
272 
273 
276 
276 
281 
287 
292 
290 
289 
281 
280 
280 
281 
288 
291 
294 
298 
303 
306 
304 
306 
306 
306 
306 
304 
307 
312 
241 
236 
230 
230 
230 
229 
228 
229 
156 
139 
134 
129 
127 
125 
125 
135 
177 
307 
552 
890 
1266 
1651 
2025 
2400 
2748 
3049 
3286 
3460 
3579 
3668 
3701 
3666 
3552 
3360 
3107 
2818 
2475 
2086 
1687 
1290 
139 
138 
139 
138 
143 
146 
152 
157 
159 
161 
161 
161 
161 
160 
164 
169 
174 
175 
176 
178 
176 
177 
179 
181 
185 
185 
186 
186 
185 
185 
189 
193 
198 
203 
203 
205 
206 
205 
207 
209 
213 
218 
220 
220 
218 
219 
222 
225 
224 
226 
225 
227 
225 
225 
227 
230 
236 
238 
243 
245 
247 
247 
244 
246 
247 
246 
248 
254 
259 
263 
264 
263 
262 
262 
259 
257 
259 
263 
267 
268 
919 
796 
694 
609 
537 
480 
438 
395 
349 
324 
305 
289 
276 
261 
253 
244 
238 
238 
236 
235 
237 
237 
238 
235 
234 
232 
232 
234 
232 
234 
237 
239 
240 
239 
239 
238 
239 
240 
242 
249 
257 
261 
262 
261 
259 
255 
254 
255 
244 
232 
230 
231 
227 
228 
224 
223 
219 
252 
423 
811 
1310 
1882 
2483 
3018 
3510 
3947 
4024 
4026 
4025 
4025 
4026 
4027 
4026 
3962 
3662 
3171 
2610 
2012 
1503 
1181 
205 
207 
207 
210 
209 
211 
217 
223 
215 
200 
194 
190 
190 
188 
186 
191 
200 
207 
263 
492 
921 
1457 
2040 
2656 
3240 
3757 
4007 
4026 
4026 
4027 
4027 
4026 
4004 
3792 
3320 
2775 
2167 
1614 
1237 
1003 
186 
189 
189 
184 
177 
184 
181 
173 
172 
169 
168 
168 
167 
167 
171 
217 
435 
874 
1426 
2009 
2582 
3145 
3680 
4003 
4027 
4025 
4026 
4026 
4026 
4026 
4027 
3997 
3758 
3300 
2742 
2136 
1594 
1206 
981 
815 
146 
146 
144 
149 
154 
150 
147 
139 
138 
131 
132 
130 
128 
132 
170 
299 
544 
887 
1275 
1667 
2039 
2401 
2739 
3036 
3286 
3475 
3600 
3685 
3705 
3661 
3557 
3376 
3128 
2836 
2479 
2086 
1683 
1285 
989 
797 
149 
148 
147 
147 
148 
149 
155 
163 
163 
163 
162 
162 
163 
163 
165 
170 
179 
183 
181 
179 
173 
172 
175 
174 
178 
187 
194 
202 
200 
199 
197 
194 
194 
196 
200 
211 
218 
221 
217 
211 
278 
274 
271 
272 
277 
286 
273 
255 
247 
242 
236 
231 
219 
214 
217 
235 
333 
597 
1001 
1477 
1973 
2461 
2924 
3324 
3641 
3900 
3975 
4000 
3993 
3967 
3853 
3569 
3194 
2733 
2215 
1706 
1315 
1070 
906 
785 
257 
258 
257 
255 
256 
258 
244 
229 
219 
219 
218 
221 
222 
225 
223 
256 
428 
817 
1314 
1883 
2479 
3019 
3516 
3948 
4023 
4024 
4025 
4025 
4027 
4027 
4028 
3964 
3657 
3158 
2599 
2006 
1500 
1183 
977 
834 
210 
216 
219 
217 
217 
217 
208 
189 
184 
181 
186 
195 
196 
196 
198 
199 
253 
483 
918 
1463 
2059 
2677 
3247 
3746 
4006 
4025 
4026 
4026 
4027 
4027 
4003 
3791 
3323 
2783 
2177 
1619 
1237 
996 
830 
701 
608 
523 
456 
401 
352 
303 
260 
233 
551 
551 
547 
543 
539 
538 
536 
538 
539 
544 
548 
553 
555 
557 
553 
549 
546 
545 
523 
504 
499 
499 
497 
494 
490 
489 
488 
492 
545 
685 
894 
1145 
1609 
1883 
2141 
2382 
2572 
2731 
2830 
2887 
2878 
2828 
2715 
2561 
2351 
2078 
1785 
1478 
1218 
1059 
956 
881 
815 
759 
715 
677 
649 
617 
573 
552 
543 
537 
532 
530 
528 
525 
519 
512 
506 
498 
493 
492 
1727 
2180 
2610 
2987 
3307 
3548 
3708 
3798 
3796 
3707 
3522 
3228 
2840 
2394 
1909 
1463 
1163 
977 
842 
744 
667 
605 
558 
513 
477 
435 
394 
364 
345 
332 
324 
317 
311 
311 
306 
300 
300 
297 
299 
305 
307 
301 
294 
281 
279 
281 
286 
298 
303 
315 
321 
324 
323 
316 
307 
303 
299 
300 
304 
309 
314 
321 
326 
333 
344 
343 
332 
312 
302 
296 
296 
298 
295 
300 
336 
450 
664 
957 
1286 
1616 
293 
298 
298 
294 
290 
288 
289 
293 
296 
302 
306 
306 
300 
295 
295 
297 
300 
301 
303 
308 
312 
318 
323 
323 
318 
316 
312 
304 
304 
307 
320 
334 
343 
343 
337 
327 
319 
315 
310 
317 
330 
337 
340 
342 
341 
340 
342 
342 
342 
343 
343 
345 
345 
345 
345 
345 
347 
351 
352 
355 
361 
364 
359 
355 
351 
343 
339 
343 
351 
364 
374 
384 
385 
381 
373 
362 
356 
352 
353 
361 
1836 
2253 
2647 
2996 
3267 
3482 
3609 
3691 
3690 
3635 
3480 
3234 
2908 
2508 
2064 
1626 
1293 
1087 
939 
830 
739 
664 
602 
559 
527 
494 
456 
438 
423 
402 
383 
366 
354 
345 
339 
339 
341 
346 
354 
360 
2153 
2587 
2979 
3348 
3650 
3898 
3972 
3991 
3983 
3958 
3835 
3601 
3280 
2845 
2370 
1875 
1451 
1184 
1006 
878 
768 
682 
617 
566 
525 
480 
433 
402 
387 
377 
359 
342 
329 
319 
313 
306 
304 
305 
312 
324 
108 
116 
123 
123 
122 
123 
122 
122 
122 
120 
120 
119 
121 
123 
124 
124 
126 
130 
134 
136 
143 
147 
150 
153 
151 
149 
150 
141 
139 
148 
147 
137 
135 
131 
132 
128 
128 
129 
134 
180 
79 
80 
83 
90 
90 
88 
89 
86 
85 
83 
83 
82 
88 
86 
88 
89 
93 
97 
101 
106 
115 
118 
116 
113 
111 
107 
107 
113 
123 
125 
125 
115 
112 
106 
100 
93 
90 
91 
134 
274 
538 
899 
1301 
1707 
2096 
2483 
2851 
3170 
3427 
3615 
3738 
3819 
3846 
3810 
3703 
3511 
3247 
2932 
2559 
2147 
1725 
1307 
999 
798 
650 
537 
450 
375 
317 
263 
216 
192 
176 
160 
140 
123 
109 
95 
87 
83 
143 
145 
145 
143 
143 
146 
147 
147 
150 
153 
157 
160 
164 
161 
164 
163 
160 
162 
163 
162 
167 
165 
167 
169 
175 
179 
183 
185 
185 
183 
186 
185 
189 
190 
192 
196 
200 
199 
199 
199 
199 
204 
208 
204 
204 
203 
205 
208 
371 
308 
246 
192 
157 
134 
118 
108 
98 
88 
83 
79 
77 
75 
74 
75 
78 
79 
78 
77 
77 
77 
76 
77 
76 
77 
80 
79 
80 
80 
79 
80 
80 
81 
82 
86 
91 
91 
92 
92 
96 
100 
98 
92 
82 
82 
80 
80 
80 
79 
81 
119 
258 
524 
890 
1301 
1711 
2109 
2521 
2898 
3227 
3487 
3670 
3797 
3890 
3927 
3891 
3771 
3562 
3285 
2972 
2600 
144 
149 
157 
155 
153 
150 
152 
154 
155 
161 
165 
168 
169 
171 
172 
174 
177 
178 
180 
184 
187 
187 
190 
191 
194 
191 
191 
193 
197 
199 
199 
202 
203 
203 
206 
205 
206 
206 
211 
216 
1754 
1332 
1074 
902 
773 
664 
574 
499 
438 
393 
349 
304 
287 
267 
247 
230 
212 
199 
190 
183 
182 
187 
191 
190 
186 
184 
181 
179 
177 
175 
176 
180 
186 
186 
188 
188 
190 
191 
191 
197 
203 
204 
206 
205 
206 
209 
207 
209 
207 
209 
218 
207 
192 
185 
181 
174 
173 
170 
171 
174 
214 
401 
819 
1360 
1973 
2619 
3198 
3738 
4021 
4024 
4024 
4024 
4025 
4026 
4026 
4027 
4008 
3790 
3266 
2674 
156 
160 
161 
164 
165 
164 
165 
166 
159 
144 
144 
146 
150 
148 
146 
146 
147 
150 
209 
458 
921 
1502 
2135 
2793 
3400 
3933 
4025 
4026 
4026 
4026 
4026 
4029 
4027 
3901 
3419 
2850 
2213 
1627 
1231 
980 
810 
684 
579 
488 
414 
355 
305 
256 
214 
187 
171 
164 
157 
145 
134 
123 
113 
108 
107 
110 
118 
121 
116 
113 
110 
110 
108 
106 
106 
110 
118 
122 
123 
122 
122 
124 
123 
124 
130 
136 
959 
788 
644 
528 
437 
360 
301 
246 
201 
181 
160 
138 
117 
101 
86 
80 
77 
76 
79 
81 
82 
80 
79 
78 
75 
75 
74 
75 
76 
80 
82 
84 
82 
82 
81 
81 
82 
83 
87 
94 
98 
100 
97 
95 
94 
99 
106 
101 
95 
86 
83 
80 
80 
79 
78 
83 
121 
263 
526 
894 
1304 
1716 
2113 
2509 
2879 
3203 
3466 
3661 
3786 
3870 
3900 
3861 
3747 
3549 
3272 
2957 
2582 
2163 
1733 
1307 
986 
781 
635 
526 
440 
370 
309 
248 
196 
160 
135 
120 
110 
96 
88 
82 
79 
76 
74 
75 
75 
75 
77 
75 
75 
75 
76 
77 
78 
78 
81 
81 
82 
80 
81 
81 
82 
84 
85 
84 
158 
157 
158 
161 
164 
164 
169 
171 
173 
177 
176 
178 
176 
179 
183 
185 
188 
187 
187 
184 
184 
184 
187 
192 
196 
202 
206 
207 
208 
207 
210 
213 
214 
217 
219 
219 
222 
219 
220 
219 
222 
226 
231 
238 
239 
235 
232 
228 
206 
189 
184 
186 
192 
196 
192 
192 
188 
196 
296 
579 
1020 
1545 
2095 
2636 
3126 
3549 
3888 
4007 
4024 
4026 
4025 
4021 
3963 
3730 
3343 
2863 
2310 
1763 
1343 
1075 
894 
762 
658 
576 
512 
460 
415 
366 
1195 
966 
803 
663 
550 
458 
381 
322 
261 
213 
186 
171 
159 
139 
126 
112 
99 
93 
87 
86 
90 
96 
93 
90 
86 
83 
83 
83 
87 
95 
96 
96 
3751 
3634 
3442 
3180 
2880 
2522 
2122 
1707 
1296 
989 
789 
649 
537 
447 
373 
315 
260 
211 
178 
159 
144 
132 
119 
107 
101 
95 
91 
86 
86 
85 
85 
88 
89 
90 
90 
89 
90 
88 
87 
89 
234 
232 
233 
234 
238 
242 
250 
257 
255 
253 
255 
256 
258 
255 
259 
265 
268 
249 
234 
226 
222 
219 
217 
211 
209 
209 
224 
326 
601 
1026 
1522 
2042 
2557 
3047 
3472 
3807 
3981 
4020 
4025 
4025 
218 
222 
223 
225 
225 
226 
227 
228 
233 
236 
242 
246 
247 
245 
243 
240 
242 
228 
219 
214 
217 
215 
218 
217 
215 
210 
242 
418 
822 
1338 
1929 
2552 
3110 
3627 
3993 
4025 
4024 
4026 
4026 
4027 
4027 
4027 
4003 
3793 
3321 
2775 
2170 
1614 
1237 
997 
835 
712 
608 
521 
448 
388 
339 
292 
252 
229 
218 
210 
201 
189 
177 
167 
158 
152 
147 
150 
155 
159 
160 
159 
159 
158 
153 
150 
148 
151 
105 
111 
114 
119 
119 
120 
120 
116 
116 
120 
123 
130 
132 
134 
134 
140 
146 
139 
128 
113 
110 
113 
112 
112 
111 
115 
155 
285 
535 
882 
1269 
1663 
2041 
2415 
2768 
3069 
3315 
3498 
3623 
3707 
117 
125 
126 
123 
119 
113 
108 
111 
116 
126 
135 
136 
137 
136 
135 
132 
131 
130 
136 
144 
148 
150 
150 
149 
146 
146 
146 
154 
161 
172 
175 
175 
174 
169 
165 
165 
164 
169 
178 
187 
193 
191 
190 
186 
180 
177 
178 
179 
191 
200 
206 
208 
203 
199 
200 
201 
207 
219 
229 
227 
223 
220 
214 
214 
218 
224 
235 
245 
244 
242 
235 
230 
227 
227 
229 
233 
239 
249 
253 
252 
4019 
3995 
3934 
3658 
3271 
2788 
2256 
1735 
1338 
1094 
928 
801 
696 
613 
540 
483 
439 
398 
353 
330 
308 
287 
272 
259 
248 
241 
235 
233 
235 
240 
239 
232 
227 
221 
218 
219 
219 
228 
237 
245 
4026 
4026 
4027 
3978 
3699 
3192 
2619 
2023 
1511 
1194 
995 
849 
721 
622 
540 
470 
415 
362 
314 
293 
272 
252 
235 
219 
202 
187 
178 
173 
177 
184 
179 
177 
175 
173 
171 
173 
174 
181 
187 
192 
3997 
3768 
3294 
2755 
2156 
1606 
1235 
1003 
841 
714 
612 
526 
457 
402 
355 
307 
269 
246 
230 
215 
202 
192 
180 
170 
160 
154 
151 
154 
159 
162 
161 
160 
158 
159 
158 
160 
158 
164 
171 
171 
171 
170 
171 
174 
175 
176 
177 
179 
183 
184 
180 
178 
179 
178 
172 
177 
175 
166 
166 
170 
171 
168 
165 
163 
167 
211 
421 
851 
1398 
1983 
2556 
3118 
3627 
3982 
4025 
4025 
4025 
4026 
4026 
4027 
122 
123 
123 
121 
119 
117 
117 
122 
3978 
4025 
4025 
4026 
4026 
4025 
4026 
4026 
3975 
3695 
3200 
2632 
2036 
1517 
1191 
982 
830 
706 
607 
530 
467 
413 
360 
307 
273 
247 
227 
213 
201 
191 
183 
175 
177 
180 
187 
245 
481 
913 
1458 
2042 
2648 
3221 
3729 
4000 
4026 
4027 
4026 
4026 
4025 
3997 
3779 
3315 
2774 
2168 
1610 
1228 
984 
816 
693 
594 
516 
449 
393 
347 
298 
258 
230 
209 
198 
191 
185 
175 
154 
163 
210 
423 
856 
1401 
1975 
2542 
3114 
3640 
3988 
4025 
4025 
4025 
4026 
4027 
4028 
4027 
3986 
3718 
3270 
2717 
2114 
1576 
1186 
955 
793 
663 
559 
474 
404 
342 
288 
242 
212 
196 
178 
159 
146 
130 
118 
109 
106 
109 
118 
121 
117 
110 
102 
96 
95 
93 
93 
103 
112 
120 
120 
122 
120 
118 
119 
116 
121 
131 
139 
140 
135 
135 
133 
133 
141 
149 
151 
148 
134 
126 
121 
116 
112 
110 
128 
123 
117 
115 
115 
113 
111 
111 
110 
110 
108 
108 
108 
110 
116 
121 
125 
130 
132 
134 
133 
132 
131 
131 
134 
136 
141 
143 
146 
147 
151 
152 
150 
151 
152 
153 
155 
158 
158 
159 
238 
239 
239 
244 
246 
245 
245 
243 
244 
246 
248 
248 
250 
253 
257 
264 
267 
268 
266 
263 
268 
267 
268 
269 
273 
276 
277 
281 
282 
285 
285 
283 
283 
261 
244 
236 
237 
236 
235 
230 
215 
214 
249 
430 
829 
1337 
1920 
2521 
3063 
3573 
3973 
4026 
4025 
4025 
4025 
4027 
4026 
4027 
3976 
3692 
3183 
2616 
2024 
1516 
1195 
987 
834 
707 
609 
530 
468 
415 
360 
308 
274 
253 
236 
220 
203 
190 
177 
170 
159 
152 
145 
139 
140 
144 
145 
147 
142 
139 
138 
134 
132 
132 
136 
142 
146 
150 
151 
151 
153 
153 
154 
153 
154 
160 
167 
169 
171 
170 
169 
166 
160 
166 
160 
149 
150 
149 
150 
141 
124 
115 
107 
98 
94 
94 
98 
103 
105 
102 
99 
96 
92 
90 
89 
92 
99 
108 
116 
117 
116 
119 
118 
115 
113 
115 
119 
122 
129 
133 
135 
142 
147 
142 
130 
113 
107 
104 
144 
137 
131 
123 
114 
109 
106 
106 
103 
103 
104 
107 
107 
102 
101 
99 
99 
102 
103 
106 
113 
120 
128 
130 
128 
125 
123 
122 
123 
122 
124 
132 
143 
148 
151 
150 
146 
142 
140 
140 
219 
225 
228 
231 
232 
233 
235 
235 
235 
235 
237 
237 
240 
240 
240 
240 
243 
248 
253 
257 
260 
262 
261 
261 
258 
259 
261 
265 
269 
270 
273 
275 
276 
277 
272 
270 
246 
234 
232 
233 
269 
262 
252 
239 
229 
219 
211 
210 
207 
209 
218 
224 
227 
225 
225 
223 
224 
223 
222 
225 
228 
228 
229 
228 
231 
233 
238 
238 
239 
237 
236 
238 
241 
242 
243 
246 
230 
215 
211 
212 
195 
178 
174 
174 
175 
175 
177 
179 
550 
468 
395 
337 
277 
226 
190 
163 
147 
136 
128 
122 
114 
108 
104 
100 
99 
98 
103 
103 
101 
99 
99 
96 
94 
95 
100 
107 
114 
114 
109 
108 
177 
178 
182 
190 
195 
201 
202 
200 
196 
191 
188 
187 
188 
192 
201 
210 
215 
219 
218 
219 
218 
214 
214 
212 
216 
222 
224 
230 
232 
234 
235 
233 
231 
228 
227 
231 
233 
240 
241 
243 
2829 
2288 
1748 
1336 
1076 
898 
775 
673 
590 
524 
470 
427 
381 
330 
298 
275 
263 
250 
239 
229 
218 
211 
206 
203 
205 
208 
212 
210 
205 
202 
200 
197 
193 
194 
196 
205 
216 
219 
219 
220 
220 
217 
215 
215 
217 
224 
231 
231 
231 
232 
232 
231 
232 
220 
205 
200 
196 
189 
190 
188 
193 
193 
233 
416 
821 
1343 
1934 
2548 
3103 
3623 
3991 
4025 
4025 
4025 
4025 
4026 
4027 
4027 
3987 
3724 
175 
171 
167 
161 
162 
163 
165 
174 
182 
181 
185 
184 
186 
186 
188 
177 
165 
165 
164 
165 
165 
165 
164 
166 
170 
232 
476 
921 
1476 
2076 
2697 
3274 
3799 
4022 
4026 
4026 
4026 
4026 
4026 
4014 
4003 
3782 
3320 
2759 
2146 
1595 
1204 
973 
804 
663 
553 
458 
385 
331 
276 
228 
204 
182 
160 
139 
120 
103 
95 
92 
97 
103 
107 
102 
99 
93 
87 
84 
85 
89 
99 
107 
105 
103 
103 
102 
3446 
3184 
2887 
2526 
2122 
1708 
1298 
991 
795 
658 
548 
465 
395 
340 
280 
230 
197 
175 
157 
140 
125 
116 
107 
100 
102 
101 
105 
105 
106 
107 
100 
95 
95 
95 
99 
101 
106 
109 
112 
114 
178 
182 
183 
186 
187 
189 
192 
193 
196 
196 
198 
199 
201 
201 
198 
199 
199 
199 
203 
203 
213 
219 
225 
227 
224 
223 
222 
221 
221 
221 
225 
230 
236 
241 
242 
241 
236 
232 
230 
230 
3686 
3295 
2817 
2276 
1744 
1338 
1086 
915 
786 
676 
587 
515 
461 
420 
377 
334 
309 
288 
270 
252 
235 
223 
213 
207 
205 
210 
217 
218 
217 
213 
202 
193 
191 
193 
201 
212 
215 
214 
213 
212 
211 
212 
215 
221 
228 
231 
228 
229 
227 
226 
228 
230 
231 
235 
240 
229 
214 
202 
196 
190 
190 
188 
189 
189 
229 
418 
825 
1343 
1932 
2541 
3102 
3625 
3992 
4025 
4025 
4025 
4026 
4026 
4026 
4027 
163 
161 
158 
158 
158 
161 
163 
167 
175 
184 
190 
190 
186 
184 
183 
175 
163 
157 
160 
167 
167 
165 
164 
167 
170 
226 
466 
910 
1470 
2078 
2712 
3290 
3807 
4022 
4025 
4026 
4026 
4025 
4026 
4015 
3836 
3360 
2804 
2184 
1612 
1223 
981 
820 
703 
598 
507 
433 
368 
316 
267 
226 
209 
201 
186 
170 
155 
139 
133 
130 
134 
144 
140 
133 
129 
126 
123 
121 
123 
126 
137 
147 
147 
147 
144 
140 
101 
103 
103 
102 
102 
106 
109 
114 
169 
173 
179 
182 
183 
182 
182 
184 
185 
187 
192 
195 
197 
198 
196 
194 
193 
191 
190 
196 
192 
180 
179 
176 
179 
179 
180 
184 
186 
190 
246 
480 
913 
1459 
2049 
2663 
3235 
3738 
4005 
4025 
4025 
4026 
4026 
4027 
4000 
3785 
3317 
2769 
2162 
1606 
1228 
995 
834 
709 
603 
517 
450 
392 
345 
296 
255 
230 
213 
205 
194 
181 
173 
164 
154 
148 
143 
141 
145 
144 
147 
147 
147 
150 
151 
153 
155 
158 
160 
163 
162 
162 
161 
164 
167 
169 
172 
176 
179 
182 
181 
178 
176 
169 
163 
173 
171 
160 
159 
160 
163 
162 
163 
166 
170 
217 
433 
865 
115 
112 
111 
111 
112 
114 
107 
112 
119 
123 
124 
123 
121 
120 
121 
125 
129 
134 
139 
140 
142 
138 
138 
135 
137 
147 
154 
153 
146 
132 
126 
124 
126 
122 
123 
137 
177 
308 
552 
892 
1274 
1659 
2037 
2412 
2763 
3067 
3309 
3481 
3598 
3684 
3717 
3678 
3565 
3380 
3127 
2835 
2488 
2095 
1693 
1295 
998 
802 
665 
555 
472 
401 
344 
291 
245 
215 
198 
182 
166 
151 
136 
123 
114 
107 
104 
107 
173 
175 
173 
174 
170 
171 
170 
175 
182 
186 
187 
189 
190 
194 
195 
197 
196 
198 
199 
202 
204 
206 
206 
208 
211 
213 
217 
216 
214 
213 
212 
212 
213 
217 
220 
225 
230 
233 
235 
236 
1015 
1515 
2031 
2532 
2995 
3405 
3738 
3961 
4009 
4024 
4018 
3994 
3927 
3650 
3268 
2795 
2259 
1731 
1331 
1083 
916 
796 
694 
607 
538 
478 
429 
382 
331 
305 
288 
279 
265 
253 
243 
236 
228 
223 
219 
217 
219 
224 
230 
230 
228 
225 
223 
218 
217 
215 
217 
223 
226 
229 
231 
232 
232 
231 
233 
233 
236 
242 
247 
251 
254 
251 
249 
249 
236 
218 
212 
210 
211 
219 
220 
223 
221 
251 
426 
817 
441 
841 
1351 
1928 
2530 
3087 
3609 
3985 
4024 
4025 
4026 
4025 
4025 
4027 
4026 
3982 
3712 
3215 
2641 
2040 
1522 
1193 
982 
833 
712 
617 
537 
472 
416 
360 
306 
270 
245 
228 
216 
207 
198 
190 
183 
180 
177 
177 
176 
173 
171 
171 
170 
169 
170 
170 
172 
174 
179 
178 
178 
180 
180 
178 
179 
179 
180 
184 
188 
195 
201 
204 
205 
202 
199 
200 
193 
179 
177 
176 
181 
183 
181 
182 
181 
182 
136 
137 
138 
144 
146 
146 
145 
140 
136 
135 
135 
138 
139 
143 
142 
145 
147 
149 
150 
154 
161 
166 
167 
165 
163 
163 
162 
158 
157 
170 
167 
151 
146 
142 
140 
139 
138 
142 
150 
199 
535 
885 
1274 
1667 
2051 
2432 
2787 
3088 
3333 
3515 
3643 
3731 
3760 
3715 
3603 
3415 
3164 
2864 
2507 
2105 
1693 
1283 
980 
784 
651 
543 
458 
388 
331 
276 
229 
195 
176 
164 
147 
134 
121 
111 
103 
97 
340 
615 
1037 
1534 
2049 
2551 
3028 
3449 
957 
844 
765 
703 
648 
599 
559 
513 
475 
454 
447 
450 
448 
440 
428 
419 
413 
406 
397 
391 
392 
395 
395 
396 
400 
406 
410 
406 
410 
411 
409 
407 
452 
448 
444 
444 
447 
454 
454 
458 
464 
472 
476 
473 
472 
472 
470 
468 
464 
463 
464 
468 
476 
481 
483 
488 
494 
495 
491 
485 
480 
475 
474 
478 
480 
483 
493 
501 
508 
510 
506 
501 
499 
497 
497 
499 
498 
500 
507 
513 
520 
522 
522 
518 
512 
507 
500 
499 
484 
471 
469 
470 
472 
474 
470 
472 
468 
469 
524 
685 
929 
1224 
1527 
1828 
2115 
2371 
2571 
2741 
2840 
2894 
2886 
2835 
477 
478 
474 
468 
463 
461 
463 
465 
466 
468 
475 
483 
490 
490 
485 
479 
473 
470 
451 
437 
434 
435 
437 
443 
444 
449 
445 
463 
567 
801 
1088 
1423 
1786 
2116 
2420 
2707 
2935 
3124 
3238 
3303 
433 
428 
425 
427 
432 
434 
430 
431 
433 
432 
439 
448 
458 
460 
455 
448 
440 
442 
432 
418 
415 
419 
426 
433 
438 
437 
432 
425 
456 
597 
844 
1156 
1496 
1859 
2202 
2500 
2745 
2927 
3040 
3115 
438 
434 
431 
430 
428 
428 
431 
436 
448 
461 
465 
460 
455 
453 
448 
437 
430 
439 
439 
430 
432 
435 
439 
438 
435 
435 
433 
452 
567 
810 
1122 
1454 
1780 
2101 
2384 
2635 
2858 
3032 
3147 
3211 
3197 
3133 
3029 
2855 
2619 
2346 
2018 
1659 
1340 
1108 
969 
870 
795 
724 
663 
619 
580 
544 
514 
495 
476 
467 
462 
460 
455 
451 
449 
439 
433 
425 
420 
419 
420 
423 
431 
440 
449 
455 
449 
444 
2727 
2704 
2635 
2525 
2371 
2186 
1964 
1712 
1459 
1202 
1007 
880 
793 
724 
667 
624 
588 
546 
510 
493 
480 
473 
470 
463 
453 
442 
435 
429 
424 
421 
422 
426 
427 
428 
432 
433 
431 
425 
420 
417 
456 
457 
465 
471 
472 
471 
467 
460 
456 
454 
454 
456 
458 
461 
468 
474 
480 
479 
478 
475 
471 
467 
466 
464 
467 
473 
477 
482 
486 
488 
489 
484 
480 
474 
471 
471 
474 
477 
478 
484 
488 
494 
496 
493 
488 
482 
479 
481 
481 
486 
489 
496 
504 
505 
504 
500 
495 
491 
465 
446 
441 
439 
441 
442 
438 
438 
437 
443 
506 
677 
931 
1237 
1556 
1866 
2150 
2408 
2618 
2795 
2908 
2978 
2974 
2921 
2797 
2612 
2369 
2076 
1745 
1420 
1174 
1021 
916 
843 
781 
728 
683 
647 
612 
577 
535 
515 
501 
493 
489 
487 
485 
482 
477 
468 
459 
452 
451 
451 
447 
444 
446 
450 
457 
461 
467 
469 
3247 
3323 
3324 
3268 
3133 
2954 
2711 
2394 
2036 
1659 
1334 
1128 
992 
895 
818 
763 
716 
672 
645 
612 
570 
544 
524 
507 
493 
483 
477 
476 
471 
466 
465 
467 
468 
466 
466 
466 
469 
473 
468 
469 
471 
470 
471 
473 
475 
480 
487 
489 
113 
109 
113 
117 
117 
116 
108 
102 
97 
90 
92 
94 
101 
113 
119 
123 
125 
125 
123 
119 
120 
122 
125 
126 
128 
132 
137 
140 
142 
142 
141 
136 
205 
205 
208 
212 
215 
219 
218 
218 
216 
212 
213 
213 
214 
217 
219 
221 
226 
228 
232 
233 
234 
237 
239 
236 
