-15376 
0 
262180 
32761 
-221139120 
14 
0 
0 
-2145979060 
1 
-221249536 
32761 
-217987728 
32761 
-221160800 
32761 
-14704 
0 
1961864759 
10552 
-220316912 
32761 
0 
0 
-15248 
0 
0 
0 
0 
0 
-13424 
0 
-2143963392 
1 
-15376 
0 
-15680 
0 
262180 
0 
-15120 
0 
257 
32 
68 
5 
99180 
8 
0 
2 
5505102 
4259872 
5505109 
5177416 
4784210 
5832788 
0 
0 
0 
0 
0 
0 
0 
0 
0 
0 
-15592 
0 
568 
384 
0 
0 
1 
0 
0 
0 
0 
0 
0 
0 
0 
0 
0 
0 
8256864 
0 
0 
0 
0 
0 
0 
0 
0 
0 
0 
0 
-15248 
0 
-218005248 
32761 
0 
0 
0 
0 
0 
0 
0 
0 
-13816 
0 
0 
0 
1 
0 
0 
0 
3510272 
0 
0 
0 
0 
0 
758197587 
875965749 
3552045 
808530740 
3291448 
859321645 
825046070 
875968568 
909521453 
842151729 
758329394 
926496049 
959526965 
908931888 
943141173 
909193778 
825766445 
925972789 
758330932 
909324856 
959788085 
808594739 
859189817 
926233907 
943206701 
859189557 
3748920 
0 
0 
0 
0 
0 
-15344 
0 
8247112 
0 
8247088 
0 
8247156 
0 
0 
0 
60 
0 
0 
0 
1 
0 
0 
0 
0 
0 
0 
0 
0 
0 
0 
0 
0 
0 
0 
0 
-218338320 
32761 
7077955 
7667823 
2097252 
6488129 
7274595 
7209077 
2097268 
7667777 
6815860 
7209061 
6881396 
6357091 
6881396 
7209071 
0 
0 
448 
2 
0 
0 
0 
0 
0 
0 
0 
0 
0 
0 
0 
0 
0 
0 
-13248 
0 
-2147071248 
1 
0 
0 
-27048 
0 
0 
0 
0 
0 
-13816 
0 
0 
0 
0 
0 
0 
0 
0 
0 
0 
0 
-14704 
0 
0 
0 
0 
0 
0 
0 
0 
0 
0 
0 
8264944 
0 
65 
0 
1961864471 
10552 
15 
0 
0 
0 
-13816 
0 
0 
0 
0 
0 
-218005112 
32761 
0 
0 
-218003552 
32761 
-220317616 
32761 
-218003552 
32761 
0 
0 
0 
0 
-218005112 
32761 
-14704 
0 
-13816 
0 
1903232307 
0 
-199358544 
32761 
-217921614 
32761 
-217987760 
32761 
2 
0 
-217987728 
32761 
-13816 
0 
512 
0 
-304758199 
33363 
-217921620 
32761 
0 
0 
-2146619762 
1 
-14544 
0 
-2146506771 
1 
8265760 
0 
-199531375 
32761 
0 
0 
0 
0 
8264032 
0 
380 
0 
67 
32761 
14 
0 
48 
7667823 
0 
0 
0 
0 
0 
0 
0 
0 
0 
0 
0 
0 
0 
0 
303840 
8 
-2145116848 
1 
0 
0 
-2146619218 
1 
1 
0 
-13696 
0 
1 
0 
-2147198918 
1 
-14096 
0 
8264032 
0 
11 
0 
-2145615163 
1 
14 
0 
11 
0 
0 
0 
11 
0 
-14032 
0 
-2143844192 
1 
-2143846120 
1 
-2145190791 
1 
16 
8 
-2147202347 
1 
528 
0 
17 
8 
0 
0 
-2147199789 
1 
-2143844328 
1 
0 
0 
-2144872137 
1 
-14032 
0 
17 
8 
-2144821912 
1 
-2143844312 
1 
-2143846136 
1 
17 
8 
-2144821912 
1 
16 
8 
-2147202551 
1 
7 
0 
-14032 
0 
-2144872137 
1 
-2146473625 
1 
-14032 
0 
-2146470715 
1 
2240 
0 
-2145684739 
1 
-13504 
0 
0 
0 
-13504 
0 
-2146506395 
1 
-13216 
0 
-2144537984 
1 
-13424 
0 
0 
0 
-13744 
0 
-13752 
0 
-2145128704 
1 
-2146502650 
1 
0 
0 
-2145166944 
1 
0 
0 
0 
0 
8264960 
0 
-2145933643 
1 
64 
0 
23 
24 
24 
23 
24 
24 
23 
24 
24 
24 
23 
23 
24 
24 
23 
24 
23 
23 
24 
23 
23 
23 
23 
24 
23 
23 
23 
24 
24 
23 
24 
23 
24 
24 
24 
23 
23 
24 
24 
23 
24 
24 
24 
23 
25 
24 
23 
23 
24 
24 
25 
23 
23 
24 
23 
23 
25 
23 
24 
24 
24 
24 
25 
24 
24 
23 
23 
23 
23 
24 
24 
24 
24 
24 
25 
24 
24 
24 
24 
24 
25 
23 
23 
24 
24 
23 
23 
24 
23 
23 
23 
23 
23 
24 
23 
23 
24 
24 
23 
23 
23 
24 
24 
24 
24 
23 
24 
24 
24 
23 
23 
23 
23 
23 
23 
24 
24 
24 
23 
24 
23 
23 
24 
23 
24 
23 
23 
24 
25 
24 
24 
23 
23 
24 
24 
23 
23 
23 
23 
24 
24 
24 
24 
24 
23 
23 
23 
24 
23 
23 
23 
24 
24 
23 
24 
23 
23 
23 
24 
24 
23 
24 
23 
23 
23 
23 
23 
23 
23 
23 
24 
23 
23 
23 
23 
23 
25 
23 
24 
23 
23 
23 
24 
23 
23 
23 
23 
23 
23 
23 
23 
24 
24 
24 
24 
23 
22 
24 
24 
23 
24 
23 
23 
24 
23 
24 
23 
23 
23 
24 
24 
24 
25 
23 
23 
23 
23 
24 
25 
23 
23 
24 
24 
23 
25 
23 
24 
23 
23 
24 
25 
23 
23 
23 
23 
23 
25 
23 
24 
23 
24 
23 
25 
24 
23 
23 
23 
24 
25 
24 
23 
23 
24 
24 
24 
24 
23 
23 
24 
23 
23 
23 
24 
23 
24 
23 
23 
23 
24 
23 
24 
23 
23 
23 
24 
23 
23 
23 
24 
23 
23 
23 
24 
23 
23 
23 
24 
23 
23 
23 
23 
23 
23 
23 
24 
24 
24 
23 
23 
24 
24 
23 
24 
23 
23 
23 
23 
23 
24 
23 
24 
24 
23 
23 
24 
24 
23 
23 
24 
23 
24 
24 
23 
24 
24 
24 
23 
23 
23 
23 
23 
24 
23 
23 
24 
24 
23 
24 
24 
24 
23 
23 
23 
23 
24 
24 
23 
23 
23 
24 
23 
23 
24 
24 
24 
23 
23 
24 
23 
23 
24 
23 
23 
23 
23 
24 
24 
23 
23 
23 
23 
23 
23 
23 
24 
23 
24 
23 
23 
24 
23 
23 
23 
24 
24 
24 
24 
23 
24 
23 
23 
23 
23 
23 
23 
23 
23 
24 
24 
24 
23 
23 
23 
23 
24 
23 
23 
23 
23 
23 
24 
24 
24 
23 
23 
23 
23 
24 
23 
23 
23 
24 
24 
23 
23 
23 
24 
23 
23 
23 
23 
23 
24 
23 
23 
23 
23 
24 
24 
23 
23 
23 
23 
23 
23 
23 
23 
23 
23 
23 
22 
23 
23 
23 
23 
23 
24 
24 
24 
23 
24 
23 
23 
24 
23 
23 
24 
23 
23 
23 
23 
23 
819 
826 
827 
828 
827 
826 
819 
815 
734 
735 
735 
732 
731 
729 
726 
728 
728 
728 
732 
734 
737 
739 
740 
739 
736 
734 
731 
729 
729 
729 
734 
739 
741 
739 
738 
735 
732 
730 
730 
732 
733 
734 
738 
739 
743 
746 
745 
743 
740 
739 
739 
738 
738 
738 
741 
742 
743 
742 
741 
741 
721 
706 
698 
692 
688 
686 
687 
685 
683 
682 
699 
774 
951 
1199 
1504 
1810 
2083 
2341 
2548 
2726 
2839 
2903 
2891 
2822 
2678 
2488 
2227 
1923 
1627 
1384 
1230 
1129 
1050 
987 
937 
899 
869 
841 
823 
801 
769 
748 
735 
725 
716 
708 
705 
700 
697 
697 
696 
695 
692 
689 
685 
682 
682 
683 
684 
684 
688 
692 
694 
692 
691 
689 
689 
687 
686 
686 
686 
687 
690 
695 
695 
693 
692 
689 
686 
687 
679 
660 
657 
658 
658 
662 
663 
665 
664 
663 
664 
665 
669 
670 
688 
735 
814 
922 
1019 
1086 
1119 
1134 
1106 
1041 
956 
885 
835 
807 
795 
786 
777 
772 
763 
757 
745 
742 
738 
739 
743 
735 
724 
718 
715 
708 
702 
698 
694 
693 
692 
695 
701 
698 
699 
698 
696 
695 
693 
695 
694 
697 
702 
707 
707 
703 
701 
699 
696 
692 
693 
696 
701 
707 
709 
708 
706 
701 
696 
693 
690 
693 
694 
689 
688 
687 
685 
679 
674 
673 
672 
673 
677 
683 
690 
703 
752 
855 
983 
1124 
1268 
1374 
1435 
1464 
1430 
1341 
1228 
1094 
980 
909 
868 
839 
818 
800 
789 
778 
771 
764 
757 
750 
743 
735 
722 
718 
714 
712 
712 
711 
706 
702 
701 
697 
693 
695 
696 
700 
702 
701 
704 
706 
707 
706 
705 
705 
704 
702 
701 
704 
706 
708 
709 
708 
710 
711 
711 
710 
706 
706 
702 
698 
692 
703 
702 
689 
689 
690 
687 
691 
687 
687 
687 
688 
686 
690 
695 
728 
819 
949 
1102 
1255 
1407 
1515 
1578 
1603 
1572 
1490 
1378 
1239 
1108 
999 
933 
891 
858 
835 
816 
801 
786 
775 
767 
760 
754 
741 
732 
725 
722 
719 
717 
716 
714 
713 
709 
708 
707 
703 
704 
705 
708 
711 
710 
714 
715 
714 
715 
714 
712 
713 
713 
713 
713 
716 
717 
719 
718 
718 
718 
716 
715 
713 
713 
717 
725 
720 
717 
703 
701 
698 
697 
697 
698 
698 
697 
700 
701 
711 
743 
821 
933 
1073 
1195 
1329 
1427 
1512 
1565 
1600 
1598 
1573 
1495 
1407 
1280 
1148 
1032 
954 
908 
876 
850 
829 
808 
790 
774 
764 
760 
749 
741 
739 
735 
729 
726 
717 
708 
700 
698 
702 
710 
721 
723 
722 
721 
712 
705 
702 
700 
702 
713 
719 
722 
720 
713 
710 
708 
708 
710 
712 
716 
716 
714 
711 
708 
706 
787 
788 
790 
787 
784 
782 
781 
780 
782 
785 
791 
795 
800 
801 
801 
799 
794 
787 
781 
780 
777 
781 
782 
785 
794 
803 
808 
809 
806 
800 
794 
789 
867 
824 
797 
774 
757 
744 
732 
725 
721 
721 
721 
724 
727 
717 
703 
695 
688 
682 
678 
674 
674 
677 
678 
681 
680 
682 
682 
678 
675 
669 
669 
668 
667 
670 
671 
673 
677 
679 
681 
683 
683 
684 
680 
680 
677 
678 
679 
681 
683 
685 
686 
684 
683 
681 
672 
659 
649 
647 
646 
646 
649 
655 
664 
668 
667 
668 
668 
679 
737 
868 
1037 
1219 
1408 
1549 
1628 
1664 
1611 
1498 
1352 
1181 
1035 
944 
889 
847 
817 
795 
775 
765 
754 
748 
741 
736 
728 
714 
700 
694 
690 
685 
683 
687 
691 
687 
685 
682 
678 
675 
671 
670 
668 
671 
671 
676 
680 
680 
682 
682 
684 
684 
683 
681 
679 
681 
681 
679 
681 
680 
687 
691 
691 
691 
689 
681 
672 
674 
674 
655 
654 
657 
654 
659 
659 
660 
665 
668 
669 
670 
678 
720 
838 
1005 
1207 
1411 
1603 
1747 
1830 
1872 
1840 
1733 
1585 
1395 
1215 
1062 
964 
905 
862 
828 
804 
787 
775 
766 
757 
747 
739 
721 
704 
694 
691 
687 
687 
684 
688 
690 
687 
684 
680 
676 
675 
671 
669 
668 
672 
673 
675 
677 
683 
687 
690 
691 
687 
682 
682 
683 
681 
682 
683 
687 
687 
689 
693 
692 
692 
694 
697 
690 
684 
665 
663 
662 
663 
665 
670 
673 
676 
678 
680 
689 
724 
807 
932 
1085 
1223 
1377 
1494 
1594 
1654 
1691 
1685 
1649 
1556 
1456 
1313 
1168 
1042 
952 
896 
857 
826 
805 
786 
775 
765 
754 
746 
729 
716 
707 
699 
694 
692 
691 
694 
693 
692 
690 
690 
687 
681 
680 
680 
681 
682 
680 
692 
695 
694 
695 
696 
692 
691 
691 
693 
696 
700 
705 
706 
706 
705 
701 
697 
695 
694 
694 
694 
697 
701 
700 
700 
701 
700 
696 
698 
697 
699 
703 
705 
710 
713 
715 
715 
713 
713 
711 
710 
712 
711 
711 
708 
706 
707 
707 
708 
710 
709 
709 
711 
711 
710 
711 
712 
714 
716 
717 
719 
719 
719 
720 
720 
720 
719 
720 
721 
721 
720 
719 
718 
718 
717 
720 
718 
719 
719 
719 
720 
720 
722 
723 
725 
727 
728 
728 
728 
729 
729 
728 
728 
728 
729 
730 
728 
724 
725 
706 
692 
685 
679 
678 
679 
681 
678 
673 
671 
687 
786 
1019 
1347 
1748 
2152 
2518 
2866 
3144 
3368 
3500 
3572 
3557 
3478 
3296 
3048 
2696 
2289 
1894 
1566 
1358 
1223 
1121 
1043 
981 
931 
890 
857 
828 
794 
754 
730 
715 
701 
697 
693 
688 
684 
679 
674 
667 
661 
658 
656 
657 
658 
662 
665 
665 
667 
667 
664 
665 
665 
665 
666 
664 
667 
671 
672 
675 
671 
671 
670 
668 
666 
665 
663 
661 
666 
662 
648 
644 
643 
642 
639 
640 
641 
641 
644 
649 
652 
657 
661 
684 
743 
843 
976 
1093 
1176 
1221 
1245 
1217 
1140 
1035 
939 
870 
825 
800 
964 
1079 
1160 
1207 
1229 
1204 
1130 
1031 
941 
872 
830 
800 
785 
770 
758 
749 
744 
741 
741 
736 
738 
734 
721 
707 
699 
694 
688 
685 
684 
682 
683 
681 
682 
683 
687 
692 
694 
696 
695 
695 
695 
687 
683 
682 
686 
691 
692 
696 
695 
694 
692 
687 
685 
686 
685 
687 
692 
695 
699 
700 
699 
698 
696 
691 
682 
677 
674 
675 
676 
679 
677 
677 
676 
673 
670 
672 
690 
753 
891 
1069 
1260 
1452 
1593 
1667 
1700 
1651 
1541 
1396 
1223 
1074 
981 
924 
882 
850 
826 
804 
789 
773 
762 
754 
748 
742 
727 
717 
711 
710 
710 
710 
711 
710 
706 
703 
700 
700 
699 
699 
701 
703 
706 
707 
706 
707 
704 
701 
698 
697 
696 
695 
695 
694 
699 
701 
703 
706 
707 
707 
709 
708 
708 
706 
700 
695 
702 
704 
690 
688 
686 
680 
680 
675 
676 
677 
677 
678 
681 
692 
740 
863 
1041 
1248 
1455 
1651 
1795 
1879 
1927 
1892 
1783 
1634 
1443 
1257 
1099 
1000 
938 
890 
851 
825 
803 
786 
776 
768 
758 
751 
737 
724 
716 
710 
705 
704 
700 
700 
700 
700 
699 
697 
699 
699 
698 
697 
695 
696 
696 
694 
693 
692 
690 
691 
690 
694 
693 
695 
698 
698 
698 
699 
698 
700 
700 
701 
700 
700 
705 
712 
709 
705 
691 
685 
682 
679 
677 
676 
673 
672 
676 
679 
691 
728 
819 
949 
1107 
1251 
1407 
1525 
1625 
1686 
1726 
1726 
1695 
1603 
1496 
1344 
1195 
1060 
969 
913 
877 
845 
817 
791 
772 
756 
746 
738 
724 
712 
706 
707 
706 
705 
702 
699 
692 
690 
689 
689 
686 
688 
694 
699 
703 
703 
703 
702 
697 
696 
697 
694 
696 
699 
703 
704 
701 
701 
696 
692 
690 
689 
690 
690 
693 
700 
704 
705 
705 
705 
700 
700 
700 
700 
700 
703 
707 
710 
708 
709 
707 
707 
706 
700 
698 
697 
698 
700 
701 
706 
708 
708 
708 
705 
704 
702 
704 
706 
708 
712 
716 
718 
717 
716 
715 
711 
709 
709 
709 
710 
711 
710 
711 
713 
714 
714 
713 
708 
707 
707 
709 
709 
714 
721 
724 
724 
722 
722 
720 
716 
714 
715 
715 
717 
720 
722 
725 
723 
722 
718 
714 
714 
714 
714 
715 
716 
719 
723 
729 
709 
693 
686 
675 
668 
667 
668 
669 
668 
671 
687 
783 
1008 
1324 
1710 
2103 
2460 
2793 
3065 
3285 
3416 
3488 
3470 
3394 
3222 
2984 
2648 
2248 
1864 
1546 
1340 
1208 
1108 
1032 
972 
922 
883 
849 
819 
787 
746 
723 
704 
691 
683 
680 
676 
672 
667 
664 
664 
662 
662 
660 
661 
661 
661 
661 
660 
659 
662 
664 
665 
664 
664 
666 
665 
663 
662 
661 
661 
662 
661 
662 
661 
664 
667 
668 
669 
673 
671 
651 
644 
640 
637 
635 
632 
635 
641 
647 
651 
653 
654 
655 
675 
731 
829 
683 
674 
667 
675 
671 
657 
659 
658 
655 
657 
651 
654 
656 
657 
659 
662 
669 
720 
846 
1025 
1235 
1446 
1647 
1788 
1871 
1918 
1887 
1780 
1626 
1433 
1244 
1083 
982 
918 
864 
831 
802 
785 
769 
759 
750 
739 
736 
718 
703 
697 
690 
687 
683 
683 
682 
682 
679 
680 
679 
675 
674 
672 
667 
668 
666 
668 
672 
674 
674 
676 
677 
681 
678 
679 
674 
676 
677 
679 
683 
684 
683 
682 
681 
681 
678 
683 
684 
681 
678 
663 
660 
659 
660 
662 
660 
659 
656 
659 
662 
675 
715 
803 
934 
1098 
1242 
1404 
1524 
1619 
1675 
1708 
1704 
1676 
1584 
1481 
1334 
1184 
1037 
981 
943 
913 
911 
900 
880 
850 
821 
801 
788 
782 
775 
771 
780 
791 
800 
804 
800 
787 
768 
752 
739 
734 
734 
741 
753 
765 
778 
785 
786 
780 
766 
746 
731 
722 
720 
723 
730 
740 
752 
767 
776 
774 
764 
748 
737 
725 
718 
718 
719 
728 
746 
766 
779 
782 
773 
759 
743 
727 
710 
710 
715 
723 
730 
739 
748 
756 
760 
755 
745 
733 
720 
720 
725 
733 
743 
750 
756 
762 
766 
770 
767 
753 
739 
730 
718 
706 
707 
715 
721 
730 
739 
750 
761 
744 
725 
746 
756 
754 
748 
734 
718 
720 
726 
734 
737 
747 
765 
780 
774 
768 
761 
748 
731 
725 
726 
733 
736 
741 
745 
751 
769 
786 
792 
783 
764 
750 
742 
740 
734 
729 
739 
730 
727 
736 
739 
737 
730 
714 
698 
690 
690 
695 
739 
845 
1012 
1210 
1383 
1550 
1713 
1841 
1946 
2002 
2025 
2008 
1968 
1897 
1806 
1658 
1488 
1327 
1193 
1113 
1054 
996 
946 
902 
875 
862 
853 
841 
826 
812 
819 
819 
809 
795 
781 
772 
765 
755 
749 
747 
759 
774 
784 
794 
802 
800 
795 
783 
761 
745 
734 
738 
753 
747 
756 
769 
787 
809 
815 
811 
801 
788 
777 
771 
753 
755 
763 
762 
779 
785 
777 
785 
794 
792 
784 
771 
753 
740 
734 
741 
756 
774 
782 
798 
832 
887 
953 
998 
1012 
1020 
1020 
1000 
979 
952 
928 
912 
902 
902 
905 
897 
888 
873 
852 
842 
837 
837 
845 
864 
873 
875 
870 
869 
859 
847 
833 
819 
812 
814 
817 
828 
836 
836 
843 
860 
869 
868 
856 
838 
820 
808 
804 
809 
818 
828 
844 
861 
875 
882 
878 
864 
845 
829 
824 
816 
818 
822 
837 
855 
875 
884 
877 
867 
848 
825 
807 
794 
791 
792 
799 
811 
825 
843 
861 
893 
950 
1012 
1074 
1135 
1187 
1224 
1246 
1235 
1198 
1144 
1084 
1031 
991 
958 
926 
906 
887 
874 
873 
878 
887 
896 
901 
906 
899 
874 
854 
841 
830 
826 
833 
832 
837 
844 
857 
863 
862 
847 
829 
813 
801 
797 
803 
814 
823 
836 
849 
859 
861 
854 
833 
812 
797 
789 
793 
802 
810 
820 
833 
843 
630 
632 
636 
636 
634 
633 
630 
629 
623 
619 
627 
628 
617 
617 
616 
614 
614 
611 
607 
604 
606 
606 
609 
619 
661 
763 
899 
1061 
1219 
1373 
1487 
1557 
1592 
1566 
1479 
1363 
1214 
1069 
945 
870 
823 
790 
767 
743 
727 
708 
696 
686 
680 
678 
662 
653 
650 
648 
648 
644 
642 
640 
635 
631 
628 
628 
631 
633 
635 
637 
638 
636 
631 
629 
622 
620 
622 
625 
631 
639 
644 
645 
644 
642 
641 
637 
635 
634 
634 
638 
641 
643 
650 
657 
651 
643 
626 
618 
613 
609 
610 
612 
616 
618 
622 
629 
639 
674 
748 
856 
993 
1118 
1259 
1364 
1452 
1503 
1622 
1684 
1725 
1726 
1698 
1607 
1506 
1361 
1211 
1078 
980 
918 
876 
845 
824 
804 
790 
775 
763 
750 
731 
715 
707 
703 
703 
703 
702 
704 
707 
707 
702 
702 
699 
697 
698 
695 
695 
694 
695 
701 
703 
703 
700 
699 
696 
696 
694 
691 
691 
692 
697 
698 
700 
703 
706 
707 
707 
706 
705 
704 
703 
703 
702 
704 
705 
708 
709 
710 
707 
704 
703 
702 
699 
700 
701 
701 
705 
708 
714 
716 
717 
717 
715 
711 
709 
708 
707 
708 
710 
713 
715 
715 
717 
715 
712 
711 
706 
707 
707 
706 
708 
710 
711 
714 
717 
719 
719 
720 
718 
719 
719 
720 
720 
719 
718 
719 
716 
718 
714 
714 
716 
718 
720 
719 
719 
721 
719 
719 
719 
720 
723 
725 
727 
726 
726 
726 
724 
726 
723 
720 
723 
707 
692 
683 
677 
671 
671 
672 
669 
664 
662 
683 
781 
1011 
1336 
1727 
2122 
2482 
2816 
3084 
3305 
3440 
3513 
3495 
3413 
3239 
3002 
2665 
2269 
1878 
1550 
1342 
1205 
1102 
1024 
963 
919 
879 
847 
818 
782 
742 
720 
707 
699 
690 
688 
686 
680 
675 
664 
657 
654 
655 
660 
662 
661 
658 
655 
654 
651 
649 
649 
652 
651 
655 
659 
660 
663 
662 
664 
663 
664 
665 
664 
664 
664 
662 
661 
660 
663 
658 
639 
636 
634 
633 
633 
629 
628 
625 
627 
630 
633 
643 
653 
683 
747 
850 
979 
1092 
1174 
1218 
1244 
1219 
1140 
1037 
944 
876 
831 
802 
780 
761 
749 
738 
728 
722 
717 
715 
717 
724 
717 
703 
695 
693 
688 
683 
680 
680 
676 
679 
678 
677 
680 
683 
686 
686 
683 
681 
676 
675 
676 
676 
675 
673 
673 
677 
681 
685 
687 
689 
691 
689 
688 
687 
687 
685 
685 
688 
688 
688 
690 
689 
678 
671 
667 
661 
659 
656 
653 
655 
658 
665 
671 
681 
699 
763 
900 
1073 
1254 
1437 
1571 
1652 
1691 
1650 
1540 
1395 
1220 
1066 
970 
911 
864 
831 
805 
785 
775 
763 
755 
748 
745 
740 
727 
716 
710 
708 
703 
699 
696 
694 
695 
696 
696 
696 
697 
697 
697 
693 
692 
690 
690 
690 
691 
690 
691 
693 
694 
698 
699 
701 
695 
692 
691 
689 
688 
691 
696 
700 
703 
704 
703 
701 
699 
697 
697 
695 
699 
701 
708 
707 
711 
711 
706 
702 
701 
700 
701 
701 
706 
704 
697 
701 
701 
686 
684 
677 
675 
677 
680 
684 
687 
692 
694 
696 
702 
745 
860 
1017 
1205 
1397 
1584 
1722 
1802 
1843 
1805 
1703 
1565 
1387 
1218 
1070 
982 
928 
885 
858 
837 
820 
806 
791 
780 
765 
757 
738 
724 
719 
718 
721 
723 
720 
719 
711 
702 
695 
693 
693 
695 
700 
707 
708 
709 
708 
706 
703 
702 
703 
705 
711 
716 
715 
716 
716 
713 
708 
704 
704 
704 
707 
711 
711 
710 
715 
717 
710 
709 
712 
711 
718 
722 
714 
710 
692 
688 
686 
683 
684 
684 
686 
688 
692 
696 
708 
746 
829 
950 
1100 
1236 
1383 
1490 
1579 
1635 
1674 
1675 
1646 
1561 
1463 
1325 
1186 
1056 
967 
907 
869 
841 
818 
806 
794 
785 
777 
769 
754 
736 
728 
720 
715 
712 
710 
710 
709 
712 
714 
712 
710 
707 
704 
701 
698 
698 
696 
699 
706 
711 
716 
716 
718 
717 
713 
711 
709 
710 
711 
712 
715 
719 
722 
721 
720 
719 
715 
710 
708 
706 
708 
711 
715 
717 
720 
722 
723 
725 
723 
723 
722 
721 
721 
721 
723 
724 
724 
725 
725 
725 
725 
721 
719 
717 
718 
719 
722 
724 
725 
727 
729 
731 
732 
732 
731 
730 
729 
729 
729 
730 
731 
733 
735 
732 
732 
728 
727 
725 
725 
725 
724 
725 
727 
731 
735 
737 
738 
736 
738 
735 
732 
733 
732 
734 
736 
735 
739 
739 
741 
741 
739 
737 
732 
732 
730 
730 
729 
728 
734 
722 
707 
702 
698 
694 
689 
686 
681 
673 
672 
692 
789 
1005 
1310 
1679 
2043 
2370 
2678 
2931 
3139 
3270 
3341 
3323 
3242 
3077 
2856 
2546 
2182 
1822 
1523 
1328 
1200 
1104 
1026 
968 
921 
885 
854 
829 
801 
761 
740 
723 
710 
702 
692 
687 
682 
679 
678 
675 
678 
676 
677 
677 
675 
675 
674 
674 
673 
671 
671 
672 
674 
675 
672 
671 
670 
671 
670 
673 
674 
674 
673 
673 
673 
676 
676 
676 
678 
673 
654 
650 
651 
649 
647 
646 
645 
647 
648 
650 
653 
656 
659 
684 
746 
844 
970 
1082 
1161 
1205 
1224 
1195 
1125 
1025 
937 
874 
835 
812 
793 
778 
767 
756 
749 
742 
739 
735 
735 
737 
725 
712 
704 
699 
696 
689 
683 
680 
681 
681 
683 
686 
688 
694 
693 
694 
694 
693 
691 
688 
688 
687 
689 
693 
692 
694 
696 
695 
694 
693 
692 
692 
689 
688 
688 
688 
691 
691 
694 
695 
698 
693 
682 
681 
679 
676 
676 
674 
675 
672 
672 
673 
674 
679 
697 
760 
894 
1058 
1229 
1401 
1522 
1597 
1636 
1598 
1493 
1359 
1198 
1058 
968 
912 
872 
842 
816 
796 
782 
769 
761 
756 
754 
751 
741 
726 
719 
942 
885 
846 
820 
803 
787 
773 
766 
761 
754 
746 
740 
727 
714 
708 
702 
704 
706 
700 
700 
695 
695 
696 
696 
697 
696 
688 
685 
683 
685 
691 
696 
696 
696 
697 
699 
698 
700 
696 
696 
699 
698 
704 
706 
701 
703 
704 
707 
706 
708 
698 
688 
694 
692 
679 
675 
671 
669 
672 
674 
676 
679 
681 
684 
688 
697 
739 
852 
1006 
1194 
1380 
1556 
1685 
1764 
1805 
1782 
1689 
1555 
1383 
1212 
1063 
971 
913 
870 
839 
815 
802 
787 
778 
771 
763 
760 
744 
728 
719 
712 
710 
708 
704 
703 
703 
703 
706 
705 
703 
702 
699 
698 
697 
698 
695 
695 
693 
694 
689 
689 
688 
691 
696 
696 
701 
702 
705 
710 
706 
706 
705 
703 
703 
706 
712 
709 
707 
693 
691 
688 
683 
682 
682 
677 
673 
674 
678 
689 
727 
817 
940 
1091 
1225 
1374 
1478 
1564 
1623 
1657 
1660 
1632 
1546 
1447 
1311 
1175 
1052 
965 
911 
872 
842 
816 
796 
780 
767 
758 
747 
732 
721 
714 
710 
712 
716 
715 
710 
709 
706 
705 
702 
698 
697 
699 
700 
703 
703 
708 
710 
708 
704 
699 
698 
694 
692 
694 
697 
700 
705 
707 
713 
716 
713 
712 
711 
710 
711 
711 
708 
709 
710 
712 
716 
716 
719 
719 
717 
715 
711 
713 
708 
706 
705 
706 
714 
721 
725 
731 
732 
729 
724 
723 
719 
719 
720 
721 
724 
729 
734 
737 
735 
734 
731 
724 
721 
719 
719 
720 
721 
725 
730 
735 
738 
737 
740 
742 
740 
738 
735 
732 
730 
734 
739 
740 
741 
743 
746 
744 
741 
737 
734 
733 
733 
736 
737 
740 
742 
743 
744 
743 
744 
745 
744 
743 
744 
750 
755 
753 
751 
752 
731 
715 
708 
703 
698 
698 
695 
691 
686 
682 
697 
791 
1005 
1311 
1681 
2054 
2381 
2683 
2933 
3139 
3270 
3339 
3318 
3238 
3079 
2860 
2551 
2191 
1829 
1529 
1332 
1205 
1107 
1028 
972 
926 
887 
859 
834 
808 
776 
756 
743 
729 
720 
712 
705 
698 
693 
693 
694 
694 
694 
692 
689 
686 
682 
682 
679 
679 
677 
679 
680 
682 
685 
685 
688 
689 
686 
686 
686 
688 
690 
687 
688 
688 
688 
689 
685 
686 
681 
663 
657 
656 
653 
649 
648 
651 
654 
656 
660 
664 
668 
673 
698 
759 
855 
973 
1080 
1150 
1190 
1214 
1191 
1124 
1026 
938 
873 
828 
803 
787 
772 
766 
756 
752 
751 
745 
742 
741 
739 
728 
714 
712 
707 
703 
700 
699 
697 
696 
693 
690 
687 
687 
687 
687 
688 
688 
690 
687 
690 
690 
691 
694 
695 
697 
698 
699 
697 
694 
692 
691 
692 
695 
695 
698 
700 
703 
697 
698 
693 
690 
682 
666 
667 
667 
671 
680 
679 
679 
678 
674 
675 
673 
676 
696 
754 
885 
1045 
1217 
1392 
1516 
1582 
1603 
1557 
1455 
1326 
1172 
1037 
955 
1080 
980 
916 
867 
832 
805 
785 
770 
757 
751 
744 
739 
735 
720 
707 
703 
695 
690 
688 
688 
688 
688 
685 
686 
687 
685 
683 
679 
677 
678 
676 
675 
675 
678 
679 
681 
685 
686 
689 
690 
687 
686 
683 
683 
687 
686 
687 
688 
689 
690 
692 
686 
677 
681 
679 
659 
656 
655 
653 
658 
658 
661 
663 
667 
670 
673 
681 
729 
857 
1036 
1247 
1455 
1656 
1809 
1902 
1948 
1913 
1800 
1645 
1447 
1254 
1088 
987 
925 
878 
843 
816 
796 
774 
762 
755 
744 
738 
721 
704 
695 
688 
686 
686 
683 
683 
684 
685 
686 
682 
678 
674 
671 
669 
667 
667 
667 
691 
691 
687 
687 
690 
691 
692 
694 
695 
695 
695 
695 
692 
688 
683 
683 
685 
688 
691 
697 
705 
701 
700 
686 
679 
676 
673 
672 
672 
671 
671 
674 
680 
695 
733 
823 
950 
1110 
1253 
1409 
1525 
1616 
1677 
1719 
1720 
1694 
1604 
1504 
1358 
1208 
1070 
970 
908 
864 
834 
811 
790 
776 
763 
755 
744 
725 
710 
698 
692 
689 
687 
689 
685 
683 
685 
682 
685 
685 
686 
686 
682 
681 
682 
683 
685 
685 
685 
685 
686 
687 
685 
684 
683 
681 
679 
682 
683 
684 
685 
684 
686 
685 
683 
682 
685 
688 
692 
696 
700 
699 
699 
696 
691 
688 
687 
689 
693 
703 
706 
706 
702 
695 
688 
684 
681 
684 
693 
703 
708 
707 
707 
704 
700 
698 
695 
697 
704 
710 
713 
710 
711 
709 
704 
705 
703 
704 
702 
703 
705 
705 
707 
706 
706 
704 
704 
705 
704 
707 
711 
715 
719 
718 
717 
715 
715 
715 
713 
714 
714 
715 
719 
720 
719 
717 
715 
714 
714 
716 
713 
715 
710 
713 
716 
715 
716 
719 
703 
690 
682 
679 
675 
673 
670 
662 
657 
655 
677 
785 
1028 
1367 
1777 
2187 
2552 
2887 
3163 
3394 
3546 
3629 
3614 
3526 
3338 
3089 
2742 
2333 
1932 
1596 
1377 
1237 
1132 
1050 
987 
933 
890 
856 
828 
792 
751 
725 
706 
693 
685 
677 
671 
669 
669 
666 
667 
666 
665 
665 
663 
661 
657 
657 
660 
661 
656 
659 
664 
665 
664 
665 
664 
663 
659 
658 
657 
658 
661 
661 
660 
664 
666 
667 
667 
669 
668 
649 
644 
640 
636 
635 
635 
635 
637 
639 
640 
646 
649 
654 
681 
748 
855 
990 
1659 
1801 
1886 
1930 
1899 
1793 
1644 
1452 
1262 
1099 
1000 
936 
887 
850 
819 
797 
779 
763 
753 
741 
736 
721 
708 
701 
696 
694 
690 
687 
687 
687 
687 
687 
682 
681 
680 
679 
679 
677 
679 
681 
678 
681 
687 
697 
700 
701 
701 
698 
697 
694 
691 
689 
690 
690 
692 
697 
708 
716 
712 
701 
684 
673 
667 
665 
665 
665 
668 
671 
679 
684 
698 
738 
828 
955 
1109 
1245 
1402 
1524 
1625 
1691 
1731 
1731 
1701 
1600 
1491 
1343 
1193 
1060 
690 
687 
691 
693 
694 
692 
691 
688 
690 
690 
692 
693 
693 
693 
696 
693 
685 
690 
687 
667 
665 
664 
662 
666 
666 
669 
674 
676 
678 
679 
690 
740 
876 
1064 
1285 
1503 
1716 
1865 
1958 
2007 
1971 
1860 
1701 
1494 
1292 
1115 
1009 
941 
893 
855 
828 
809 
788 
777 
767 
754 
746 
729 
714 
703 
699 
695 
693 
692 
692 
693 
691 
685 
683 
680 
678 
674 
693 
694 
690 
685 
681 
678 
675 
674 
678 
683 
684 
686 
689 
691 
690 
691 
691 
690 
689 
691 
691 
693 
694 
702 
709 
703 
699 
683 
677 
670 
665 
663 
663 
664 
668 
673 
680 
693 
737 
827 
962 
1123 
1269 
1435 
1559 
1659 
1725 
1765 
1764 
1726 
1631 
1525 
1375 
1221 
1081 
983 
921 
874 
838 
810 
788 
774 
762 
752 
741 
727 
713 
707 
703 
699 
697 
694 
692 
692 
691 
691 
688 
688 
690 
687 
685 
681 
680 
682 
682 
685 
683 
683 
683 
686 
689 
690 
692 
693 
694 
693 
692 
692 
691 
692 
691 
693 
694 
693 
693 
695 
692 
690 
688 
687 
689 
689 
691 
692 
695 
698 
699 
699 
697 
697 
699 
696 
696 
697 
698 
700 
702 
704 
704 
704 
701 
700 
696 
695 
695 
695 
695 
697 
701 
702 
706 
708 
711 
711 
708 
706 
705 
707 
707 
709 
709 
710 
711 
711 
709 
708 
707 
702 
699 
700 
701 
705 
705 
709 
714 
713 
714 
715 
715 
715 
711 
710 
710 
711 
714 
715 
718 
719 
719 
718 
715 
714 
710 
707 
705 
705 
688 
678 
675 
671 
668 
668 
667 
663 
656 
655 
673 
780 
1031 
1382 
1816 
2246 
2626 
2978 
3268 
3507 
3653 
3732 
3710 
3618 
3428 
3170 
2806 
2382 
1961 
1610 
1386 
1242 
1135 
1047 
982 
928 
884 
847 
815 
781 
739 
717 
699 
686 
677 
669 
663 
662 
658 
652 
644 
642 
640 
638 
638 
637 
635 
636 
639 
644 
649 
654 
653 
651 
647 
641 
640 
639 
641 
645 
649 
650 
652 
653 
652 
650 
649 
643 
640 
642 
635 
617 
614 
619 
620 
621 
624 
625 
624 
625 
623 
623 
627 
634 
665 
737 
851 
993 
1121 
1204 
1250 
1267 
1234 
1153 
1041 
947 
876 
826 
795 
771 
749 
736 
726 
723 
723 
725 
727 
725 
721 
704 
685 
673 
667 
664 
664 
670 
679 
683 
680 
673 
661 
653 
654 
653 
658 
672 
675 
674 
670 
665 
662 
664 
670 
672 
677 
683 
684 
682 
679 
671 
669 
667 
669 
676 
683 
687 
683 
682 
677 
673 
667 
654 
652 
649 
649 
655 
662 
665 
663 
661 
661 
659 
663 
681 
669 
681 
723 
819 
959 
1122 
1275 
1438 
1556 
1657 
1722 
1764 
1763 
1730 
1636 
1526 
1376 
1219 
1078 
981 
920 
878 
849 
826 
804 
784 
762 
742 
730 
713 
703 
704 
706 
708 
706 
700 
692 
688 
687 
684 
685 
687 
691 
692 
692 
692 
691 
690 
689 
689 
686 
680 
680 
678 
679 
678 
679 
685 
687 
691 
690 
692 
696 
696 
698 
695 
695 
694 
693 
692 
694 
696 
697 
698 
699 
700 
703 
705 
701 
698 
695 
693 
691 
690 
693 
695 
700 
705 
708 
705 
705 
707 
707 
707 
702 
701 
701 
702 
707 
710 
714 
717 
717 
716 
711 
703 
701 
699 
699 
702 
707 
712 
715 
716 
718 
716 
717 
716 
715 
715 
713 
717 
722 
722 
723 
724 
723 
717 
713 
712 
711 
713 
714 
718 
717 
719 
720 
719 
718 
715 
717 
720 
720 
721 
719 
721 
727 
708 
691 
683 
677 
671 
668 
670 
663 
658 
660 
682 
790 
1036 
1381 
1791 
2201 
2577 
2937 
3228 
3463 
3604 
3674 
3650 
3567 
3387 
3139 
2786 
2369 
1955 
1608 
1387 
1244 
1131 
1042 
976 
925 
883 
848 
819 
787 
748 
724 
707 
695 
686 
681 
676 
673 
668 
662 
659 
657 
654 
654 
652 
653 
650 
652 
651 
651 
650 
647 
648 
646 
645 
646 
649 
651 
654 
654 
657 
659 
662 
660 
658 
659 
656 
655 
651 
655 
651 
634 
629 
626 
623 
619 
616 
619 
619 
623 
626 
628 
633 
639 
670 
739 
850 
989 
1114 
1203 
1253 
1275 
1242 
1158 
1048 
946 
873 
828 
800 
780 
759 
745 
732 
724 
719 
714 
710 
712 
714 
705 
693 
690 
687 
681 
678 
671 
671 
669 
667 
667 
666 
667 
669 
669 
668 
666 
665 
665 
665 
664 
663 
662 
662 
664 
666 
668 
671 
674 
675 
678 
677 
676 
675 
672 
674 
673 
677 
674 
677 
680 
678 
663 
653 
647 
643 
641 
641 
643 
645 
645 
652 
656 
664 
685 
755 
903 
1085 
1280 
1473 
1611 
1695 
1737 
1693 
1579 
1427 
1245 
1084 
977 
910 
861 
827 
801 
778 
765 
746 
740 
736 
731 
726 
716 
702 
694 
687 
683 
685 
683 
681 
680 
681 
681 
680 
679 
675 
674 
672 
673 
676 
675 
677 
676 
676 
673 
668 
671 
673 
676 
683 
687 
688 
689 
686 
686 
683 
681 
681 
678 
679 
676 
670 
682 
686 
672 
669 
664 
657 
655 
649 
650 
652 
658 
663 
669 
683 
736 
872 
1055 
1268 
1483 
1690 
1846 
1938 
1984 
1948 
1835 
1680 
1478 
1283 
1113 
1003 
937 
888 
854 
827 
801 
781 
764 
752 
743 
735 
721 
709 
701 
699 
699 
697 
694 
690 
687 
684 
681 
680 
679 
681 
680 
680 
679 
679 
676 
676 
677 
675 
676 
677 
679 
679 
676 
677 
676 
674 
675 
676 
678 
680 
682 
684 
684 
686 
683 
686 
693 
697 
696 
691 
674 
671 
666 
666 
663 
660 
659 
656 
660 
665 
678 
722 
812 
946 
1107 
1254 
1411 
1530 
1631 
1695 
1738 
1734 
1701 
1607 
1495 
1352 
1200 
1067 
972 
917 
878 
844 
814 
787 
763 
743 
732 
728 
716 
707 
705 
699 
699 
697 
689 
687 
682 
682 
682 
680 
684 
686 
689 
690 
691 
692 
688 
684 
684 
685 
688 
685 
687 
686 
682 
683 
681 
681 
683 
687 
692 
693 
694 
692 
692 
691 
689 
688 
685 
684 
683 
685 
687 
686 
691 
695 
697 
699 
700 
699 
698 
697 
698 
696 
696 
698 
701 
702 
703 
704 
703 
703 
702 
700 
700 
695 
693 
694 
694 
699 
698 
701 
703 
705 
708 
706 
708 
712 
710 
709 
708 
708 
709 
710 
710 
710 
711 
713 
713 
712 
711 
709 
710 
709 
710 
709 
709 
711 
715 
716 
717 
718 
719 
722 
725 
722 
721 
720 
720 
722 
723 
720 
716 
722 
705 
687 
681 
676 
673 
671 
667 
661 
652 
649 
670 
781 
1032 
1373 
1783 
2191 
2551 
2891 
3166 
3396 
3537 
3618 
3606 
3516 
3338 
3089 
2743 
2337 
1934 
1598 
1377 
1235 
1128 
1041 
977 
924 
882 
849 
822 
790 
752 
729 
714 
704 
693 
685 
682 
676 
674 
671 
667 
667 
664 
663 
661 
659 
656 
651 
650 
650 
651 
653 
655 
657 
660 
660 
662 
663 
665 
663 
662 
661 
664 
666 
667 
669 
669 
666 
666 
666 
659 
640 
631 
628 
627 
629 
631 
635 
634 
635 
635 
641 
644 
651 
676 
743 
853 
992 
1116 
1202 
1252 
1276 
1250 
1170 
1058 
956 
876 
826 
796 
778 
764 
752 
744 
743 
737 
734 
730 
731 
729 
712 
699 
690 
686 
683 
680 
683 
683 
686 
687 
685 
683 
676 
673 
671 
671 
671 
673 
677 
677 
681 
683 
683 
686 
685 
686 
685 
681 
679 
676 
680 
684 
685 
687 
687 
689 
689 
686 
684 
682 
680 
677 
663 
658 
657 
658 
660 
662 
664 
666 
667 
667 
667 
670 
689 
759 
903 
1085 
1280 
1474 
1617 
1696 
1730 
1682 
1564 
1415 
1235 
1078 
977 
913 
870 
841 
815 
794 
779 
765 
755 
746 
740 
732 
722 
708 
704 
700 
695 
694 
687 
683 
679 
679 
676 
676 
678 
682 
682 
683 
685 
685 
685 
684 
683 
683 
683 
682 
683 
685 
686 
689 
689 
691 
689 
691 
688 
685 
681 
678 
676 
678 
673 
674 
680 
685 
673 
674 
673 
667 
668 
665 
662 
663 
665 
667 
674 
684 
737 
868 
1054 
1268 
1473 
1674 
1818 
1903 
1953 
1921 
1813 
1659 
1463 
1268 
1106 
1003 
935 
887 
854 
827 
810 
787 
772 
760 
747 
737 
719 
706 
699 
697 
697 
693 
690 
685 
683 
680 
675 
672 
671 
670 
675 
679 
681 
676 
674 
673 
670 
678 
678 
683 
683 
682 
684 
680 
680 
682 
681 
683 
684 
688 
690 
687 
686 
687 
687 
689 
689 
689 
686 
691 
693 
689 
685 
670 
668 
663 
666 
668 
667 
666 
666 
669 
675 
690 
731 
819 
950 
1109 
1250 
1408 
1527 
1629 
1690 
1731 
1727 
1691 
1596 
1489 
1344 
1194 
1058 
962 
901 
862 
833 
805 
786 
773 
761 
747 
736 
721 
706 
704 
703 
698 
698 
692 
690 
684 
676 
675 
672 
672 
674 
676 
681 
679 
680 
675 
670 
697 
698 
699 
702 
703 
705 
708 
707 
709 
709 
710 
708 
705 
705 
710 
714 
716 
716 
715 
717 
715 
710 
706 
703 
701 
705 
709 
713 
715 
714 
715 
713 
713 
712 
715 
713 
718 
722 
723 
723 
720 
716 
715 
716 
717 
717 
717 
718 
715 
716 
713 
715 
715 
711 
714 
716 
719 
722 
721 
723 
723 
722 
723 
723 
726 
727 
728 
729 
728 
724 
720 
723 
721 
724 
728 
732 
731 
727 
726 
722 
720 
720 
720 
721 
722 
728 
735 
737 
740 
739 
737 
735 
730 
728 
727 
727 
725 
728 
739 
722 
708 
699 
689 
679 
669 
667 
664 
663 
671 
694 
785 
990 
1269 
1608 
1959 
2284 
2586 
2822 
3017 
3128 
3188 
3175 
3109 
2962 
2754 
2460 
2110 
1764 
1476 
1289 
1167 
1077 
1008 
955 
910 
876 
848 
821 
793 
758 
739 
727 
718 
714 
710 
702 
697 
690 
684 
677 
676 
677 
683 
687 
688 
687 
681 
678 
677 
672 
669 
667 
664 
668 
676 
684 
691 
693 
692 
690 
685 
679 
679 
681 
686 
693 
692 
692 
693 
690 
670 
660 
656 
653 
646 
645 
647 
649 
655 
661 
664 
670 
675 
698 
759 
856 
980 
1090 
1166 
1213 
1234 
1212 
1143 
1044 
953 
884 
843 
816 
799 
786 
776 
766 
760 
754 
751 
747 
747 
743 
732 
721 
717 
715 
713 
711 
711 
709 
708 
705 
704 
705 
705 
707 
705 
707 
708 
708 
707 
706 
706 
705 
705 
704 
701 
700 
705 
704 
707 
709 
711 
717 
717 
717 
716 
714 
716 
713 
715 
715 
715 
712 
701 
698 
694 
691 
687 
684 
684 
684 
682 
686 
687 
692 
715 
780 
909 
1067 
1235 
1404 
1528 
1596 
1626 
1587 
1487 
1358 
1201 
1064 
976 
921 
882 
850 
825 
807 
792 
781 
772 
767 
763 
759 
747 
734 
732 
724 
723 
721 
718 
717 
715 
715 
716 
714 
716 
714 
713 
711 
707 
707 
708 
706 
705 
706 
707 
711 
715 
718 
725 
724 
722 
721 
718 
717 
715 
714 
716 
715 
718 
721 
715 
710 
713 
711 
694 
687 
686 
681 
683 
684 
688 
691 
696 
701 
706 
713 
755 
867 
1018 
1196 
1371 
1548 
1678 
1760 
1799 
1771 
1675 
1543 
1372 
1206 
1061 
973 
918 
882 
854 
834 
817 
799 
790 
782 
772 
766 
749 
735 
726 
721 
717 
716 
716 
714 
717 
714 
712 
707 
703 
701 
717 
718 
720 
719 
719 
718 
715 
714 
711 
711 
711 
713 
714 
715 
719 
721 
721 
723 
723 
724 
723 
722 
728 
731 
728 
726 
711 
707 
704 
702 
700 
696 
694 
691 
694 
698 
708 
747 
826 
946 
1089 
1219 
1360 
1465 
1552 
1604 
1637 
1635 
1605 
1525 
1435 
1310 
1179 
1058 
972 
914 
874 
847 
819 
800 
788 
778 
768 
760 
748 
735 
732 
727 
721 
717 
711 
713 
710 
710 
710 
711 
708 
709 
709 
709 
706 
703 
699 
699 
699 
699 
699 
701 
712 
719 
724 
727 
723 
716 
708 
700 
696 
692 
691 
694 
700 
711 
721 
726 
727 
723 
715 
707 
700 
696 
698 
702 
709 
717 
722 
726 
725 
720 
713 
703 
695 
691 
690 
694 
696 
700 
705 
712 
722 
724 
722 
718 
709 
706 
705 
704 
707 
709 
714 
718 
720 
719 
715 
711 
707 
701 
696 
696 
696 
698 
703 
709 
712 
717 
719 
716 
714 
708 
705 
703 
705 
708 
711 
717 
721 
724 
725 
720 
711 
702 
695 
695 
696 
701 
703 
706 
711 
717 
719 
718 
718 
716 
711 
708 
708 
710 
711 
711 
714 
715 
720 
719 
716 
709 
704 
683 
661 
655 
653 
650 
652 
658 
660 
662 
662 
678 
768 
983 
1286 
1656 
2032 
2370 
2681 
2931 
3141 
3274 
3346 
3332 
3247 
3077 
2846 
2524 
2154 
1790 
1489 
1295 
1173 
1084 
1012 
960 
914 
868 
834 
802 
768 
729 
706 
694 
687 
680 
678 
675 
673 
669 
666 
660 
654 
647 
642 
639 
636 
639 
645 
652 
651 
654 
657 
654 
657 
658 
655 
653 
652 
651 
656 
658 
661 
664 
666 
664 
665 
663 
658 
649 
646 
634 
623 
626 
623 
624 
625 
627 
636 
641 
642 
640 
638 
638 
646 
671 
735 
839 
970 
1086 
1167 
1211 
1235 
1208 
1134 
1029 
931 
855 
808 
785 
775 
763 
755 
746 
743 
744 
742 
735 
731 
730 
715 
702 
691 
686 
689 
687 
686 
684 
684 
689 
688 
691 
689 
682 
676 
671 
672 
678 
679 
681 
683 
689 
699 
704 
697 
693 
694 
695 
693 
693 
688 
692 
696 
696 
706 
710 
708 
707 
702 
698 
697 
693 
672 
667 
666 
659 
663 
675 
680 
686 
691 
696 
695 
696 
709 
770 
901 
1067 
1248 
1431 
1565 
1649 
1687 
1648 
1536 
1389 
1211 
1059 
966 
910 
876 
848 
830 
818 
807 
799 
790 
780 
770 
758 
743 
727 
722 
720 
716 
722 
727 
731 
732 
729 
721 
715 
704 
699 
699 
704 
706 
713 
720 
722 
720 
716 
716 
723 
724 
723 
722 
723 
723 
728 
726 
722 
722 
725 
723 
732 
737 
733 
723 
707 
702 
700 
686 
689 
695 
703 
712 
716 
715 
707 
703 
699 
695 
704 
756 
885 
1052 
1250 
1440 
1623 
1757 
1839 
1877 
1843 
1743 
1606 
1423 
1244 
1088 
1001 
944 
907 
879 
855 
837 
815 
795 
785 
770 
764 
746 
738 
732 
735 
739 
731 
727 
738 
740 
741 
738 
727 
713 
700 
699 
698 
704 
715 
721 
726 
727 
727 
725 
724 
724 
723 
725 
724 
723 
723 
725 
731 
735 
736 
737 
735 
733 
726 
718 
717 
716 
725 
732 
730 
731 
719 
720 
720 
716 
712 
709 
704 
700 
705 
711 
725 
770 
862 
992 
1146 
1279 
1424 
1532 
1621 
1679 
1716 
1719 
1690 
1602 
1506 
1369 
1230 
1101 
1007 
945 
902 
869 
844 
824 
810 
796 
785 
779 
766 
755 
751 
740 
728 
718 
711 
707 
705 
705 
709 
726 
724 
721 
720 
720 
720 
722 
725 
727 
730 
731 
731 
731 
732 
729 
730 
728 
728 
730 
733 
736 
734 
735 
732 
732 
728 
725 
723 
723 
726 
726 
730 
733 
737 
741 
742 
740 
739 
735 
735 
733 
735 
736 
738 
740 
743 
744 
744 
739 
735 
732 
730 
732 
731 
731 
731 
736 
741 
740 
742 
742 
743 
740 
741 
741 
739 
742 
743 
747 
748 
747 
748 
746 
743 
740 
736 
734 
732 
735 
739 
742 
746 
746 
748 
748 
746 
746 
744 
745 
743 
739 
739 
742 
748 
751 
753 
754 
751 
749 
740 
735 
734 
734 
740 
743 
748 
746 
742 
747 
725 
707 
703 
697 
693 
696 
699 
694 
687 
684 
698 
786 
982 
1253 
1579 
1907 
2202 
2473 
2694 
2880 
2995 
3062 
3044 
2979 
2835 
2640 
2367 
2043 
1719 
1447 
1269 
1155 
1070 
1000 
951 
914 
882 
856 
832 
805 
769 
746 
729 
716 
707 
699 
695 
692 
691 
689 
692 
691 
691 
689 
685 
682 
681 
682 
683 
684 
686 
686 
686 
686 
685 
685 
683 
681 
678 
678 
676 
679 
682 
687 
686 
689 
691 
691 
689 
689 
683 
661 
655 
653 
653 
656 
657 
658 
660 
663 
665 
666 
668 
672 
692 
749 
844 
965 
1072 
1147 
1190 
1209 
1182 
1117 
1025 
944 
882 
846 
820 
800 
781 
768 
757 
752 
747 
746 
748 
753 
751 
738 
721 
711 
702 
693 
690 
687 
687 
694 
694 
697 
702 
700 
703 
703 
700 
700 
696 
697 
697 
699 
703 
703 
708 
708 
710 
708 
706 
702 
694 
690 
691 
692 
697 
702 
704 
707 
710 
708 
706 
705 
703 
690 
686 
684 
682 
683 
683 
685 
685 
684 
686 
688 
693 
711 
767 
887 
1038 
1200 
1365 
1482 
1544 
1566 
1532 
1444 
1321 
1178 
1051 
970 
917 
878 
847 
820 
800 
787 
778 
771 
769 
771 
769 
758 
743 
732 
722 
711 
707 
704 
704 
703 
705 
710 
717 
722 
722 
720 
716 
714 
711 
711 
709 
712 
715 
716 
719 
721 
721 
722 
721 
719 
720 
717 
714 
712 
711 
712 
715 
718 
717 
715 
712 
722 
722 
703 
703 
701 
695 
698 
695 
698 
699 
702 
704 
706 
718 
759 
864 
1009 
1177 
1347 
1510 
1625 
1691 
1725 
1705 
1626 
1507 
1357 
1203 
1071 
987 
932 
893 
862 
842 
823 
810 
803 
794 
787 
782 
767 
750 
738 
730 
723 
722 
719 
717 
718 
719 
723 
724 
726 
727 
726 
725 
719 
718 
718 
716 
718 
718 
719 
721 
722 
723 
725 
726 
727 
726 
730 
729 
727 
731 
736 
733 
731 
712 
709 
707 
708 
708 
709 
708 
705 
705 
707 
716 
750 
823 
932 
1065 
1184 
1316 
1412 
1498 
1548 
1583 
1584 
1554 
1478 
1395 
1276 
1157 
1046 
970 
920 
887 
860 
839 
822 
807 
793 
783 
776 
761 
746 
740 
736 
737 
737 
736 
735 
734 
734 
733 
731 
729 
729 
732 
733 
732 
701 
703 
703 
706 
707 
706 
704 
703 
701 
698 
696 
693 
694 
698 
701 
700 
700 
703 
706 
707 
706 
707 
709 
710 
714 
714 
715 
716 
718 
717 
711 
710 
713 
713 
715 
715 
714 
716 
715 
713 
714 
712 
712 
715 
718 
723 
724 
726 
727 
727 
725 
722 
722 
723 
726 
728 
731 
729 
728 
729 
729 
727 
725 
724 
724 
724 
729 
733 
734 
735 
737 
739 
739 
735 
734 
732 
731 
731 
735 
737 
738 
741 
746 
746 
742 
738 
733 
729 
727 
729 
729 
733 
736 
739 
742 
745 
746 
743 
741 
739 
736 
738 
737 
739 
742 
744 
746 
745 
745 
740 
732 
733 
716 
701 
694 
687 
686 
685 
688 
686 
679 
678 
694 
793 
1016 
1332 
1714 
2094 
2437 
2754 
3012 
3226 
3354 
3424 
3406 
3328 
3164 
2930 
2605 
2224 
1850 
1541 
1341 
1219 
1126 
1051 
987 
930 
884 
846 
820 
791 
758 
744 
740 
731 
720 
702 
681 
671 
667 
668 
674 
676 
674 
672 
662 
659 
660 
662 
669 
675 
679 
678 
673 
667 
659 
659 
659 
664 
674 
680 
682 
679 
673 
665 
656 
652 
650 
652 
661 
669 
670 
652 
648 
643 
638 
632 
629 
632 
634 
639 
639 
642 
648 
659 
686 
748 
849 
976 
1091 
1169 
1213 
1235 
1209 
1134 
1031 
939 
868 
824 
799 
780 
766 
759 
750 
744 
740 
737 
731 
727 
720 
705 
693 
687 
687 
686 
684 
678 
674 
671 
668 
666 
667 
668 
669 
675 
681 
683 
682 
679 
678 
675 
674 
674 
674 
673 
676 
678 
685 
686 
684 
682 
679 
677 
672 
672 
673 
673 
674 
678 
683 
688 
686 
673 
668 
660 
657 
655 
654 
656 
659 
659 
663 
665 
667 
689 
755 
890 
1059 
1237 
1416 
1545 
1621 
1661 
1627 
1522 
1386 
1218 
1064 
969 
912 
867 
832 
806 
784 
770 
760 
752 
747 
743 
737 
729 
716 
708 
698 
691 
683 
681 
679 
678 
679 
678 
683 
688 
688 
690 
691 
691 
691 
687 
685 
682 
681 
686 
690 
695 
696 
699 
699 
698 
691 
687 
685 
682 
683 
687 
685 
688 
690 
687 
687 
695 
698 
680 
676 
675 
669 
669 
665 
670 
673 
680 
685 
687 
698 
747 
872 
1039 
1229 
1423 
1612 
1750 
1838 
1880 
1853 
1757 
1622 
1445 
1266 
1106 
1000 
935 
887 
852 
823 
803 
791 
784 
778 
772 
763 
743 
730 
714 
704 
695 
693 
691 
691 
693 
692 
693 
692 
690 
689 
686 
681 
680 
679 
682 
682 
686 
687 
688 
693 
694 
697 
694 
691 
691 
687 
689 
690 
693 
696 
697 
701 
703 
703 
702 
702 
707 
698 
690 
673 
667 
668 
670 
672 
676 
679 
683 
687 
689 
701 
736 
821 
947 
1103 
1243 
1401 
1518 
1616 
1678 
1714 
1710 
1675 
1579 
1479 
1338 
1192 
1062 
971 
913 
874 
844 
820 
803 
789 
775 
767 
757 
738 
722 
712 
711 
712 
712 
711 
710 
764 
752 
743 
736 
723 
711 
704 
699 
697 
692 
689 
686 
683 
682 
685 
686 
687 
687 
687 
682 
681 
679 
677 
675 
676 
678 
680 
682 
683 
682 
684 
683 
686 
687 
687 
688 
688 
692 
692 
690 
693 
692 
694 
692 
690 
692 
692 
692 
693 
696 
696 
694 
693 
690 
688 
689 
691 
694 
697 
701 
706 
711 
709 
706 
704 
701 
698 
698 
701 
701 
704 
710 
715 
715 
715 
709 
703 
698 
696 
697 
699 
704 
713 
717 
719 
716 
715 
714 
713 
713 
713 
717 
720 
720 
722 
723 
723 
722 
723 
723 
719 
718 
715 
717 
719 
718 
719 
719 
720 
721 
722 
724 
726 
727 
726 
730 
733 
733 
732 
735 
733 
733 
731 
727 
728 
711 
694 
684 
679 
677 
679 
679 
674 
667 
665 
683 
794 
1043 
1390 
1810 
2234 
2610 
2946 
3218 
3449 
3599 
3687 
3678 
3584 
3391 
3137 
2783 
2372 
1960 
1615 
1393 
1247 
1139 
1057 
989 
938 
895 
861 
832 
797 
758 
731 
713 
704 
696 
690 
683 
678 
675 
671 
668 
665 
660 
656 
653 
654 
651 
655 
656 
657 
658 
660 
662 
664 
667 
664 
663 
663 
662 
663 
661 
662 
662 
662 
666 
670 
666 
662 
657 
656 
653 
632 
627 
627 
629 
630 
632 
638 
639 
639 
639 
640 
642 
645 
675 
746 
858 
1001 
1123 
1212 
1261 
1280 
1249 
1167 
1053 
951 
872 
826 
800 
785 
769 
759 
749 
744 
737 
725 
717 
714 
713 
705 
698 
694 
688 
685 
680 
673 
666 
661 
660 
660 
665 
669 
671 
672 
673 
672 
671 
672 
674 
673 
672 
671 
672 
675 
675 
675 
675 
674 
678 
677 
679 
676 
673 
670 
668 
669 
670 
670 
675 
675 
673 
663 
659 
658 
656 
657 
655 
655 
654 
654 
659 
659 
663 
685 
753 
900 
1082 
1275 
1469 
1606 
1685 
1720 
1677 
1563 
1415 
1233 
1071 
973 
912 
869 
838 
812 
788 
774 
759 
748 
737 
729 
723 
710 
698 
691 
690 
687 
685 
683 
678 
677 
674 
670 
668 
666 
670 
672 
674 
676 
676 
681 
682 
683 
681 
677 
677 
673 
673 
673 
674 
680 
684 
689 
689 
683 
682 
676 
676 
674 
672 
668 
663 
678 
686 
669 
670 
667 
663 
660 
651 
650 
648 
654 
660 
671 
684 
737 
875 
1052 
1259 
1465 
1664 
1812 
1900 
1945 
1914 
1807 
1656 
1462 
1272 
1101 
999 
938 
891 
854 
822 
799 
778 
764 
754 
746 
742 
728 
715 
708 
703 
699 
697 
693 
690 
689 
687 
686 
685 
688 
688 
686 
687 
684 
683 
681 
683 
685 
684 
685 
684 
677 
677 
681 
681 
683 
689 
695 
695 
695 
695 
694 
692 
691 
692 
695 
700 
696 
692 
680 
674 
672 
671 
669 
669 
667 
667 
668 
671 
684 
724 
814 
940 
1099 
1240 
1397 
1511 
1605 
1661 
1700 
1696 
1665 
1577 
1480 
1340 
2334 
1933 
1596 
1379 
1237 
1131 
1048 
987 
1835 
2260 
2644 
3007 
3297 
3529 
3670 
3750 
3736 
3650 
3460 
3200 
2834 
2406 
1984 
1634 
1406 
1260 
1151 
1065 
996 
939 
891 
853 
822 
789 
751 
726 
710 
696 
689 
682 
675 
670 
661 
658 
656 
651 
649 
648 
649 
653 
653 
653 
652 
655 
656 
657 
657 
656 
656 
656 
658 
659 
659 
661 
662 
662 
661 
659 
656 
656 
656 
655 
654 
655 
653 
637 
637 
636 
636 
632 
630 
630 
630 
632 
633 
639 
642 
651 
681 
753 
866 
1009 
1134 
1225 
1274 
1291 
1256 
1175 
1064 
964 
890 
845 
816 
795 
776 
757 
738 
730 
726 
725 
729 
732 
732 
718 
698 
684 
675 
670 
664 
664 
666 
668 
671 
672 
675 
674 
674 
673 
673 
672 
671 
668 
669 
669 
672 
675 
678 
680 
679 
680 
678 
675 
670 
668 
667 
667 
668 
671 
678 
680 
684 
684 
681 
676 
671 
657 
652 
650 
655 
659 
658 
659 
659 
654 
654 
652 
656 
677 
751 
912 
1101 
1301 
1494 
1625 
1708 
1755 
1719 
1606 
1454 
1270 
1098 
989 
920 
865 
829 
800 
782 
767 
757 
751 
740 
735 
723 
706 
691 
679 
676 
673 
672 
672 
672 
675 
674 
678 
680 
677 
676 
671 
670 
671 
669 
669 
669 
672 
673 
675 
676 
672 
671 
669 
666 
665 
667 
670 
671 
680 
683 
685 
685 
683 
681 
672 
661 
670 
668 
656 
659 
664 
664 
660 
663 
662 
665 
664 
666 
663 
665 
674 
727 
872 
1062 
1289 
1512 
1718 
1868 
1964 
2020 
1990 
1880 
1722 
1516 
1307 
1124 
1012 
943 
893 
855 
825 
803 
784 
768 
755 
740 
732 
715 
696 
688 
683 
679 
679 
678 
682 
682 
682 
683 
680 
679 
677 
674 
675 
672 
673 
671 
674 
671 
675 
674 
673 
671 
669 
670 
671 
672 
671 
672 
674 
679 
680 
682 
679 
680 
682 
688 
694 
685 
683 
669 
665 
661 
657 
658 
658 
655 
653 
655 
661 
672 
715 
812 
944 
1111 
1256 
1423 
1550 
1651 
1716 
1755 
1752 
1716 
1619 
1515 
1363 
1211 
1074 
974 
908 
865 
831 
807 
785 
765 
749 
737 
726 
707 
692 
684 
680 
676 
679 
680 
682 
685 
683 
681 
675 
670 
668 
666 
667 
670 
675 
682 
683 
683 
682 
675 
668 
663 
661 
663 
667 
671 
676 
679 
678 
678 
678 
675 
677 
677 
678 
680 
684 
687 
687 
687 
687 
685 
683 
680 
682 
684 
683 
684 
685 
685 
686 
685 
683 
681 
682 
685 
687 
686 
693 
697 
699 
698 
696 
693 
693 
693 
694 
697 
698 
697 
698 
699 
698 
695 
692 
689 
690 
691 
691 
694 
696 
701 
704 
704 
706 
707 
705 
707 
706 
705 
703 
701 
706 
709 
711 
711 
713 
713 
713 
711 
704 
704 
701 
703 
704 
704 
707 
708 
713 
716 
717 
718 
717 
717 
717 
712 
709 
715 
701 
686 
679 
677 
673 
673 
671 
663 
655 
650 
670 
782 
1042 
720 
721 
713 
705 
713 
714 
702 
699 
697 
695 
696 
694 
694 
690 
693 
690 
693 
705 
758 
881 
1044 
1238 
1429 
1611 
1741 
1811 
1851 
1821 
1729 
1596 
1423 
1254 
1105 
1015 
956 
910 
875 
845 
828 
807 
792 
784 
771 
768 
757 
742 
736 
731 
732 
735 
735 
728 
722 
720 
720 
722 
720 
716 
719 
725 
728 
729 
730 
729 
727 
722 
721 
719 
716 
715 
718 
722 
726 
732 
733 
732 
735 
735 
735 
732 
728 
728 
735 
741 
738 
739 
726 
722 
720 
717 
717 
716 
713 
711 
710 
712 
725 
766 
855 
979 
1134 
1269 
1413 
1517 
1604 
1660 
1697 
1699 
1673 
1589 
1497 
1356 
1222 
1096 
1007 
954 
915 
882 
856 
831 
815 
802 
794 
782 
769 
762 
761 
764 
764 
759 
752 
744 
736 
729 
728 
722 
727 
733 
740 
750 
756 
753 
749 
742 
734 
729 
729 
726 
727 
735 
741 
749 
753 
754 
753 
749 
745 
739 
736 
734 
735 
739 
745 
749 
757 
758 
761 
757 
748 
740 
733 
731 
736 
740 
747 
753 
757 
763 
765 
763 
755 
750 
746 
743 
746 
751 
755 
759 
759 
758 
757 
754 
752 
750 
750 
747 
751 
751 
754 
751 
755 
754 
756 
760 
761 
759 
757 
756 
757 
756 
755 
755 
759 
761 
764 
765 
766 
763 
762 
756 
753 
751 
749 
751 
754 
756 
760 
764 
766 
766 
765 
759 
759 
762 
762 
761 
762 
756 
762 
763 
767 
770 
765 
759 
756 
736 
720 
710 
707 
704 
706 
709 
706 
704 
706 
721 
816 
1035 
1335 
1703 
2074 
2398 
2702 
2958 
3170 
3307 
3378 
3355 
3279 
3114 
2889 
2575 
2205 
1839 
1536 
1342 
1218 
1125 
1053 
993 
951 
910 
876 
848 
815 
775 
753 
737 
727 
722 
718 
715 
713 
704 
696 
690 
685 
683 
681 
681 
679 
680 
686 
686 
692 
695 
693 
692 
689 
685 
687 
687 
688 
689 
690 
691 
695 
695 
694 
689 
689 
689 
685 
682 
683 
676 
660 
655 
658 
660 
664 
667 
666 
659 
657 
655 
657 
663 
669 
694 
762 
867 
995 
1104 
1179 
1214 
1228 
1197 
1126 
1028 
939 
871 
835 
818 
809 
799 
790 
778 
772 
762 
753 
744 
742 
740 
729 
716 
719 
719 
720 
720 
718 
712 
702 
698 
694 
691 
692 
694 
696 
699 
705 
708 
712 
713 
714 
712 
708 
700 
700 
701 
703 
710 
711 
711 
715 
719 
719 
715 
712 
707 
706 
703 
704 
707 
710 
707 
700 
696 
696 
696 
698 
695 
693 
689 
683 
684 
687 
694 
716 
785 
918 
1085 
1259 
1427 
1545 
1607 
1640 
1603 
1501 
1365 
1211 
1069 
982 
926 
890 
862 
842 
826 
812 
799 
788 
775 
773 
766 
756 
745 
738 
735 
735 
734 
731 
725 
722 
721 
723 
717 
715 
715 
713 
711 
714 
716 
725 
735 
740 
741 
738 
731 
722 
715 
719 
719 
888 
893 
902 
905 
901 
891 
882 
874 
1597 
1537 
1452 
1335 
1220 
1118 
1058 
1010 
968 
934 
904 
887 
876 
872 
874 
874 
881 
875 
866 
855 
839 
823 
806 
796 
796 
798 
805 
812 
819 
830 
836 
837 
828 
817 
803 
791 
787 
788 
792 
799 
812 
826 
832 
834 
828 
814 
799 
786 
776 
778 
782 
792 
805 
811 
820 
827 
830 
813 
797 
771 
763 
767 
771 
776 
779 
781 
785 
786 
788 
793 
816 
875 
1571 
1551 
1481 
1394 
1276 
1160 
1057 
984 
940 
911 
891 
878 
870 
863 
852 
835 
817 
791 
770 
760 
760 
763 
766 
771 
777 
783 
781 
775 
765 
753 
747 
746 
746 
747 
752 
756 
763 
771 
774 
770 
761 
750 
739 
735 
733 
737 
743 
753 
760 
763 
765 
764 
761 
752 
743 
735 
734 
739 
743 
751 
762 
771 
778 
778 
771 
756 
745 
737 
731 
730 
732 
735 
745 
753 
759 
765 
768 
767 
762 
751 
768 
779 
789 
783 
788 
787 
776 
761 
747 
742 
745 
753 
766 
767 
775 
781 
790 
800 
798 
787 
777 
765 
761 
758 
756 
760 
750 
742 
748 
756 
752 
748 
744 
728 
711 
704 
714 
783 
952 
1182 
1481 
1782 
2034 
2262 
2446 
2604 
2702 
2756 
2737 
2670 
2540 
2378 
2152 
1886 
1623 
1408 
1274 
1183 
1106 
1033 
968 
916 
888 
873 
862 
843 
818 
813 
814 
800 
790 
772 
763 
763 
754 
746 
744 
745 
749 
751 
755 
760 
770 
779 
784 
778 
768 
752 
743 
744 
747 
748 
746 
740 
754 
775 
778 
787 
788 
784 
781 
770 
756 
749 
747 
756 
766 
758 
765 
772 
773 
760 
757 
755 
743 
732 
728 
722 
733 
755 
784 
836 
916 
1011 
1092 
1144 
1163 
1171 
1144 
1092 
1028 
971 
920 
903 
899 
883 
879 
881 
872 
863 
850 
842 
841 
844 
848 
825 
816 
815 
816 
821 
827 
824 
819 
818 
812 
803 
800 
799 
804 
808 
819 
830 
838 
842 
844 
837 
824 
809 
799 
796 
798 
802 
805 
815 
830 
840 
847 
846 
839 
826 
814 
804 
801 
804 
811 
819 
830 
831 
834 
832 
824 
812 
795 
784 
778 
775 
780 
788 
801 
827 
883 
983 
1100 
1223 
1334 
1410 
1450 
1468 
1437 
1368 
1279 
1174 
1085 
1032 
1005 
977 
947 
917 
891 
870 
853 
846 
846 
852 
862 
868 
866 
856 
843 
827 
809 
799 
795 
799 
806 
817 
828 
828 
835 
835 
692 
693 
696 
702 
707 
708 
709 
705 
704 
702 
701 
696 
694 
695 
696 
700 
706 
706 
704 
700 
697 
694 
694 
694 
696 
695 
695 
696 
693 
693 
701 
700 
683 
677 
671 
668 
670 
672 
672 
675 
679 
679 
684 
690 
731 
837 
976 
1139 
1304 
1464 
1579 
1648 
1687 
1665 
1583 
1462 
1312 
1161 
1022 
937 
885 
846 
820 
799 
787 
775 
766 
762 
754 
749 
731 
713 
701 
694 
686 
682 
681 
682 
683 
690 
693 
694 
696 
693 
691 
685 
680 
678 
737 
738 
738 
737 
737 
737 
740 
739 
739 
738 
735 
736 
736 
737 
740 
741 
741 
741 
741 
741 
739 
741 
739 
739 
739 
743 
747 
744 
742 
729 
725 
722 
717 
715 
714 
712 
713 
714 
720 
732 
772 
862 
983 
1132 
1264 
1404 
1512 
1603 
1665 
1704 
1705 
1680 
1594 
1496 
1361 
1221 
1093 
999 
940 
903 
873 
849 
831 
817 
804 
795 
787 
767 
754 
747 
740 
736 
734 
736 
736 
735 
731 
729 
727 
722 
722 
721 
723 
728 
731 
730 
728 
727 
725 
721 
721 
721 
723 
724 
728 
733 
734 
730 
730 
727 
724 
722 
722 
723 
724 
730 
732 
733 
733 
733 
733 
733 
730 
729 
730 
730 
732 
733 
735 
738 
739 
739 
739 
737 
735 
734 
734 
731 
733 
733 
734 
736 
737 
738 
739 
742 
741 
741 
739 
739 
739 
739 
737 
736 
737 
738 
741 
743 
747 
747 
748 
746 
743 
742 
740 
738 
741 
742 
744 
747 
748 
747 
751 
751 
750 
750 
749 
747 
747 
745 
746 
748 
749 
750 
751 
755 
756 
755 
753 
751 
751 
750 
750 
748 
750 
747 
746 
752 
737 
726 
718 
712 
708 
702 
699 
692 
689 
688 
701 
770 
914 
1108 
1344 
1578 
1780 
1976 
2139 
2278 
2365 
2417 
2410 
2358 
2252 
2114 
1920 
1692 
1467 
1276 
1154 
1074 
1014 
965 
924 
894 
871 
853 
839 
817 
791 
775 
763 
754 
744 
737 
730 
728 
726 
725 
729 
729 
730 
726 
725 
722 
722 
723 
723 
721 
722 
721 
724 
724 
720 
720 
720 
721 
722 
722 
723 
723 
724 
726 
726 
728 
727 
725 
723 
725 
720 
703 
697 
695 
694 
694 
693 
695 
695 
699 
697 
701 
703 
710 
728 
771 
840 
924 
996 
1048 
1077 
1090 
1076 
1028 
965 
906 
861 
832 
819 
811 
804 
801 
795 
792 
789 
782 
781 
782 
780 
769 
755 
750 
748 
748 
745 
743 
739 
737 
736 
735 
734 
735 
736 
738 
737 
738 
739 
739 
739 
737 
736 
737 
736 
735 
739 
740 
742 
743 
742 
741 
741 
741 
739 
738 
738 
740 
741 
742 
745 
746 
739 
724 
719 
715 
713 
713 
711 
716 
716 
717 
719 
718 
721 
736 
780 
870 
974 
1083 
1193 
1273 
1318 
1339 
1311 
1248 
1165 
1066 
976 
920 
888 
861 
841 
825 
812 
805 
794 
789 
787 
785 
784 
777 
768 
761 
755 
750 
704 
698 
700 
707 
712 
715 
716 
714 
710 
707 
708 
708 
711 
709 
709 
708 
710 
710 
708 
706 
710 
713 
705 
712 
724 
729 
724 
719 
712 
705 
704 
709 
712 
717 
723 
720 
728 
727 
704 
689 
684 
680 
685 
691 
696 
700 
704 
705 
706 
714 
755 
867 
1014 
1189 
1361 
1534 
1659 
1731 
1767 
1741 
1656 
1533 
1375 
1215 
1071 
983 
927 
890 
861 
837 
820 
805 
798 
794 
783 
780 
765 
752 
747 
741 
732 
726 
723 
722 
718 
718 
717 
720 
687 
686 
688 
691 
711 
771 
905 
1097 
1328 
1536 
1766 
1939 
2080 
2170 
2222 
2218 
2167 
2030 
1877 
1666 
1449 
1253 
1112 
1021 
958 
908 
868 
833 
805 
783 
765 
754 
736 
721 
715 
710 
707 
701 
694 
689 
684 
680 
678 
678 
676 
678 
678 
681 
683 
685 
684 
682 
680 
676 
674 
669 
670 
673 
675 
679 
684 
690 
691 
688 
683 
679 
675 
672 
669 
670 
673 
675 
682 
691 
696 
695 
693 
688 
681 
675 
672 
672 
675 
683 
691 
695 
696 
694 
690 
684 
682 
680 
679 
681 
684 
689 
691 
696 
697 
694 
692 
690 
688 
685 
684 
687 
694 
699 
699 
699 
693 
689 
689 
692 
698 
699 
698 
697 
695 
694 
691 
690 
691 
692 
695 
696 
704 
709 
710 
707 
700 
696 
696 
697 
697 
696 
699 
708 
714 
714 
714 
712 
706 
702 
702 
700 
701 
701 
706 
710 
711 
712 
715 
694 
677 
667 
660 
654 
655 
651 
646 
642 
643 
667 
768 
990 
1295 
1661 
2021 
2344 
2653 
2900 
