-15376 
0 
262180 
32761 
-221139120 
14 
0 
0 
-2145979060 
1 
-221249536 
32761 
-217987728 
32761 
-221160800 
32761 
-14704 
0 
-1093750676 
30178 
-220316912 
32761 
0 
0 
-15248 
0 
0 
0 
0 
0 
-13424 
0 
-2143963392 
1 
-15376 
0 
-15680 
0 
262180 
0 
-15120 
0 
257 
32 
68 
5 
99180 
8 
0 
2 
5505102 
4259872 
5505109 
5177416 
4784210 
5832788 
0 
0 
0 
0 
0 
0 
0 
0 
0 
0 
-15592 
0 
568 
384 
0 
0 
1 
0 
0 
0 
0 
0 
0 
0 
0 
0 
0 
0 
8320848 
0 
0 
0 
0 
0 
0 
0 
0 
0 
0 
0 
-15248 
0 
-218005248 
32761 
0 
0 
0 
0 
0 
0 
0 
0 
-13816 
0 
0 
0 
1 
0 
0 
0 
3096576 
0 
0 
0 
0 
0 
758197587 
875965749 
3552045 
842151223 
3748149 
859321645 
825046070 
875968568 
909521453 
842151729 
758329394 
926496049 
959526965 
908931888 
943141173 
909193778 
825766445 
925972789 
758330932 
909324856 
959788085 
808594739 
859189817 
926233907 
943206701 
859189557 
3748920 
0 
0 
0 
0 
0 
-15344 
0 
8316120 
0 
8316096 
0 
8316164 
0 
0 
0 
60 
0 
0 
0 
1 
0 
0 
0 
0 
0 
0 
0 
0 
0 
0 
0 
0 
0 
0 
0 
-218338320 
32761 
7077955 
7667823 
2097252 
6488129 
7274595 
7209077 
2097268 
7667777 
6815860 
7209061 
6881396 
6357091 
6881396 
7209071 
0 
0 
448 
2 
0 
0 
0 
0 
0 
0 
0 
0 
0 
0 
0 
0 
0 
0 
-13248 
0 
-2147071248 
1 
0 
0 
-27048 
0 
0 
0 
0 
0 
-13816 
0 
0 
0 
0 
0 
0 
0 
0 
0 
0 
0 
-14704 
0 
0 
0 
0 
0 
0 
0 
0 
0 
0 
0 
8324736 
0 
276 
0 
-1093749940 
30178 
-14824 
0 
0 
0 
-13816 
0 
0 
0 
0 
0 
-218005112 
32761 
0 
0 
-218003552 
32761 
-220317616 
32761 
-218003552 
32761 
0 
0 
0 
0 
-218005112 
32761 
-14704 
0 
-13816 
0 
1903232307 
0 
-199358544 
32761 
-217921614 
32761 
-217987760 
32761 
2 
0 
-217987728 
32761 
-13816 
0 
512 
0 
674546572 
10231 
-217921620 
32761 
0 
0 
-2146619762 
1 
-14544 
0 
-2146506771 
1 
8325552 
0 
-199531375 
32761 
0 
0 
0 
0 
8324736 
0 
372 
0 
67 
32761 
353 
0 
48 
7667823 
0 
0 
0 
0 
0 
0 
0 
0 
0 
0 
0 
0 
0 
0 
303840 
8 
-2145116848 
1 
0 
0 
-2146619218 
1 
1 
0 
-13696 
0 
1 
0 
-2147198918 
1 
-14096 
0 
8324736 
0 
11 
0 
-2145615163 
1 
353 
0 
11 
0 
0 
0 
11 
0 
-14032 
0 
-2143942512 
1 
-2143944440 
1 
-2145190791 
1 
16 
8 
-2147202347 
1 
528 
0 
17 
8 
0 
0 
-2147199789 
1 
-2143942648 
1 
0 
0 
-2144872137 
1 
-14032 
0 
17 
8 
-2144821912 
1 
-2143942632 
1 
-2143944456 
1 
17 
8 
-2144821912 
1 
16 
8 
-2147202551 
1 
7 
0 
-14032 
0 
-2144872137 
1 
-2146473625 
1 
-14032 
0 
-2146470715 
1 
2240 
0 
-2145684739 
1 
-13504 
0 
0 
0 
-13504 
0 
-2146506395 
1 
-13216 
0 
-2144537984 
1 
-13424 
0 
0 
0 
-13744 
0 
-13752 
0 
-2145128704 
1 
-2146502650 
1 
0 
0 
-2145166944 
1 
0 
0 
0 
0 
8324752 
0 
-2145933643 
1 
64 
0 
649 
650 
656 
668 
677 
676 
679 
678 
672 
666 
658 
658 
664 
671 
676 
683 
688 
688 
692 
698 
697 
685 
673 
664 
664 
672 
673 
678 
687 
700 
715 
715 
841 
815 
795 
768 
741 
732 
731 
735 
736 
736 
731 
722 
712 
701 
694 
689 
689 
689 
694 
700 
704 
710 
716 
714 
706 
698 
690 
682 
679 
681 
683 
692 
701 
706 
708 
707 
702 
695 
689 
685 
680 
680 
686 
695 
692 
682 
677 
668 
662 
656 
647 
642 
639 
642 
663 
744 
872 
1032 
1201 
1378 
1531 
1669 
1786 
1868 
1926 
1962 
1969 
1939 
1869 
1763 
1626 
1471 
1287 
1125 
1014 
936 
879 
836 
800 
774 
642 
643 
641 
648 
637 
618 
604 
595 
591 
591 
592 
601 
605 
623 
689 
803 
945 
1095 
1240 
1390 
1530 
1656 
1760 
1840 
1897 
1937 
1948 
1924 
1874 
1788 
1672 
1534 
1370 
1194 
1046 
939 
877 
831 
800 
775 
580 
580 
583 
584 
587 
589 
589 
588 
587 
585 
583 
582 
584 
587 
590 
595 
596 
600 
603 
599 
597 
595 
592 
594 
594 
594 
596 
598 
606 
610 
610 
610 
607 
605 
602 
603 
603 
601 
602 
606 
781 
758 
741 
724 
699 
663 
642 
629 
620 
612 
608 
607 
612 
614 
615 
612 
610 
609 
602 
599 
597 
597 
600 
603 
607 
610 
611 
611 
609 
604 
604 
603 
603 
606 
612 
614 
615 
617 
615 
613 
794 
764 
739 
720 
692 
661 
643 
631 
623 
615 
607 
601 
597 
594 
592 
592 
593 
594 
594 
591 
592 
591 
589 
589 
589 
588 
589 
590 
593 
594 
594 
593 
594 
597 
598 
598 
599 
599 
599 
599 
601 
602 
601 
602 
599 
594 
580 
574 
571 
570 
568 
565 
567 
571 
571 
597 
697 
862 
1074 
1300 
1541 
1771 
1973 
2140 
2264 
2346 
2393 
2395 
2349 
2252 
2099 
1898 
1674 
1427 
1201 
1048 
947 
876 
823 
782 
586 
586 
582 
577 
586 
583 
565 
558 
555 
553 
553 
550 
552 
555 
572 
658 
824 
1028 
1248 
1461 
1672 
1865 
2039 
2184 
2296 
2370 
2415 
2423 
2386 
2310 
2190 
2029 
1843 
1624 
1384 
1174 
1021 
928 
860 
807 
724 
630 
552 
489 
438 
388 
343 
317 
299 
286 
271 
254 
242 
232 
223 
221 
218 
222 
227 
228 
227 
226 
224 
222 
222 
224 
225 
232 
237 
239 
238 
238 
235 
234 
234 
230 
231 
239 
245 
247 
247 
246 
245 
247 
251 
247 
241 
236 
241 
243 
239 
235 
232 
232 
264 
386 
623 
953 
1327 
1703 
2062 
2405 
2721 
3004 
3245 
3423 
3543 
3618 
3638 
3600 
3495 
3327 
3092 
2816 
2486 
2106 
1719 
1335 
1049 
860 
729 
637 
560 
496 
444 
388 
337 
302 
277 
260 
249 
241 
235 
225 
219 
214 
208 
205 
202 
207 
211 
216 
218 
218 
217 
216 
215 
213 
213 
214 
216 
225 
229 
230 
229 
227 
222 
216 
217 
218 
723 
654 
599 
554 
516 
475 
429 
400 
272 
241 
220 
209 
201 
192 
182 
175 
170 
165 
159 
154 
144 
142 
146 
152 
156 
150 
153 
154 
159 
165 
169 
170 
173 
176 
175 
174 
172 
170 
170 
172 
254 
259 
267 
271 
271 
272 
267 
265 
266 
267 
270 
276 
282 
290 
291 
292 
291 
286 
280 
276 
275 
279 
283 
288 
292 
295 
298 
302 
302 
303 
305 
306 
308 
310 
313 
315 
315 
317 
317 
318 
226 
229 
236 
242 
246 
251 
253 
253 
240 
224 
218 
216 
219 
220 
222 
224 
229 
235 
285 
495 
891 
1393 
1939 
2506 
3046 
3521 
3909 
4014 
4026 
4026 
4026 
4026 
3961 
3660 
3203 
2678 
2099 
1574 
1216 
996 
846 
728 
630 
546 
480 
422 
375 
324 
287 
269 
253 
236 
220 
206 
201 
197 
187 
189 
195 
208 
211 
207 
200 
190 
183 
179 
183 
189 
203 
212 
213 
214 
211 
204 
199 
195 
193 
198 
207 
205 
827 
700 
592 
504 
431 
374 
323 
280 
244 
227 
219 
211 
205 
192 
180 
167 
158 
153 
151 
154 
162 
165 
167 
166 
165 
164 
158 
154 
151 
155 
162 
162 
161 
161 
163 
168 
164 
166 
173 
183 
201 
210 
212 
210 
207 
203 
203 
204 
205 
207 
207 
219 
229 
231 
231 
227 
219 
215 
212 
213 
223 
232 
237 
238 
237 
240 
242 
244 
248 
248 
250 
251 
258 
258 
260 
261 
261 
260 
260 
264 
270 
278 
281 
276 
269 
265 
264 
265 
265 
269 
275 
283 
296 
300 
300 
299 
295 
293 
288 
288 
290 
298 
309 
312 
316 
315 
314 
310 
306 
297 
296 
298 
303 
311 
314 
317 
320 
325 
329 
330 
329 
329 
330 
331 
331 
330 
331 
314 
301 
295 
291 
290 
287 
280 
277 
272 
278 
363 
605 
973 
1415 
1883 
2335 
2760 
3132 
3421 
3657 
3804 
3889 
3886 
3823 
3648 
3380 
3033 
2608 
2132 
1661 
1296 
1066 
910 
796 
703 
625 
563 
516 
479 
443 
397 
370 
352 
337 
326 
313 
301 
293 
288 
284 
281 
283 
286 
287 
286 
283 
281 
276 
273 
270 
269 
272 
278 
283 
288 
293 
294 
291 
289 
288 
291 
297 
296 
838 
730 
643 
574 
515 
464 
409 
355 
317 
294 
280 
271 
262 
251 
244 
240 
235 
233 
229 
227 
222 
216 
214 
211 
211 
212 
216 
223 
231 
236 
239 
240 
235 
233 
232 
231 
230 
232 
237 
246 
251 
256 
256 
257 
256 
249 
244 
232 
219 
221 
220 
222 
220 
222 
222 
226 
231 
284 
501 
898 
1400 
1951 
2518 
3042 
3507 
3900 
4011 
4027 
4026 
4026 
4020 
3952 
3646 
3198 
2676 
2100 
1573 
1212 
982 
825 
223 
230 
231 
233 
233 
228 
234 
226 
205 
199 
197 
192 
194 
197 
204 
217 
258 
455 
856 
1369 
1913 
2443 
2970 
3459 
3886 
4023 
4025 
4026 
4026 
4026 
4026 
4025 
3948 
3613 
3182 
2653 
2079 
1563 
1191 
970 
184 
186 
187 
192 
194 
190 
191 
199 
860 
740 
647 
574 
514 
463 
415 
371 
347 
329 
317 
305 
292 
284 
273 
265 
258 
250 
249 
253 
253 
256 
259 
258 
260 
261 
258 
255 
256 
256 
256 
253 
3610 
3165 
2653 
2094 
1586 
1243 
1030 
884 
771 
671 
585 
511 
451 
408 
364 
330 
313 
302 
294 
283 
274 
263 
256 
247 
243 
243 
248 
251 
250 
247 
245 
243 
244 
244 
246 
249 
252 
253 
245 
242 
4024 
4026 
4025 
3995 
3872 
3534 
3121 
2617 
2064 
1571 
1217 
998 
846 
732 
637 
557 
495 
441 
383 
336 
306 
289 
272 
261 
245 
231 
222 
211 
207 
205 
203 
207 
209 
216 
221 
220 
215 
211 
209 
209 
212 
213 
217 
222 
231 
238 
235 
231 
224 
219 
213 
212 
214 
222 
227 
238 
251 
263 
261 
248 
231 
221 
215 
213 
214 
219 
230 
265 
380 
604 
910 
1247 
1591 
1935 
2274 
2590 
2862 
3075 
3234 
3351 
3435 
3461 
3430 
3334 
3167 
2941 
2670 
2353 
1995 
1628 
1265 
994 
823 
702 
611 
538 
477 
425 
371 
321 
285 
260 
243 
234 
227 
219 
214 
211 
208 
207 
208 
205 
206 
204 
202 
201 
201 
203 
201 
205 
309 
305 
301 
302 
304 
306 
308 
315 
320 
322 
324 
326 
328 
332 
331 
333 
335 
336 
338 
316 
301 
294 
293 
291 
290 
282 
277 
273 
280 
363 
596 
958 
1391 
1845 
2283 
2697 
3061 
3351 
3584 
3731 
294 
289 
286 
285 
293 
298 
296 
299 
304 
305 
308 
309 
313 
318 
321 
322 
322 
320 
319 
303 
289 
284 
286 
283 
287 
289 
295 
290 
314 
462 
802 
1238 
1741 
2277 
2775 
3227 
3636 
3945 
4022 
4023 
4025 
4026 
4026 
3971 
3799 
3459 
3001 
2491 
1954 
1491 
1197 
1000 
861 
742 
651 
580 
523 
477 
431 
378 
350 
334 
317 
306 
296 
287 
283 
274 
270 
267 
261 
259 
256 
257 
260 
264 
265 
268 
272 
271 
262 
261 
257 
249 
248 
248 
253 
257 
261 
267 
270 
273 
275 
276 
276 
278 
273 
265 
273 
269 
256 
253 
252 
258 
262 
259 
258 
256 
290 
472 
850 
1338 
1854 
2363 
2873 
3341 
3758 
3987 
4025 
4026 
3715 
3975 
4024 
4026 
4026 
4026 
4026 
4000 
3882 
3539 
3111 
2596 
2044 
1558 
1211 
1006 
860 
742 
643 
563 
493 
438 
377 
329 
300 
285 
274 
259 
245 
237 
230 
225 
219 
215 
215 
218 
223 
221 
218 
215 
2848 
3078 
3254 
3367 
3436 
3445 
3405 
3309 
3146 
2923 
2665 
2347 
1989 
1622 
1259 
992 
819 
695 
596 
520 
457 
404 
355 
315 
289 
275 
264 
256 
241 
227 
217 
208 
200 
197 
195 
197 
204 
209 
207 
204 
296 
299 
299 
304 
307 
311 
314 
318 
319 
322 
324 
323 
324 
326 
323 
325 
327 
328 
330 
330 
334 
339 
342 
322 
298 
287 
279 
278 
279 
273 
278 
280 
290 
372 
609 
970 
1395 
1844 
2282 
2692 
3048 
3330 
3563 
3712 
3796 
3799 
3735 
3570 
1001 
850 
732 
631 
551 
486 
434 
391 
343 
302 
281 
268 
254 
239 
228 
219 
213 
210 
205 
199 
197 
197 
200 
195 
192 
191 
191 
191 
193 
196 
205 
216 
4027 
4026 
3953 
3613 
3173 
2646 
2075 
1563 
1198 
983 
823 
699 
595 
515 
446 
388 
332 
283 
252 
232 
217 
207 
195 
185 
179 
170 
163 
158 
156 
153 
147 
147 
146 
145 
147 
145 
145 
147 
157 
165 
3539 
3427 
3253 
3018 
2737 
2402 
2026 
1640 
1262 
971 
789 
665 
570 
502 
440 
390 
337 
284 
251 
223 
206 
198 
193 
186 
177 
171 
168 
165 
160 
154 
152 
150 
151 
153 
152 
154 
155 
157 
161 
165 
245 
251 
255 
248 
241 
236 
235 
237 
237 
240 
246 
256 
266 
273 
276 
271 
272 
269 
266 
267 
269 
274 
282 
286 
290 
288 
289 
289 
288 
287 
281 
280 
285 
286 
287 
289 
293 
297 
301 
305 
302 
306 
314 
321 
324 
321 
319 
318 
319 
319 
321 
317 
318 
323 
332 
341 
344 
320 
299 
283 
277 
273 
267 
265 
272 
274 
287 
375 
619 
989 
1431 
1895 
2349 
2773 
3142 
3431 
3669 
3819 
3912 
3915 
303 
309 
307 
303 
302 
298 
294 
294 
297 
301 
312 
320 
320 
317 
312 
304 
299 
281 
264 
260 
265 
274 
284 
281 
287 
284 
314 
468 
818 
1269 
1787 
2335 
2839 
3300 
3728 
3979 
4025 
4025 
4025 
4026 
4025 
3986 
3841 
3493 
3029 
2506 
1955 
1487 
1191 
995 
855 
742 
651 
578 
518 
466 
413 
362 
331 
310 
294 
283 
271 
262 
251 
238 
230 
223 
219 
221 
224 
228 
234 
237 
242 
241 
238 
235 
232 
231 
4019 
3953 
3655 
3209 
2694 
2123 
1596 
1235 
1005 
842 
717 
619 
548 
493 
443 
401 
354 
311 
280 
254 
234 
221 
212 
208 
203 
198 
195 
192 
190 
191 
192 
199 
209 
211 
208 
205 
201 
198 
195 
196 
208 
212 
213 
218 
221 
224 
223 
220 
218 
219 
222 
223 
224 
231 
237 
240 
236 
226 
214 
217 
207 
196 
197 
201 
203 
209 
211 
216 
221 
261 
455 
855 
1364 
1912 
2450 
2986 
3473 
3905 
4024 
4025 
161 
169 
171 
172 
174 
171 
169 
170 
169 
171 
177 
186 
191 
192 
190 
186 
184 
188 
188 
183 
177 
169 
169 
170 
160 
164 
170 
179 
218 
338 
568 
894 
1256 
1623 
1977 
2323 
2648 
2935 
3174 
3351 
319 
330 
328 
324 
315 
308 
308 
310 
317 
328 
337 
339 
338 
336 
326 
321 
318 
318 
321 
330 
314 
304 
296 
294 
292 
288 
281 
281 
283 
293 
385 
628 
997 
1434 
1882 
2335 
2766 
3147 
3442 
3673 
3810 
3893 
3896 
3834 
3661 
3393 
3038 
2607 
2130 
1663 
1309 
1089 
933 
819 
722 
643 
576 
528 
490 
447 
401 
379 
364 
353 
336 
322 
307 
296 
286 
281 
279 
278 
283 
291 
294 
301 
302 
300 
296 
292 
4024 
4026 
4025 
4026 
3990 
3855 
3503 
3036 
4025 
4005 
3929 
3596 
3153 
2644 
2085 
1572 
1225 
1001 
846 
736 
650 
572 
512 
462 
421 
373 
331 
302 
280 
268 
262 
258 
256 
250 
246 
242 
236 
231 
226 
219 
203 
200 
196 
195 
191 
190 
192 
196 
200 
203 
207 
211 
215 
216 
215 
214 
215 
217 
223 
226 
227 
229 
229 
238 
244 
240 
232 
219 
210 
203 
200 
199 
199 
206 
242 
364 
593 
910 
1260 
1611 
296 
297 
301 
303 
304 
301 
299 
299 
299 
299 
300 
300 
306 
311 
315 
315 
312 
306 
305 
304 
306 
307 
307 
309 
317 
323 
311 
298 
290 
286 
279 
281 
280 
286 
287 
315 
471 
811 
1247 
1740 
260 
259 
259 
257 
254 
253 
257 
263 
266 
269 
269 
268 
267 
268 
264 
263 
264 
266 
271 
271 
271 
273 
277 
279 
278 
279 
275 
266 
263 
262 
261 
260 
260 
261 
263 
269 
320 
527 
904 
1387 
3305 
3715 
3971 
4025 
4023 
4025 
4026 
4027 
3998 
3875 
3525 
3098 
2595 
2047 
1561 
1208 
994 
840 
724 
628 
554 
490 
437 
380 
330 
298 
277 
258 
246 
231 
223 
218 
211 
213 
214 
216 
218 
216 
213 
208 
2538 
2814 
3046 
3219 
3328 
3395 
3415 
3390 
3299 
3137 
2914 
2646 
2325 
1972 
1615 
1258 
999 
835 
717 
621 
544 
479 
424 
367 
319 
286 
272 
261 
253 
243 
236 
231 
225 
222 
219 
220 
220 
221 
222 
219 
269 
271 
272 
275 
277 
283 
286 
285 
288 
288 
290 
291 
293 
291 
291 
294 
295 
297 
297 
297 
298 
298 
298 
300 
301 
300 
302 
307 
313 
322 
326 
323 
321 
320 
318 
318 
320 
320 
321 
330 
2660 
3017 
3298 
3522 
3668 
3751 
3747 
3685 
3522 
3270 
2937 
2528 
2067 
1610 
1265 
1050 
907 
805 
717 
645 
581 
535 
497 
457 
410 
387 
373 
362 
353 
340 
329 
319 
308 
303 
302 
303 
309 
311 
307 
303 
3133 
3526 
3847 
3991 
4025 
4025 
4025 
4005 
3952 
3744 
3403 
2946 
2436 
1903 
1451 
1162 
978 
848 
744 
660 
590 
533 
484 
430 
379 
353 
338 
325 
315 
299 
289 
280 
271 
264 
259 
260 
265 
270 
269 
265 
2925 
3347 
3708 
3951 
4003 
4024 
4017 
3984 
3861 
3533 
3104 
2613 
2071 
1569 
1226 
1006 
850 
735 
644 
573 
515 
466 
429 
389 
350 
319 
300 
288 
283 
275 
266 
259 
253 
251 
247 
241 
243 
247 
250 
253 
205 
203 
202 
198 
199 
200 
200 
205 
213 
219 
226 
228 
228 
226 
224 
223 
222 
221 
227 
233 
242 
247 
246 
249 
252 
245 
229 
209 
203 
203 
214 
219 
223 
230 
265 
378 
593 
895 
1240 
1590 
206 
204 
205 
207 
212 
217 
223 
228 
233 
232 
230 
225 
222 
221 
223 
225 
235 
242 
248 
250 
248 
243 
239 
235 
232 
233 
235 
244 
254 
259 
261 
263 
264 
260 
261 
260 
263 
266 
272 
272 
332 
330 
327 
327 
325 
324 
328 
333 
416 
411 
403 
397 
391 
383 
375 
369 
365 
366 
368 
372 
377 
381 
382 
380 
376 
372 
368 
364 
363 
364 
370 
376 
382 
385 
387 
387 
387 
389 
390 
389 
389 
390 
391 
392 
392 
376 
362 
356 
358 
355 
353 
353 
352 
348 
376 
514 
827 
1225 
1676 
2150 
2581 
2988 
3365 
3671 
3918 
3978 
3996 
3991 
3963 
3838 
3607 
3282 
2855 
2382 
1892 
1470 
1202 
1021 
889 
782 
354 
353 
353 
354 
355 
350 
341 
336 
333 
331 
328 
326 
330 
329 
333 
378 
557 
886 
1302 
1749 
2222 
2668 
3060 
3379 
3612 
3763 
3857 
3863 
3773 
3573 
3267 
2874 
2433 
1950 
1509 
1207 
1010 
871 
767 
684 
350 
350 
341 
329 
333 
324 
311 
308 
311 
318 
325 
327 
330 
334 
364 
512 
820 
1217 
1640 
2060 
2472 
2851 
3187 
3461 
3666 
3795 
3878 
3886 
3818 
3669 
3431 
3122 
2763 
2334 
1870 
1460 
1162 
977 
851 
751 
329 
327 
331 
337 
328 
316 
302 
296 
297 
302 
308 
314 
319 
348 
443 
627 
886 
1184 
1489 
1787 
2083 
2352 
2583 
2766 
2905 
2998 
3065 
3088 
3054 
2968 
2828 
2634 
2410 
2144 
1842 
1534 
1222 
988 
837 
734 
318 
325 
328 
330 
333 
330 
330 
329 
330 
331 
339 
348 
349 
350 
349 
342 
343 
340 
343 
348 
356 
358 
355 
350 
344 
340 
342 
343 
354 
362 
370 
375 
373 
372 
371 
367 
366 
364 
367 
373 
420 
420 
420 
420 
418 
398 
387 
387 
385 
381 
375 
365 
361 
360 
365 
439 
640 
946 
1311 
1691 
2057 
2397 
2709 
2961 
3169 
3303 
3376 
3367 
3307 
3163 
2948 
2659 
2311 
1913 
1526 
1229 
1039 
909 
814 
736 
676 
623 
585 
553 
513 
471 
444 
427 
415 
406 
402 
395 
394 
393 
390 
384 
381 
377 
373 
374 
373 
376 
385 
387 
386 
383 
380 
375 
370 
370 
373 
377 
384 
391 
393 
393 
395 
398 
395 
392 
359 
356 
354 
356 
355 
352 
348 
351 
350 
347 
339 
331 
326 
324 
326 
377 
565 
892 
1300 
1740 
2196 
2635 
3030 
3352 
3585 
3734 
3820 
3814 
3723 
3535 
3241 
2855 
2419 
1942 
1500 
1199 
1004 
867 
768 
688 
349 
351 
347 
338 
343 
337 
322 
318 
312 
314 
317 
319 
327 
334 
366 
515 
818 
1203 
1615 
2027 
2451 
2846 
3182 
3451 
3639 
3771 
3866 
3887 
3826 
3674 
3430 
3113 
2753 
2331 
1873 
1464 
1169 
986 
855 
751 
654 
592 
538 
492 
447 
408 
379 
358 
343 
331 
324 
319 
316 
315 
314 
313 
311 
310 
307 
304 
303 
302 
303 
306 
309 
312 
315 
316 
312 
307 
304 
304 
306 
309 
313 
316 
319 
323 
326 
326 
369 
364 
359 
362 
364 
374 
384 
390 
392 
391 
392 
391 
389 
387 
385 
386 
390 
396 
400 
402 
403 
403 
400 
397 
392 
392 
393 
392 
394 
397 
402 
408 
409 
411 
415 
417 
419 
420 
419 
419 
676 
629 
593 
561 
526 
481 
454 
434 
322 
324 
325 
323 
318 
312 
310 
292 
276 
277 
283 
279 
280 
276 
280 
282 
310 
465 
813 
1255 
1763 
2296 
2767 
3208 
3622 
3942 
4019 
4025 
4025 
4025 
4023 
3971 
271 
272 
272 
270 
267 
267 
266 
269 
274 
278 
280 
283 
283 
280 
279 
271 
254 
250 
248 
249 
252 
254 
258 
260 
262 
309 
512 
880 
1345 
1850 
2374 
2864 
3288 
3639 
3899 
3983 
4009 
4003 
3969 
3820 
3102 
2594 
2048 
1557 
1198 
984 
830 
712 
614 
536 
471 
421 
369 
322 
291 
269 
252 
238 
224 
210 
198 
192 
189 
188 
189 
189 
190 
192 
192 
195 
195 
197 
202 
202 
202 
201 
201 
201 
200 
204 
196 
199 
201 
203 
203 
204 
205 
207 
210 
214 
222 
226 
224 
224 
221 
221 
222 
221 
223 
227 
235 
238 
235 
232 
230 
229 
228 
228 
229 
235 
244 
252 
257 
258 
258 
256 
252 
251 
250 
254 
2618 
2138 
1662 
1298 
1068 
909 
795 
705 
634 
575 
527 
487 
444 
395 
365 
345 
332 
323 
321 
315 
308 
302 
297 
291 
287 
285 
282 
282 
287 
293 
295 
290 
286 
282 
280 
280 
280 
282 
290 
294 
3066 
2535 
1980 
1500 
1197 
1000 
860 
745 
655 
582 
523 
472 
418 
369 
339 
317 
305 
298 
287 
276 
265 
257 
250 
244 
242 
240 
243 
250 
252 
250 
246 
242 
239 
234 
233 
235 
242 
251 
256 
258 
259 
259 
260 
260 
259 
258 
261 
268 
275 
275 
275 
276 
273 
265 
250 
244 
243 
249 
251 
249 
245 
247 
248 
301 
510 
897 
1391 
1929 
2491 
3010 
3459 
3831 
3991 
4026 
4025 
4026 
4010 
3936 
3607 
3160 
257 
258 
256 
256 
254 
256 
256 
262 
271 
275 
270 
262 
266 
258 
241 
238 
237 
245 
248 
243 
242 
243 
279 
463 
834 
1309 
1814 
2314 
2803 
3251 
3642 
3946 
4014 
4025 
4026 
4025 
4025 
3981 
3822 
3481 
210 
215 
224 
230 
235 
236 
235 
235 
234 
234 
238 
245 
242 
237 
227 
222 
216 
212 
209 
206 
209 
245 
362 
588 
900 
1247 
1595 
1927 
2261 
2578 
2852 
3074 
3237 
3342 
3410 
3431 
3404 
3310 
3147 
2921 
216 
215 
216 
219 
222 
224 
227 
228 
227 
228 
229 
228 
226 
226 
227 
228 
231 
234 
236 
238 
242 
245 
250 
255 
258 
259 
257 
257 
258 
257 
258 
260 
263 
269 
271 
271 
268 
265 
262 
261 
334 
338 
339 
336 
335 
335 
332 
331 
329 
328 
333 
339 
342 
322 
306 
299 
300 
299 
296 
294 
296 
293 
301 
385 
620 
979 
1406 
1861 
2307 
2727 
3084 
3361 
3584 
3729 
3822 
3827 
3763 
3590 
3326 
2981 
2563 
2099 
1642 
1294 
1079 
931 
818 
723 
646 
583 
534 
494 
453 
408 
382 
365 
353 
339 
326 
315 
308 
303 
293 
288 
286 
291 
298 
301 
302 
301 
302 
304 
304 
302 
301 
303 
306 
309 
311 
313 
3041 
2514 
1964 
1496 
1203 
1018 
881 
765 
4026 
4025 
4026 
3984 
3839 
3488 
3022 
2510 
1975 
1521 
1235 
1043 
904 
789 
697 
621 
560 
509 
456 
409 
385 
364 
346 
331 
320 
311 
307 
299 
296 
293 
295 
295 
292 
290 
289 
288 
291 
291 
293 
293 
292 
291 
290 
289 
290 
291 
295 
295 
298 
298 
299 
302 
305 
307 
311 
318 
322 
322 
323 
310 
293 
285 
282 
283 
286 
289 
298 
298 
298 
340 
533 
895 
278 
277 
275 
273 
274 
279 
283 
288 
289 
290 
292 
293 
295 
295 
292 
291 
300 
297 
281 
276 
274 
273 
271 
269 
271 
279 
315 
483 
824 
1258 
1714 
2167 
2629 
3058 
3430 
3728 
3934 
3983 
4004 
4004 
239 
243 
243 
245 
250 
252 
253 
254 
255 
257 
257 
261 
264 
270 
274 
280 
273 
262 
246 
239 
236 
240 
240 
241 
247 
279 
386 
587 
870 
1189 
1516 
1837 
2153 
2445 
2698 
2902 
3058 
3153 
3226 
3249 
3218 
3125 
2969 
2762 
2515 
2226 
1898 
1556 
1218 
966 
805 
690 
601 
531 
475 
430 
385 
345 
317 
299 
287 
280 
270 
260 
252 
246 
243 
242 
242 
244 
243 
239 
238 
236 
233 
230 
229 
229 
232 
237 
306 
311 
315 
313 
311 
310 
310 
308 
307 
308 
312 
314 
317 
318 
320 
322 
322 
328 
333 
336 
339 
339 
337 
337 
339 
337 
338 
342 
349 
354 
354 
353 
350 
348 
345 
345 
345 
345 
347 
353 
356 
362 
365 
368 
371 
371 
371 
371 
372 
373 
373 
375 
378 
386 
389 
390 
387 
366 
345 
334 
330 
326 
322 
325 
325 
326 
331 
409 
620 
945 
1336 
1748 
2149 
2519 
2840 
3096 
3306 
3440 
3522 
3519 
4026 
3973 
3809 
3463 
3003 
2491 
1960 
1507 
1217 
1031 
897 
789 
704 
634 
577 
528 
475 
427 
394 
374 
356 
342 
334 
326 
317 
310 
304 
298 
291 
290 
287 
290 
288 
289 
291 
292 
293 
296 
301 
305 
540 
556 
566 
575 
583 
590 
587 
580 
571 
565 
563 
565 
569 
574 
570 
564 
574 
571 
568 
566 
562 
558 
553 
547 
542 
547 
591 
797 
1216 
1749 
2312 
2869 
3411 
3909 
4025 
4025 
4026 
4025 
4026 
4027 
503 
507 
514 
519 
525 
528 
527 
524 
520 
519 
517 
515 
520 
526 
537 
548 
547 
539 
522 
515 
507 
504 
498 
490 
499 
547 
701 
994 
1396 
1846 
2286 
2704 
3120 
3505 
3835 
3992 
4024 
4026 
4025 
4026 
492 
499 
507 
510 
516 
523 
526 
526 
523 
520 
516 
517 
522 
529 
535 
539 
546 
554 
561 
558 
549 
540 
535 
537 
540 
544 
549 
561 
577 
582 
587 
589 
585 
582 
577 
568 
566 
566 
573 
582 
587 
593 
601 
608 
613 
620 
615 
608 
600 
596 
597 
600 
596 
603 
610 
625 
637 
645 
649 
649 
644 
639 
640 
635 
631 
632 
638 
641 
653 
663 
667 
668 
667 
661 
654 
653 
654 
647 
653 
660 
4027 
4026 
3968 
3678 
3225 
2696 
2165 
1755 
206 
213 
223 
223 
220 
218 
217 
210 
193 
188 
191 
197 
199 
200 
201 
201 
201 
254 
483 
912 
1448 
2031 
2639 
3211 
3718 
3999 
4026 
4025 
4027 
4026 
4026 
3995 
172 
178 
182 
184 
186 
187 
188 
189 
191 
191 
188 
190 
186 
181 
187 
182 
169 
165 
165 
171 
182 
185 
190 
196 
237 
442 
855 
1380 
1945 
2505 
3069 
3594 
3971 
4024 
4023 
4025 
4025 
4026 
4026 
4026 
3968 
3671 
3239 
2705 
2116 
1587 
1206 
975 
805 
675 
576 
498 
430 
376 
316 
270 
234 
208 
191 
177 
169 
159 
150 
144 
135 
131 
126 
125 
126 
129 
135 
139 
140 
142 
143 
144 
145 
147 
148 
148 
3381 
3126 
2837 
2497 
2107 
1706 
1312 
1020 
821 
677 
569 
484 
414 
359 
307 
267 
244 
226 
204 
184 
165 
147 
132 
125 
121 
128 
138 
143 
141 
143 
135 
131 
129 
128 
131 
140 
143 
145 
143 
143 
206 
205 
206 
209 
211 
220 
225 
224 
224 
219 
217 
218 
218 
224 
235 
238 
233 
230 
223 
217 
217 
220 
229 
246 
251 
253 
252 
250 
245 
242 
240 
242 
248 
256 
260 
262 
263 
264 
262 
261 
3581 
3193 
2724 
2211 
1704 
1327 
1092 
924 
795 
691 
603 
533 
478 
435 
395 
354 
325 
300 
279 
260 
245 
239 
235 
236 
245 
247 
241 
236 
229 
226 
224 
226 
231 
240 
245 
241 
241 
241 
238 
237 
3966 
3665 
3168 
2609 
2021 
1512 
1190 
985 
840 
718 
623 
545 
479 
428 
371 
317 
280 
257 
244 
232 
218 
206 
200 
195 
191 
190 
190 
195 
199 
199 
195 
192 
189 
188 
188 
191 
190 
194 
200 
206 
3706 
3248 
2715 
2130 
1593 
1230 
1003 
845 
720 
618 
535 
470 
416 
368 
322 
283 
257 
240 
229 
224 
212 
200 
191 
180 
172 
167 
160 
164 
170 
176 
186 
189 
192 
193 
190 
188 
186 
184 
185 
193 
170 
176 
178 
179 
178 
175 
171 
167 
165 
169 
175 
182 
189 
197 
193 
186 
174 
169 
168 
170 
174 
174 
179 
213 
335 
573 
905 
1276 
1656 
2025 
2393 
2728 
3016 
3247 
3422 
3536 
3619 
3650 
3616 
3515 
157 
151 
148 
147 
150 
159 
164 
167 
171 
174 
176 
178 
178 
178 
178 
181 
185 
187 
189 
188 
190 
190 
190 
191 
193 
196 
199 
200 
197 
195 
195 
195 
195 
198 
202 
210 
219 
223 
225 
222 
274 
274 
274 
275 
275 
276 
277 
277 
281 
289 
294 
297 
299 
296 
296 
275 
258 
251 
248 
250 
250 
247 
244 
243 
250 
340 
593 
986 
1451 
1938 
2416 
2869 
3262 
3569 
3822 
3951 
3981 
3975 
3949 
3790 
246 
245 
247 
252 
257 
260 
263 
267 
271 
272 
273 
273 
272 
272 
275 
262 
252 
248 
248 
243 
239 
235 
240 
241 
274 
447 
830 
1317 
1875 
2455 
2970 
3451 
3914 
4025 
4025 
4025 
4025 
4026 
4026 
4025 
2151 
1602 
1229 
995 
834 
711 
611 
528 
377 
371 
367 
369 
377 
392 
405 
415 
419 
421 
418 
414 
405 
392 
386 
385 
395 
405 
395 
404 
413 
422 
433 
435 
432 
429 
424 
423 
424 
417 
418 
424 
2683 
2922 
3117 
3249 
3326 
3320 
3258 
3111 
2896 
2617 
2279 
1900 
1532 
1255 
1086 
974 
892 
823 
761 
704 
653 
610 
567 
526 
507 
495 
491 
491 
496 
491 
490 
480 
467 
455 
447 
441 
439 
443 
451 
463 
473 
478 
479 
473 
464 
453 
445 
440 
439 
445 
457 
466 
473 
479 
481 
479 
473 
464 
459 
459 
455 
459 
467 
457 
446 
446 
452 
451 
450 
438 
431 
426 
450 
573 
850 
1196 
1591 
2023 
2427 
2793 
377 
369 
371 
379 
386 
388 
390 
398 
403 
407 
404 
397 
394 
392 
393 
393 
393 
393 
395 
401 
410 
412 
412 
398 
380 
370 
362 
360 
359 
357 
358 
365 
372 
413 
567 
835 
1174 
1545 
1935 
2291 
2125 
2526 
2883 
3178 
3395 
3539 
3634 
3633 
3550 
3377 
3103 
2743 
2334 
1874 
1444 
1146 
952 
822 
729 
659 
608 
567 
533 
502 
461 
419 
385 
360 
347 
339 
322 
314 
315 
318 
324 
327 
328 
328 
325 
326 
2298 
2648 
2968 
3239 
3441 
3568 
3647 
3652 
3586 
3438 
3211 
2916 
2572 
2167 
1728 
1348 
1072 
904 
787 
696 
621 
552 
495 
445 
395 
354 
323 
304 
296 
296 
289 
291 
295 
292 
280 
265 
248 
236 
231 
227 
231 
236 
244 
254 
264 
269 
269 
266 
256 
250 
247 
249 
248 
248 
256 
264 
271 
276 
283 
292 
296 
298 
297 
288 
274 
259 
239 
230 
231 
233 
249 
269 
290 
331 
439 
659 
971 
1331 
1700 
2056 
282 
285 
291 
304 
321 
337 
342 
341 
340 
336 
326 
317 
309 
306 
309 
318 
331 
345 
351 
356 
358 
357 
356 
344 
337 
333 
339 
351 
359 
361 
364 
366 
371 
382 
381 
379 
376 
375 
367 
363 
2197 
2583 
2929 
3207 
3434 
3568 
3639 
3639 
3578 
3419 
3170 
2849 
2461 
2028 
1608 
1291 
1093 
971 
879 
803 
732 
675 
627 
582 
532 
479 
451 
437 
435 
438 
432 
431 
433 
426 
414 
397 
379 
369 
372 
379 
2645 
3069 
3459 
3764 
3958 
4002 
4017 
4009 
3979 
3881 
3643 
3315 
2893 
2419 
1921 
1494 
1224 
1042 
907 
792 
706 
637 
585 
544 
500 
455 
429 
412 
397 
386 
368 
347 
331 
315 
307 
308 
312 
316 
325 
331 
592 
878 
1233 
1614 
2008 
2367 
2682 
2942 
3136 
3266 
3348 
3350 
3267 
3111 
2868 
2548 
2182 
1773 
1393 
1130 
959 
838 
744 
672 
620 
587 
565 
544 
513 
478 
451 
424 
399 
381 
372 
365 
364 
371 
375 
377 
385 
385 
381 
374 
362 
355 
351 
352 
359 
363 
371 
378 
382 
383 
383 
378 
368 
360 
357 
357 
360 
363 
369 
377 
382 
387 
379 
368 
371 
363 
349 
342 
340 
339 
341 
345 
354 
364 
392 
523 
316 
316 
316 
315 
309 
297 
288 
293 
286 
274 
264 
252 
245 
236 
234 
238 
245 
254 
265 
266 
264 
262 
253 
247 
242 
239 
241 
246 
253 
264 
275 
280 
285 
279 
273 
265 
258 
259 
264 
266 
557 
499 
452 
407 
369 
340 
314 
294 
278 
264 
250 
244 
242 
235 
234 
234 
239 
247 
255 
253 
248 
241 
237 
235 
236 
230 
234 
244 
257 
262 
267 
267 
267 
266 
261 
256 
258 
262 
266 
265 
263 
271 
278 
283 
282 
271 
263 
260 
258 
254 
247 
254 
303 
477 
808 
1265 
1775 
2292 
2796 
3292 
3733 
3994 
4024 
4025 
4024 
4026 
4025 
4026 
4028 
4016 
3919 
3594 
3179 
2689 
2175 
1660 
1275 
1024 
855 
723 
221 
224 
228 
227 
220 
214 
213 
215 
220 
230 
235 
243 
245 
245 
245 
244 
240 
235 
238 
242 
240 
240 
240 
239 
242 
249 
254 
264 
271 
270 
266 
261 
256 
250 
249 
252 
256 
267 
279 
288 
321 
317 
313 
312 
294 
279 
272 
272 
274 
274 
270 
268 
261 
264 
334 
532 
832 
1191 
1564 
1928 
2271 
2578 
2820 
3016 
3138 
3204 
3197 
3138 
2999 
2792 
2514 
2174 
1790 
1410 
1120 
935 
807 
709 
631 
570 
520 
483 
451 
417 
378 
356 
342 
333 
322 
312 
303 
295 
283 
278 
276 
278 
283 
288 
293 
297 
296 
294 
290 
287 
280 
279 
281 
282 
286 
290 
293 
296 
300 
306 
311 
309 
307 
302 
299 
297 
847 
746 
660 
586 
523 
467 
420 
372 
331 
307 
293 
286 
282 
277 
272 
265 
259 
254 
249 
246 
243 
241 
240 
239 
242 
246 
245 
247 
256 
262 
260 
255 
249 
247 
247 
248 
252 
255 
264 
274 
280 
281 
275 
269 
263 
253 
243 
250 
250 
246 
250 
252 
255 
257 
256 
253 
252 
284 
454 
797 
1231 
1690 
2141 
2606 
3043 
3421 
3716 
3925 
3979 
3998 
3998 
3976 
3891 
3639 
3296 
2886 
2429 
1934 
1483 
1162 
1271 
1020 
853 
727 
625 
537 
463 
393 
335 
288 
256 
236 
223 
220 
220 
215 
209 
199 
186 
177 
169 
157 
154 
159 
167 
177 
182 
176 
182 
189 
192 
192 
190 
186 
187 
188 
188 
190 
195 
197 
199 
203 
209 
215 
215 
212 
212 
210 
210 
209 
209 
209 
217 
224 
234 
235 
240 
240 
239 
235 
232 
231 
236 
242 
248 
255 
261 
261 
261 
263 
261 
258 
254 
252 
254 
258 
263 
267 
272 
276 
347 
341 
335 
331 
329 
331 
332 
337 
319 
308 
305 
305 
302 
296 
284 
283 
277 
282 
354 
553 
857 
1219 
1594 
1963 
2307 
2611 
2845 
3033 
3147 
3217 
3216 
3167 
3028 
2813 
2534 
2192 
1812 
1434 
1145 
963 
836 
741 
661 
599 
547 
511 
481 
448 
413 
392 
374 
357 
341 
328 
319 
312 
310 
308 
310 
312 
315 
318 
318 
314 
310 
305 
299 
297 
298 
304 
309 
320 
327 
328 
326 
321 
318 
315 
309 
309 
307 
310 
314 
317 
323 
329 
334 
335 
273 
277 
283 
291 
292 
290 
290 
293 
284 
272 
258 
254 
257 
263 
267 
270 
279 
326 
488 
807 
1253 
1758 
2261 
2741 
3229 
3682 
3983 
4024 
4025 
4025 
4025 
4025 
4026 
4026 
4003 
3878 
3546 
3139 
2662 
2163 
1659 
1281 
1031 
855 
721 
615 
529 
463 
401 
349 
312 
283 
263 
246 
234 
220 
208 
193 
181 
172 
169 
170 
173 
173 
178 
182 
183 
184 
182 
175 
171 
167 
230 
233 
236 
238 
242 
243 
247 
247 
244 
241 
237 
236 
234 
236 
236 
246 
262 
273 
275 
272 
267 
258 
251 
247 
248 
250 
258 
271 
281 
288 
289 
286 
279 
271 
267 
265 
268 
274 
282 
288 
295 
294 
293 
293 
291 
289 
290 
292 
295 
296 
299 
304 
308 
304 
303 
305 
311 
294 
278 
268 
265 
260 
250 
245 
241 
239 
252 
339 
543 
839 
1195 
1558 
1903 
2233 
2534 
2777 
2977 
3110 
3185 
3174 
302 
307 
313 
319 
322 
319 
315 
311 
307 
313 
317 
319 
324 
325 
331 
333 
334 
318 
298 
288 
287 
287 
292 
288 
289 
291 
320 
457 
758 
1135 
1569 
2026 
2434 
2816 
3167 
3451 
3691 
3830 
3915 
3914 
313 
320 
324 
326 
321 
315 
310 
308 
307 
307 
310 
317 
325 
333 
338 
339 
334 
328 
324 
310 
294 
291 
290 
297 
305 
311 
315 
316 
316 
356 
539 
880 
1315 
1795 
2294 
2761 
3174 
3513 
3766 
3926 
3965 
3959 
3905 
3701 
3378 
2963 
2495 
1987 
1524 
1208 
1012 
875 
773 
681 
598 
537 
484 
442 
400 
363 
339 
327 
322 
314 
307 
299 
290 
280 
271 
264 
262 
262 
263 
267 
271 
272 
273 
274 
272 
271 
271 
267 
265 
265 
269 
274 
278 
283 
287 
284 
287 
285 
282 
281 
280 
279 
273 
267 
280 
277 
267 
267 
266 
266 
266 
260 
257 
260 
296 
459 
801 
1236 
1697 
2151 
2605 
3031 
3394 
3686 
3900 
3968 
4025 
4026 
4026 
4026 
4004 
3875 
3543 
3131 
2648 
2141 
1631 
1247 
999 
825 
697 
597 
517 
455 
398 
349 
309 
279 
249 
226 
206 
187 
173 
160 
159 
165 
163 
167 
171 
176 
180 
176 
172 
167 
166 
167 
235 
239 
245 
244 
249 
260 
269 
271 
264 
259 
256 
254 
253 
258 
264 
274 
285 
290 
294 
294 
290 
282 
274 
268 
267 
275 
281 
289 
297 
297 
304 
311 
315 
313 
306 
302 
301 
305 
309 
309 
341 
343 
343 
338 
338 
337 
332 
328 
325 
327 
331 
338 
344 
351 
359 
362 
360 
355 
348 
330 
309 
302 
302 
301 
307 
309 
317 
322 
350 
482 
776 
1147 
1571 
2021 
2433 
2818 
3183 
3469 
3707 
3859 
3899 
3958 
3961 
3911 
3702 
3380 
2969 
2501 
1990 
1520 
1197 
992 
852 
748 
671 
607 
553 
504 
459 
411 
368 
336 
314 
301 
296 
300 
303 
297 
294 
289 
283 
277 
272 
270 
269 
273 
277 
275 
276 
283 
289 
291 
293 
295 
297 
297 
294 
291 
250 
252 
259 
266 
272 
275 
275 
276 
274 
271 
265 
263 
265 
269 
274 
277 
279 
283 
284 
287 
288 
287 
286 
284 
285 
286 
286 
287 
284 
286 
290 
299 
3139 
2984 
2760 
2480 
2141 
1762 
1393 
1109 
928 
804 
713 
638 
579 
534 
501 
471 
436 
392 
361 
339 
319 
306 
298 
294 
294 
302 
309 
311 
310 
303 
294 
287 
281 
277 
282 
288 
290 
295 
299 
304 
263 
265 
265 
271 
272 
274 
280 
283 
286 
286 
288 
287 
281 
279 
280 
285 
284 
285 
292 
296 
303 
310 
311 
299 
278 
268 
265 
266 
262 
262 
266 
276 
288 
335 
532 
880 
1313 
1782 
2264 
2717 
261 
268 
273 
279 
284 
285 
283 
278 
272 
272 
271 
265 
264 
271 
279 
287 
293 
299 
303 
303 
305 
305 
292 
281 
266 
263 
264 
267 
272 
278 
286 
335 
498 
816 
1258 
1755 
2257 
2746 
3234 
3678 
197 
195 
193 
192 
188 
185 
185 
187 
191 
196 
204 
211 
216 
219 
212 
205 
198 
194 
194 
195 
200 
212 
221 
228 
231 
233 
229 
222 
215 
211 
210 
214 
221 
228 
236 
241 
245 
246 
242 
236 
272 
282 
288 
291 
296 
304 
306 
306 
301 
297 
294 
291 
292 
290 
293 
297 
302 
312 
318 
321 
318 
311 
308 
283 
267 
260 
261 
263 
262 
260 
263 
262 
268 
333 
530 
825 
1177 
1544 
1898 
2228 
295 
297 
298 
297 
299 
300 
302 
303 
302 
301 
300 
304 
302 
299 
302 
305 
313 
325 
326 
329 
325 
322 
321 
302 
282 
272 
274 
275 
288 
294 
301 
305 
332 
463 
754 
1118 
1538 
1988 
2405 
2796 
2286 
2743 
3143 
3469 
3717 
3881 
3951 
3951 
3882 
3674 
3358 
2957 
2498 
1990 
1524 
1201 
990 
844 
735 
649 
578 
526 
483 
449 
411 
373 
346 
329 
315 
298 
284 
277 
274 
272 
270 
268 
274 
287 
291 
288 
280 
286 
287 
281 
273 
265 
257 
255 
259 
265 
275 
280 
283 
282 
284 
286 
282 
277 
276 
277 
282 
289 
299 
307 
303 
297 
284 
278 
275 
271 
267 
265 
269 
318 
489 
813 
1263 
1766 
2274 
2768 
193 
182 
174 
172 
175 
186 
197 
206 
208 
208 
203 
197 
193 
189 
193 
200 
203 
206 
211 
213 
216 
218 
216 
214 
211 
213 
215 
214 
212 
209 
211 
218 
223 
230 
235 
239 
242 
239 
236 
229 
293 
292 
295 
301 
301 
300 
295 
290 
295 
302 
302 
300 
298 
299 
304 
311 
315 
323 
332 
334 
331 
325 
313 
305 
303 
288 
277 
280 
289 
293 
300 
303 
306 
296 
316 
443 
738 
1115 
1543 
1999 
275 
270 
263 
262 
262 
265 
271 
278 
277 
284 
289 
292 
293 
292 
290 
290 
290 
291 
294 
294 
293 
296 
292 
282 
282 
282 
282 
280 
277 
275 
275 
275 
322 
512 
862 
1303 
1781 
2278 
2745 
3154 
3479 
3722 
3881 
3950 
3947 
3871 
3664 
3349 
3668 
3763 
3763 
3655 
3457 
3159 
2783 
2362 
1897 
1472 
1182 
996 
868 
771 
690 
629 
578 
535 
493 
448 
392 
367 
354 
346 
341 
344 
347 
351 
350 
346 
338 
328 
1219 
1630 
2043 
2455 
2836 
3167 
3437 
3639 
3778 
3869 
3893 
3831 
3684 
3446 
3130 
2762 
2337 
1879 
1472 
1173 
991 
867 
768 
687 
628 
574 
526 
472 
422 
389 
366 
350 
344 
341 
342 
341 
340 
337 
326 
317 
307 
301 
299 
303 
309 
315 
323 
326 
328 
331 
327 
320 
314 
307 
307 
312 
317 
323 
326 
332 
337 
341 
337 
331 
327 
333 
343 
341 
328 
310 
302 
305 
311 
317 
324 
335 
374 
521 
809 
1216 
229 
232 
232 
235 
241 
242 
237 
228 
223 
217 
215 
217 
222 
233 
245 
251 
253 
249 
246 
239 
231 
227 
225 
230 
240 
253 
264 
268 
267 
263 
256 
247 
238 
233 
239 
247 
259 
267 
271 
276 
277 
273 
265 
258 
256 
262 
273 
275 
278 
279 
278 
277 
278 
281 
284 
289 
293 
285 
280 
277 
275 
274 
274 
282 
297 
310 
317 
315 
309 
302 
294 
287 
284 
282 
291 
303 
316 
322 
326 
325 
822 
1148 
1493 
1829 
2148 
2428 
2654 
2837 
2957 
3031 
3031 
2978 
2844 
2645 
2379 
2060 
1702 
1351 
1089 
925 
810 
730 
668 
618 
578 
539 
502 
461 
415 
392 
380 
364 
359 
354 
352 
353 
349 
346 
341 
338 
878 
1282 
1719 
2167 
2581 
2951 
3258 
3483 
3633 
3725 
3737 
3651 
3470 
3187 
2813 
2387 
1912 
1475 
1173 
981 
853 
753 
675 
610 
564 
527 
495 
458 
423 
395 
374 
360 
351 
344 
338 
330 
317 
321 
327 
332 
325 
330 
335 
331 
321 
312 
305 
301 
301 
303 
310 
317 
329 
339 
338 
331 
323 
319 
315 
314 
317 
318 
325 
333 
342 
355 
362 
353 
335 
313 
301 
298 
299 
301 
304 
319 
373 
532 
835 
1243 
1694 
2149 
2600 
3057 
3475 
3834 
3995 
4023 
4024 
4024 
4026 
4027 
4021 
3959 
3735 
3413 
3023 
2575 
2107 
1636 
1277 
1046 
886 
763 
667 
585 
515 
449 
392 
354 
326 
307 
296 
286 
279 
272 
263 
251 
238 
228 
262 
264 
267 
268 
270 
273 
278 
279 
274 
272 
269 
268 
269 
272 
277 
286 
297 
303 
303 
295 
287 
281 
278 
278 
281 
286 
293 
303 
311 
317 
318 
314 
306 
298 
293 
295 
299 
306 
312 
317 
321 
324 
327 
328 
324 
318 
316 
315 
320 
327 
331 
333 
337 
339 
338 
339 
342 
340 
338 
337 
334 
330 
328 
329 
335 
342 
352 
362 
343 
329 
319 
311 
300 
290 
281 
281 
276 
288 
367 
559 
843 
1179 
1522 
1849 
2155 
2432 
2645 
2820 
2933 
3004 
3001 
2959 
2838 
2647 
2396 
2086 
1725 
1367 
1097 
923 
807 
726 
656 
603 
560 
525 
504 
470 
431 
409 
388 
374 
367 
362 
352 
342 
338 
338 
338 
338 
319 
316 
329 
337 
334 
328 
318 
311 
344 
336 
333 
331 
365 
521 
834 
1230 
1653 
2068 
2472 
2847 
3164 
3421 
3610 
3736 
3821 
3841 
3783 
3646 
3419 
3117 
2759 
2340 
1882 
1465 
1159 
974 
847 
752 
673 
612 
568 
496 
428 
370 
330 
303 
290 
283 
280 
275 
266 
254 
236 
221 
209 
202 
200 
205 
211 
217 
220 
221 
220 
223 
225 
223 
223 
220 
221 
219 
216 
221 
224 
229 
234 
239 
242 
240 
237 
232 
231 
231 
231 
227 
233 
242 
250 
255 
260 
260 
258 
254 
252 
251 
252 
255 
257 
256 
259 
261 
267 
271 
277 
283 
285 
285 
280 
278 
276 
274 
260 
264 
269 
277 
290 
301 
306 
308 
305 
298 
291 
285 
284 
288 
293 
305 
313 
316 
321 
324 
324 
319 
315 
308 
307 
308 
312 
318 
323 
307 
315 
322 
331 
340 
345 
347 
346 
340 
333 
333 
330 
329 
333 
340 
351 
360 
366 
369 
366 
361 
539 
507 
474 
432 
407 
393 
386 
384 
387 
387 
382 
372 
360 
351 
349 
344 
342 
342 
350 
359 
365 
363 
367 
369 
372 
370 
367 
363 
360 
358 
359 
367 
372 
375 
381 
387 
394 
399 
396 
387 
559 
525 
491 
446 
423 
405 
394 
379 
360 
345 
334 
327 
327 
330 
332 
340 
349 
354 
358 
355 
344 
336 
327 
322 
327 
332 
339 
343 
340 
348 
362 
364 
365 
362 
356 
352 
353 
354 
355 
357 
537 
505 
468 
433 
414 
401 
388 
377 
366 
352 
343 
337 
336 
337 
340 
346 
354 
359 
360 
360 
356 
347 
339 
335 
333 
336 
341 
349 
356 
363 
368 
368 
366 
360 
353 
349 
350 
353 
359 
364 
562 
517 
469 
423 
388 
363 
347 
338 
335 
330 
326 
321 
319 
313 
308 
303 
297 
294 
294 
293 
296 
298 
300 
304 
309 
314 
318 
320 
318 
310 
303 
299 
295 
299 
302 
311 
322 
327 
333 
332 
564 
492 
422 
366 
331 
307 
295 
289 
280 
267 
252 
240 
229 
218 
209 
205 
208 
210 
218 
220 
223 
223 
220 
216 
212 
211 
212 
213 
220 
226 
231 
237 
239 
240 
238 
233 
230 
227 
229 
231 
282 
287 
294 
304 
315 
314 
318 
321 
321 
317 
312 
310 
307 
308 
308 
312 
321 
329 
334 
335 
336 
338 
340 
340 
338 
332 
330 
331 
331 
336 
338 
343 
352 
361 
366 
365 
358 
354 
352 
351 
346 
345 
349 
336 
332 
330 
331 
327 
320 
309 
306 
300 
303 
374 
562 
845 
1179 
1522 
1848 
2157 
2439 
2661 
2836 
2946 
3005 
2996 
2950 
2825 
2637 
2389 
2085 
1741 
1388 
1120 
948 
824 
738 
671 
615 
569 
540 
517 
490 
452 
430 
408 
399 
395 
386 
369 
357 
351 
344 
344 
343 
345 
351 
362 
376 
379 
375 
371 
358 
346 
346 
346 
350 
357 
364 
374 
382 
383 
386 
387 
384 
381 
377 
377 
379 
379 
570 
524 
477 
428 
403 
390 
381 
373 
297 
291 
275 
255 
240 
231 
228 
233 
242 
254 
307 
464 
760 
1176 
1637 
2095 
2543 
2986 
3392 
3743 
3968 
4022 
4024 
4025 
4024 
4029 
4011 
3953 
3713 
3384 
2985 
2527 
284 
277 
279 
286 
285 
288 
292 
302 
314 
321 
323 
318 
313 
308 
304 
302 
303 
314 
321 
325 
322 
330 
332 
332 
329 
325 
328 
332 
334 
335 
339 
342 
342 
336 
342 
347 
352 
355 
354 
351 
350 
349 
351 
354 
356 
363 
368 
375 
378 
377 
350 
327 
315 
307 
303 
302 
304 
314 
318 
328 
399 
580 
850 
1167 
1501 
1830 
2146 
2426 
2645 
2829 
2946 
3018 
3023 
2977 
2853 
2658 
2392 
2072 
1712 
1359 
394 
389 
385 
383 
390 
400 
406 
413 
402 
387 
376 
367 
356 
355 
353 
362 
366 
395 
520 
797 
1133 
1529 
1955 
2342 
2697 
3017 
3263 
3462 
3603 
3690 
3693 
3630 
3472 
3259 
2975 
2595 
2177 
1737 
1361 
1125 
969 
856 
762 
694 
640 
596 
560 
518 
475 
449 
427 
405 
386 
373 
363 
361 
358 
359 
359 
360 
365 
363 
356 
349 
343 
341 
340 
342 
346 
352 
359 
364 
367 
366 
360 
356 
353 
350 
349 
352 
328 
326 
324 
322 
318 
312 
307 
315 
310 
301 
299 
299 
304 
304 
298 
298 
301 
334 
489 
797 
1183 
1599 
2011 
2418 
2795 
3117 
3384 
3582 
3713 
3795 
3802 
3735 
3588 
3361 
3064 
2710 
2294 
1842 
1437 
1137 
1272 
1034 
866 
738 
645 
569 
506 
445 
394 
360 
335 
315 
296 
283 
274 
265 
248 
236 
227 
222 
224 
228 
232 
236 
239 
250 
254 
251 
240 
233 
229 
230 
230 
231 
240 
253 
264 
268 
269 
267 
260 
257 
254 
250 
251 
256 
258 
267 
275 
276 
279 
282 
283 
283 
283 
279 
275 
279 
283 
290 
293 
296 
301 
306 
311 
315 
315 
311 
304 
298 
295 
299 
307 
309 
316 
324 
330 
332 
339 
341 
400 
401 
396 
392 
389 
388 
389 
395 
382 
370 
367 
369 
368 
360 
347 
338 
329 
333 
404 
592 
874 
1208 
1559 
1899 
2211 
2478 
2686 
2860 
2971 
3042 
3042 
2991 
2862 
2669 
2419 
2115 
1768 
1419 
1151 
977 
856 
760 
693 
638 
595 
566 
542 
517 
479 
455 
438 
420 
402 
388 
379 
373 
370 
373 
376 
379 
384 
387 
385 
379 
373 
368 
364 
362 
362 
369 
377 
384 
389 
394 
392 
387 
379 
372 
367 
366 
972 
857 
765 
693 
636 
587 
546 
503 
459 
434 
418 
406 
396 
389 
375 
361 
349 
338 
337 
336 
338 
343 
350 
358 
364 
365 
359 
350 
342 
334 
334 
335 
342 
349 
356 
364 
367 
370 
370 
362 
308 
316 
323 
326 
330 
327 
321 
324 
313 
296 
287 
286 
287 
287 
290 
295 
305 
342 
498 
805 
1188 
1596 
1996 
2398 
2774 
3105 
3375 
3576 
3713 
3799 
3810 
3749 
3606 
3375 
3069 
2703 
2281 
1823 
1420 
1125 
947 
823 
724 
647 
584 
527 
475 
423 
306 
308 
314 
325 
331 
328 
323 
319 
344 
497 
807 
1196 
1612 
2018 
2423 
2807 
3143 
3412 
3608 
3737 
3812 
3823 
3755 
3612 
3390 
3086 
2736 
2314 
1860 
1457 
1159 
979 
328 
321 
317 
319 
330 
346 
347 
343 
329 
327 
328 
328 
323 
316 
317 
362 
513 
810 
1222 
1684 
2150 
2606 
3062 
3481 
3842 
3993 
4024 
4024 
4024 
4026 
4026 
4018 
3957 
3732 
3420 
3040 
2593 
2123 
1648 
1288 
1051 
888 
762 
669 
597 
541 
483 
431 
397 
366 
343 
322 
301 
289 
278 
269 
263 
260 
261 
263 
267 
271 
271 
269 
263 
259 
255 
252 
254 
255 
260 
269 
276 
277 
277 
270 
267 
262 
261 
264 
325 
328 
333 
336 
337 
334 
327 
321 
323 
331 
334 
335 
335 
337 
339 
343 
347 
349 
346 
345 
345 
343 
340 
339 
341 
342 
344 
348 
352 
356 
364 
363 
360 
355 
351 
347 
347 
347 
352 
361 
742 
668 
608 
559 
520 
488 
457 
418 
402 
391 
380 
373 
366 
359 
350 
339 
330 
322 
322 
321 
323 
328 
331 
336 
338 
337 
339 
344 
347 
344 
338 
332 
327 
326 
330 
333 
336 
343 
351 
361 
357 
363 
368 
371 
374 
374 
373 
354 
334 
323 
319 
312 
316 
316 
324 
325 
355 
486 
764 
1105 
1495 
1908 
2274 
2618 
2950 
3220 
3443 
3579 
3651 
3642 
3578 
3423 
3213 
2922 
2540 
2121 
1686 
1315 
1074 
923 
340 
342 
343 
338 
330 
327 
326 
316 
300 
300 
304 
312 
319 
323 
324 
324 
323 
362 
533 
848 
1244 
1671 
2119 
2545 
2926 
3243 
3468 
3614 
3702 
3704 
3609 
3420 
3128 
2750 
2327 
1862 
1443 
1159 
973 
847 
347 
346 
340 
336 
323 
312 
326 
323 
311 
308 
313 
321 
326 
324 
322 
326 
359 
511 
815 
1202 
1614 
2018 
2422 
2799 
3139 
3419 
3620 
3747 
3815 
3819 
3759 
3614 
3385 
3083 
2730 
2310 
1851 
1440 
1152 
983 
1077 
917 
793 
689 
600 
529 
462 
408 
374 
348 
336 
325 
316 
307 
298 
286 
270 
257 
248 
247 
251 
253 
255 
260 
264 
268 
268 
267 
263 
260 
260 
262 
262 
263 
263 
263 
266 
273 
275 
276 
282 
284 
281 
275 
271 
267 
267 
272 
277 
287 
298 
303 
303 
300 
294 
288 
287 
286 
287 
288 
295 
304 
312 
314 
313 
309 
302 
297 
294 
297 
298 
304 
312 
320 
323 
327 
326 
323 
315 
311 
344 
344 
347 
352 
360 
369 
378 
359 
339 
324 
313 
301 
295 
291 
295 
296 
307 
385 
576 
854 
1178 
1511 
1834 
2137 
2407 
2625 
2809 
2925 
2994 
2993 
2951 
2831 
2643 
2388 
2074 
1718 
1361 
1087 
914 
796 
351 
359 
365 
367 
372 
371 
370 
364 
342 
321 
313 
312 
313 
321 
327 
334 
336 
361 
483 
753 
1092 
1483 
1895 
2272 
2629 
2959 
3227 
3439 
3572 
3652 
3652 
3579 
3415 
3199 
2908 
2527 
2112 
1684 
1313 
1082 
932 
827 
740 
667 
605 
547 
504 
454 
272 
258 
249 
243 
238 
235 
233 
228 
228 
225 
220 
216 
213 
211 
213 
215 
218 
223 
232 
238 
240 
235 
227 
219 
213 
209 
211 
217 
228 
240 
244 
251 
311 
302 
295 
290 
287 
288 
300 
312 
318 
318 
322 
321 
320 
320 
314 
313 
316 
320 
324 
327 
329 
328 
330 
332 
338 
342 
346 
351 
347 
340 
337 
334 
328 
330 
334 
345 
360 
372 
379 
377 
576 
534 
497 
465 
429 
401 
390 
389 
391 
389 
382 
376 
367 
356 
349 
343 
340 
343 
353 
365 
373 
373 
373 
374 
371 
367 
362 
358 
360 
361 
361 
364 
370 
371 
375 
381 
386 
393 
395 
394 
365 
373 
380 
385 
385 
386 
371 
352 
343 
336 
333 
331 
332 
335 
346 
365 
420 
598 
907 
1295 
1710 
2151 
2578 
2955 
3259 
3481 
3627 
3725 
3742 
3659 
3480 
3189 
2810 
2379 
1910 
1479 
1184 
1000 
875 
778 
380 
379 
375 
361 
347 
348 
340 
328 
331 
337 
345 
348 
348 
350 
351 
378 
527 
829 
1213 
1628 
2042 
2449 
2820 
3152 
3422 
3627 
3762 
3838 
3839 
3768 
3621 
3391 
3086 
2732 
2317 
1867 
1467 
1174 
995 
868 
766 
681 
607 
548 
500 
453 
412 
385 
371 
363 
359 
354 
342 
327 
316 
304 
294 
285 
284 
286 
294 
305 
314 
319 
317 
312 
305 
299 
292 
290 
290 
293 
296 
306 
316 
323 
327 
326 
319 
314 
219 
222 
228 
234 
236 
243 
253 
262 
263 
257 
249 
243 
242 
243 
243 
246 
252 
259 
267 
275 
274 
275 
276 
273 
270 
268 
265 
265 
269 
271 
275 
283 
289 
291 
294 
295 
294 
291 
288 
288 
288 
293 
299 
298 
299 
303 
309 
312 
315 
315 
308 
305 
303 
304 
308 
312 
316 
325 
325 
333 
337 
335 
330 
326 
324 
326 
328 
331 
335 
341 
349 
355 
357 
360 
356 
350 
350 
349 
346 
343 
670 
619 
578 
551 
529 
494 
453 
429 
411 
396 
382 
370 
364 
358 
355 
356 
358 
361 
365 
363 
370 
375 
371 
369 
364 
358 
357 
361 
354 
355 
363 
373 
384 
390 
387 
389 
390 
386 
373 
374 
372 
376 
373 
366 
358 
343 
335 
346 
344 
338 
347 
350 
351 
347 
335 
327 
327 
361 
525 
839 
1231 
1647 
2053 
2448 
2819 
3152 
3422 
3615 
3734 
3798 
3813 
3761 
3625 
3405 
3102 
2746 
2325 
1871 
1465 
1162 
978 
852 
748 
664 
597 
541 
499 
457 
418 
398 
384 
368 
346 
329 
312 
300 
296 
291 
295 
304 
315 
312 
312 
312 
302 
290 
282 
279 
282 
292 
302 
308 
311 
313 
310 
309 
307 
301 
296 
297 
304 
305 
306 
307 
311 
321 
331 
325 
313 
298 
294 
292 
287 
281 
277 
282 
329 
490 
792 
1207 
1674 
2139 
2574 
2996 
3394 
3755 
3974 
4024 
4025 
4024 
4025 
4027 
4013 
3955 
3725 
3393 
2988 
2529 
2060 
1594 
232 
244 
251 
254 
253 
245 
239 
237 
379 
374 
373 
373 
367 
364 
355 
350 
346 
369 
498 
779 
1127 
1523 
1944 
2314 
2664 
2985 
3250 
3463 
3595 
3662 
3658 
3591 
3439 
3232 
2950 
2576 
2160 
1728 
1354 
1114 
954 
839 
743 
671 
616 
572 
536 
494 
454 
431 
414 
400 
381 
363 
350 
341 
333 
331 
333 
336 
342 
351 
355 
351 
343 
332 
322 
314 
311 
315 
324 
335 
345 
354 
359 
356 
350 
338 
330 
324 
319 
317 
323 
331 
337 
333 
322 
323 
311 
295 
286 
284 
286 
289 
293 
300 
311 
347 
503 
811 
1195 
1603 
2004 
2405 
2771 
3096 
3362 
3563 
3703 
3794 
3812 
3743 
3599 
3371 
3069 
2711 
2283 
1827 
1416 
1120 
945 
820 
724 
655 
595 
543 
496 
439 
392 
361 
337 
323 
312 
308 
310 
309 
308 
306 
301 
292 
283 
273 
271 
275 
280 
287 
289 
295 
299 
301 
300 
299 
298 
293 
291 
295 
298 
299 
302 
307 
1266 
1041 
884 
766 
677 
598 
531 
465 
406 
365 
335 
314 
288 
283 
282 
280 
277 
274 
270 
266 
258 
250 
240 
240 
241 
237 
244 
253 
262 
262 
265 
267 
266 
260 
257 
256 
259 
260 
267 
272 
335 
343 
351 
357 
358 
356 
350 
342 
338 
336 
340 
348 
352 
357 
364 
371 
375 
376 
372 
366 
362 
357 
355 
357 
361 
366 
372 
378 
381 
383 
383 
379 
377 
376 
372 
373 
374 
377 
381 
385 
2175 
2457 
2678 
2862 
2970 
3028 
3021 
2968 
2837 
2645 
2391 
2083 
1735 
1394 
1131 
961 
845 
760 
690 
630 
580 
543 
516 
487 
448 
428 
416 
405 
398 
385 
374 
362 
351 
346 
343 
347 
351 
355 
362 
365 
397 
403 
401 
396 
391 
388 
385 
383 
381 
382 
371 
360 
357 
362 
363 
363 
354 
352 
345 
367 
493 
772 
1116 
1509 
1921 
2301 
2662 
2996 
3254 
3460 
3582 
3657 
3653 
3587 
3436 
3223 
2935 
2559 
2151 
1725 
1356 
1121 
960 
841 
741 
661 
600 
555 
519 
479 
444 
429 
417 
400 
380 
360 
344 
332 
324 
322 
324 
333 
340 
343 
345 
340 
332 
323 
314 
310 
308 
314 
324 
331 
334 
338 
341 
342 
338 
333 
314 
312 
311 
309 
312 
313 
324 
335 
334 
338 
324 
302 
291 
286 
286 
283 
288 
295 
308 
351 
510 
817 
1196 
1596 
1996 
2404 
2783 
3111 
3370 
3562 
3696 
3792 
3819 
3756 
3612 
3372 
3066 
2708 
2286 
1832 
298 
301 
307 
306 
319 
324 
330 
339 
345 
331 
315 
292 
284 
282 
290 
301 
309 
318 
365 
520 
812 
1217 
1669 
2129 
2578 
3025 
3430 
3772 
3978 
4024 
4025 
4026 
4025 
4026 
4016 
3957 
3727 
3399 
3004 
2550 
265 
269 
275 
284 
291 
297 
301 
300 
297 
294 
287 
282 
279 
280 
286 
297 
307 
314 
318 
321 
319 
313 
307 
301 
299 
304 
312 
317 
322 
326 
332 
334 
333 
329 
324 
322 
324 
322 
323 
325 
398 
398 
391 
384 
376 
371 
373 
379 
359 
361 
363 
341 
320 
305 
298 
294 
292 
292 
296 
304 
318 
386 
565 
838 
1156 
1485 
1812 
2127 
2405 
2628 
2811 
2923 
2990 
2991 
2951 
2832 
2637 
2375 
2057 
1700 
345 
350 
357 
360 
357 
354 
352 
352 
351 
348 
350 
339 
328 
327 
330 
330 
330 
323 
319 
311 
335 
466 
744 
1090 
1482 
1897 
2273 
2623 
2955 
3222 
3434 
3562 
3631 
3616 
3543 
3395 
3188 
2906 
2538 
2128 
336 
342 
348 
354 
358 
354 
355 
354 
348 
346 
342 
334 
320 
320 
325 
329 
340 
346 
347 
348 
348 
382 
548 
856 
1254 
1684 
2129 
2555 
2925 
3236 
3472 
3615 
3711 
3710 
3617 
3429 
3140 
2765 
2343 
1886 
1466 
1182 
997 
868 
771 
688 
630 
579 
527 
486 
443 
403 
383 
370 
356 
356 
360 
356 
356 
354 
344 
335 
325 
318 
317 
323 
331 
338 
343 
347 
351 
352 
350 
350 
348 
344 
338 
336 
335 
339 
339 
338 
334 
331 
329 
328 
330 
335 
343 
357 
356 
344 
333 
328 
323 
319 
310 
304 
309 
356 
514 
815 
1230 
1691 
2149 
2594 
3034 
3442 
3787 
3976 
4023 
4025 
4025 
4025 
4026 
4014 
3957 
3736 
3415 
3023 
241 
237 
239 
241 
246 
255 
264 
271 
271 
262 
253 
243 
237 
236 
241 
249 
260 
273 
281 
282 
281 
274 
266 
257 
253 
258 
263 
270 
277 
285 
290 
296 
297 
294 
288 
280 
276 
277 
280 
283 
289 
294 
295 
298 
299 
300 
303 
304 
305 
300 
293 
291 
296 
300 
302 
309 
317 
326 
331 
331 
327 
320 
314 
311 
310 
311 
314 
319 
329 
338 
341 
344 
343 
336 
329 
328 
329 
330 
328 
334 
338 
345 
340 
351 
359 
361 
359 
352 
345 
338 
336 
318 
308 
312 
319 
321 
318 
307 
300 
293 
296 
365 
549 
822 
1149 
1494 
1828 
2138 
2416 
2639 
2824 
2940 
3004 
2989 
2930 
2803 
2612 
2359 
2050 
1705 
1700 
1333 
1100 
946 
834 
735 
656 
595 
545 
509 
467 
426 
403 
386 
379 
375 
359 
350 
339 
331 
327 
318 
314 
316 
323 
332 
336 
336 
339 
339 
336 
333 
323 
321 
324 
328 
335 
335 
339 
345 
351 
357 
357 
355 
347 
343 
347 
351 
352 
352 
355 
351 
344 
343 
342 
342 
340 
340 
334 
329 
328 
370 
546 
866 
1258 
1699 
2157 
2578 
2943 
3246 
3469 
3617 
3705 
3707 
3611 
3417 
3132 
2766 
2345 
1900 
1485 
1198 
1012 
879 
771 
687 
618 
559 
518 
486 
446 
416 
400 
387 
383 
381 
369 
359 
354 
344 
335 
327 
326 
326 
329 
337 
349 
352 
353 
353 
347 
341 
337 
335 
336 
339 
339 
343 
351 
358 
365 
368 
363 
359 
359 
359 
360 
361 
357 
354 
367 
365 
353 
353 
355 
357 
354 
346 
342 
343 
376 
532 
842 
1230 
1646 
2055 
2455 
2831 
3157 
3419 
3608 
3725 
3804 
3820 
3764 
3629 
3405 
3108 
2753 
2335 
332 
324 
321 
319 
322 
329 
339 
347 
367 
376 
379 
374 
367 
360 
353 
391 
566 
885 
1289 
1728 
2187 
2616 
2978 
3267 
3479 
3622 
3719 
3729 
3636 
3445 
3155 
2785 
2375 
1922 
1503 
1208 
1015 
878 
776 
696 
355 
361 
359 
356 
363 
351 
333 
317 
311 
311 
313 
317 
318 
328 
370 
533 
843 
1226 
1630 
2020 
2407 
2780 
3112 
3383 
3582 
3716 
3798 
3809 
3751 
3612 
3386 
3081 
2719 
2292 
1833 
1430 
1137 
961 
841 
745 
667 
604 
548 
495 
438 
390 
358 
341 
335 
328 
320 
315 
307 
304 
299 
292 
289 
286 
287 
286 
284 
284 
284 
286 
288 
291 
294 
294 
292 
286 
286 
284 
284 
287 
290 
293 
290 
297 
307 
310 
308 
303 
305 
308 
301 
291 
279 
278 
279 
286 
294 
299 
304 
345 
490 
778 
1178 
1631 
2083 
2531 
2982 
3398 
3762 
3974 
4024 
4023 
4024 
4025 
4026 
4006 
3943 
3692 
3373 
2987 
2540 
2076 
1611 
1260 
1024 
856 
242 
236 
235 
237 
247 
248 
249 
252 
258 
263 
269 
266 
262 
260 
259 
262 
266 
264 
261 
262 
268 
279 
286 
290 
292 
293 
291 
290 
285 
279 
278 
277 
284 
287 
293 
303 
314 
327 
327 
322 
377 
375 
370 
368 
372 
356 
346 
341 
343 
346 
340 
339 
334 
322 
321 
386 
569 
850 
1184 
1525 
1861 
2172 
2447 
2669 
2850 
2958 
3022 
3013 
2961 
2828 
2642 
2393 
2086 
1740 
1397 
1137 
973 
862 
783 
709 
644 
591 
551 
519 
488 
455 
439 
425 
419 
414 
407 
397 
385 
375 
369 
368 
372 
376 
378 
376 
374 
373 
382 
391 
394 
391 
384 
378 
375 
373 
374 
375 
381 
387 
396 
402 
404 
404 
403 
399 
367 
376 
383 
391 
400 
388 
365 
349 
339 
332 
336 
329 
334 
341 
379 
518 
802 
1141 
1525 
1927 
2291 
2636 
2967 
3236 
3451 
3582 
3653 
3648 
3595 
3452 
3249 
2964 
2580 
2153 
1711 
1338 
1103 
955 
851 
765 
377 
381 
385 
389 
393 
385 
367 
359 
354 
351 
348 
349 
353 
357 
363 
411 
589 
909 
1302 
1728 
2170 
2582 
2945 
3250 
3475 
3622 
3719 
3734 
3651 
3465 
3172 
2793 
2369 
1907 
1482 
1189 
1002 
874 
778 
703 
355 
353 
341 
335 
342 
336 
325 
326 
328 
334 
338 
338 
335 
331 
357 
506 
811 
1199 
1613 
2015 
2418 
2799 
3135 
3406 
3597 
3718 
3790 
3802 
3739 
3596 
3371 
3069 
2711 
2297 
1848 
1450 
1157 
980 
851 
741 
287 
297 
309 
317 
316 
309 
295 
287 
278 
273 
270 
269 
280 
328 
486 
784 
1195 
1651 
2105 
2552 
3003 
3410 
3752 
3964 
4018 
4024 
4025 
4026 
4025 
4006 
3944 
3704 
3388 
2999 
2546 
2073 
1598 
1242 
1006 
843 
719 
629 
556 
501 
442 
391