0.000000,-2008.776245,-748.539307,-2757.315430,171.033371,0,-0.000000,1366,1056,1149,1179,1194,876,170,125,115,110,105,0,3,-2145114248,
0.000000,-2049.186768,-739.914490,-2789.101318,169.087250,0,-0.000000,1338,951,1053,1065,1078,798,170,125,115,110,105,0,3,1,
0.000000,-2020.500610,-727.688416,-2748.188965,173.205521,0,-0.000000,1401,952,1040,1068,1110,854,170,125,115,110,105,0,3,0,
0.000000,-2068.010254,-706.437683,-2774.447998,186.702423,0,-0.000000,1402,971,1045,1090,1193,908,170,125,115,110,105,0,3,0,
0.000000,-2020.500610,-727.688416,-2748.188965,153.974091,0,-0.000000,2332,1019,1302,1458,1452,725,170,125,115,110,105,0,3,0,
0.000000,-2117.482178,-713.843750,-2831.325928,159.368729,0,-0.000000,1192,699,808,864,911,645,170,125,115,110,105,0,3,-2145114248,
0.000000,-1973.064941,-707.892151,-2680.957031,311.579803,0,-0.000000,992,1034,1106,844,1393,839,170,125,115,110,105,0,3,1,
0.000000,-2140.903320,-672.189880,-2813.093262,295.483398,0,-0.000000,1346,999,1072,1083,1113,811,170,125,115,110,105,0,3,0,
0.000000,-1943.489258,-760.491638,-2703.980957,282.591614,0,-0.000000,1264,901,980,1008,1049,778,170,125,115,110,105,0,3,0,
0.000000,-2140.903320,-672.189880,-2813.093262,271.782593,0,-0.000000,1255,946,990,990,1001,690,170,125,115,110,105,0,3,0,
0.000000,-1960.564575,-731.480713,-2692.045410,264.763031,0,-0.000000,1156,813,897,939,974,644,170,125,115,110,105,0,3,-2145114248,
0.000000,-1983.649292,-730.447327,-2714.096680,256.100128,0,-0.000000,1174,745,854,907,913,642,170,125,115,110,105,0,3,1,
0.000000,-1975.488647,-704.938721,-2680.427246,251.143219,0,-0.000000,1279,795,897,966,1024,759,170,125,115,110,105,0,3,0,
0.000000,-2005.553833,-691.490784,-2697.044678,246.112701,0,-0.000000,1163,842,882,891,928,648,170,125,115,110,105,0,3,0,
0.000000,-1975.488647,-704.938721,-2680.427246,243.063202,0,-0.000000,1236,842,939,982,1035,725,170,125,115,110,105,0,3,0,
1.000000,-2002.983154,-737.824158,-2740.807373,240.449722,0,-0.000000,1260,834,930,977,1033,730,170,125,115,110,105,0,3,-2145114248,
1.000000,-1997.656006,-741.929626,-2739.585693,236.338242,0,-0.000000,1290,852,966,1019,1042,770,170,125,115,110,105,0,3,1,
1.000000,-2020.288696,-707.046997,-2727.335693,233.267303,0,-0.000000,1303,887,986,1015,1053,778,170,125,115,110,105,0,3,0,
1.000000,-2016.255737,-708.850830,-2725.106445,230.996429,0,-0.000000,1315,890,991,1033,1083,800,170,125,115,110,105,0,3,0,
1.000000,-2020.288696,-707.046997,-2727.335693,229.228714,0,-0.000000,1236,752,870,939,998,718,170,125,115,110,105,0,3,0,
1.000000,-2021.731201,-760.646606,-2782.377930,228.071442,0,-0.000000,1506,958,1080,1142,1162,816,170,125,115,110,105,0,3,-2145114248,
1.000000,-2029.317261,-758.440613,-2787.757812,225.792130,0,-0.000000,1494,944,1077,1144,1141,818,170,125,115,110,105,0,3,1,
1.000000,-2044.322266,-720.469421,-2764.791748,224.650101,0,-0.000000,1506,951,1089,1134,1154,818,170,125,115,110,105,0,3,0,
1.000000,-2052.800293,-716.677307,-2769.477539,223.299332,0,-0.000000,1512,956,1092,1136,1155,833,170,125,115,110,105,0,3,0,
1.000000,-2044.322266,-720.469421,-2764.791748,222.096939,0,-0.000000,1512,964,1095,1139,1160,838,170,125,115,110,105,0,3,0,
1.000000,-2030.508057,-759.510010,-2790.018066,221.378662,0,-0.000000,1507,969,1089,1149,1179,846,170,125,115,110,105,0,3,-2145114248,
1.000000,-2034.396606,-758.395081,-2792.791748,219.860046,0,-0.000000,1501,966,1101,1165,1168,845,170,125,115,110,105,0,3,1,
1.000000,-2051.891602,-721.480347,-2773.372070,219.197678,0,-0.000000,1503,968,1103,1139,1166,834,170,125,115,110,105,0,3,0,
1.000000,-2056.248779,-719.531250,-2775.780029,218.322891,0,-0.000000,1525,976,1094,1133,1164,857,170,125,115,110,105,0,3,0,
1.000000,-2051.891602,-721.480347,-2773.372070,217.724380,0,-0.000000,1507,968,1093,1143,1171,842,170,125,115,110,105,0,3,0,
1.000000,-2043.918579,-761.090210,-2805.008789,217.360672,0,-0.000000,1544,1003,1135,1197,1230,894,170,125,115,110,105,0,3,-2145114248,
1.000000,-2049.583984,-757.589478,-2807.173340,217.058716,0,-0.000000,1515,1027,1144,1186,1217,875,170,125,115,110,105,0,3,1,
1.000000,-2063.726074,-725.863708,-2789.589844,216.535858,0,-0.000000,1501,1005,1102,1155,1183,853,170,125,115,110,105,0,3,0,
1.000000,-2068.665039,-723.654358,-2792.319336,216.113434,0,-0.000000,1494,989,1093,1143,1183,864,170,125,115,110,105,0,3,0,
1.000000,-2063.726074,-725.863708,-2789.589844,215.808838,0,-0.000000,1541,983,1106,1165,1205,882,170,125,115,110,105,0,3,0,
1.000000,-2093.190430,-759.262512,-2852.452881,215.882721,0,-0.000000,1600,1016,1141,1228,1280,947,170,125,115,110,105,0,3,-2145114248,
1.000000,-2049.861572,-781.753418,-2831.614990,215.609695,0,-0.000000,1795,1105,1252,1351,1398,1090,170,125,115,110,105,0,3,1,
1.000000,-2112.630371,-724.689514,-2837.319824,194.870071,0,-0.000000,1453,1543,1610,1337,2058,1298,170,125,115,110,105,0,3,0,
1.000000,-2071.637451,-743.025269,-2814.662598,489.872742,0,-0.000000,1642,1732,1820,1523,2183,1514,170,125,115,110,105,0,3,0,
1.000000,-2112.630371,-724.689514,-2837.319824,482.893219,0,-0.000000,1528,987,1100,1156,1211,896,170,125,115,110,105,0,3,0,
1.000000,-2041.611694,-780.262634,-2821.874268,478.661621,0,-0.000000,1762,1352,1439,1502,1509,1089,170,125,115,110,105,0,3,-2145114248,
1.000000,-2123.645508,-752.379578,-2876.025146,471.251190,0,-0.000000,1571,1176,1301,1291,1247,874,170,125,115,110,105,0,3,1,
1.000000,-2055.114990,-756.247131,-2811.362061,464.878021,0,-0.000000,1453,1010,1105,1085,1100,762,170,125,115,110,105,0,3,0,
1.000000,-2143.767090,-716.593811,-2860.360840,459.379639,0,-0.000000,1397,895,989,1009,1064,728,170,125,115,110,105,0,3,0,
1.000000,-2055.114990,-756.247131,-2811.362061,456.512848,0,-0.000000,1991,1570,1654,1698,1723,1303,170,125,115,110,105,0,3,0,
1.000000,-1969.151855,-748.559265,-2717.711182,450.498199,0,-0.000000,1314,823,960,1027,1013,659,170,125,115,110,105,0,3,-2145114248,
1.000000,-1986.245972,-750.124268,-2736.370117,445.424316,0,-0.000000,1351,761,884,929,962,623,170,125,115,110,105,0,3,1,
1.000000,-1991.816528,-708.251221,-2700.067871,440.412872,0,-0.000000,1496,827,973,1033,1071,755,170,125,115,110,105,0,3,0,
1.000000,-2015.829834,-697.510071,-2713.339844,435.699768,0,-0.000000,1445,923,1025,1061,1090,748,170,125,115,110,105,0,3,0,
1.000000,-1991.816528,-708.251221,-2700.067871,431.279633,0,-0.000000,1392,828,936,1009,1047,706,170,125,115,110,105,0,3,0,
1.000000,-1913.876343,-741.204895,-2655.081299,428.080566,0,-0.000000,1182,717,830,879,911,515,170,125,115,110,105,0,3,-2145114248,
1.000000,-1959.962646,-731.194397,-2691.156982,423.741913,0,-0.000000,1153,617,748,803,811,455,170,125,115,110,105,0,3,1,
1.000000,-1936.563721,-700.856323,-2637.419922,419.873016,0,-0.000000,1255,631,775,831,882,551,170,125,115,110,105,0,3,0,
1.000000,-1990.615479,-676.679443,-2667.294922,416.025269,0,-0.000000,1353,722,853,922,968,644,170,125,115,110,105,0,3,0,
1.000000,-1936.563721,-700.856323,-2637.419922,412.338196,0,-0.000000,1310,830,913,969,995,641,170,125,115,110,105,0,3,0,
1.000000,-2009.440674,-753.071716,-2762.512451,409.558289,0,-0.000000,1411,830,965,1044,1088,706,170,125,115,110,105,0,3,-2145114248,
1.000000,-2007.005371,-757.402893,-2764.408203,406.511597,0,-0.000000,1451,850,994,1060,1088,713,170,125,115,110,105,0,3,1,
1.000000,-2032.087646,-712.794922,-2744.882568,403.551941,0,-0.000000,1499,875,1013,1069,1111,749,170,125,115,110,105,0,3,0,
1.000000,-2032.087646,-712.794922,-2744.882568,401.341095,0,-0.000000,1534,908,1022,1077,1158,786,170,125,115,110,105,0,3,0,
1.000000,-2032.087646,-712.794922,-2744.882568,398.824890,0,-0.000000,1384,785,920,989,1060,703,170,125,115,110,105,0,3,0,
1.000000,-2033.339111,-765.502014,-2798.841064,398.469788,0,-0.000000,1576,917,1066,1150,1200,769,170,125,115,110,105,0,3,-2145114248,
1.000000,-2034.526489,-769.088989,-2803.615479,396.926880,0,-0.000000,1618,939,1087,1162,1189,772,170,125,115,110,105,0,3,1,
1.000000,-2057.084717,-723.271362,-2780.355957,395.628387,0,-0.000000,1668,956,1092,1147,1198,783,170,125,115,110,105,0,3,0,
1.000000,-2061.365723,-721.356506,-2782.722168,395.320801,0,-0.000000,1706,960,1088,1158,1233,802,170,125,115,110,105,0,3,0,
1.000000,-2057.084717,-723.271362,-2780.355957,394.596619,0,-0.000000,1561,909,1042,1123,1192,774,170,125,115,110,105,0,3,0,
1.000000,-2042.348633,-777.460999,-2819.809570,332.043549,0,-0.000000,1729,957,1105,1210,1269,762,170,125,115,110,105,0,3,-2145114248,
1.000000,-2049.012451,-777.922607,-2826.935059,340.194733,0,-0.000000,1746,952,1114,1203,1244,762,170,125,115,110,105,0,3,1,
1.000000,-2069.295410,-729.537170,-2798.832520,360.422424,0,-0.000000,1746,951,1082,1157,1215,716,170,125,115,110,105,0,3,0,
1.000000,-2078.544922,-725.399902,-2803.944824,370.037903,0,-0.000000,1728,895,1041,1130,1192,701,170,125,115,110,105,0,3,0,
1.000000,-2069.295410,-729.537170,-2798.832520,372.392792,0,-0.000000,1714,948,1101,1191,1255,795,170,125,115,110,105,0,3,0,
1.000000,-2031.527954,-776.481079,-2808.009033,377.359772,0,-0.000000,1699,869,1034,1135,1186,708,170,125,115,110,105,0,3,-2145114248,
1.000000,-2023.660278,-781.151855,-2804.812012,378.850128,0,-0.000000,1742,905,1074,1175,1204,742,170,125,115,110,105,0,3,1,
1.000000,-2062.842529,-720.788818,-2783.631348,380.284180,0,-0.000000,1770,944,1104,1194,1234,773,170,125,115,110,105,0,3,0,
1.000000,-2055.840332,-723.920837,-2779.761230,382.291595,0,-0.000000,1780,966,1122,1206,1264,800,170,125,115,110,105,0,3,0,
1.000000,-2062.842529,-720.788818,-2783.631348,390.919098,0,-0.000000,1695,866,1023,1128,1177,689,170,125,115,110,105,0,3,0,
1.000000,-2048.817627,-780.702332,-2829.520020,393.567261,0,-0.000000,1780,969,1136,1234,1277,808,170,125,115,110,105,0,3,-2145114248,
1.000000,-2049.218262,-781.445618,-2830.663818,395.972198,0,-0.000000,1790,994,1162,1229,1274,805,170,125,115,110,105,0,3,1,
1.000000,-2077.749268,-729.248047,-2806.997314,396.733124,0,-0.000000,1808,997,1157,1235,1268,810,170,125,115,110,105,0,3,0,
1.000000,-2078.843018,-728.758911,-2807.602051,397.068573,0,-0.000000,1820,991,1151,1232,1280,829,170,125,115,110,105,0,3,0,
1.000000,-2077.749268,-729.248047,-2806.997314,397.557739,0,-0.000000,1791,965,1131,1218,1263,810,170,125,115,110,105,0,3,0,
1.000000,-2071.644775,-784.157166,-2855.802002,402.638916,0,-0.000000,1865,1007,1180,1286,1333,850,170,125,115,110,105,0,3,-2145114248,
1.000000,-2058.150391,-792.117737,-2850.268066,404.667358,0,-0.000000,1946,1053,1231,1328,1368,895,170,125,115,110,105,0,3,1,
1.000000,-2100.901367,-732.125122,-2833.026367,405.910370,0,-0.000000,2034,1121,1277,1380,1405,934,170,125,115,110,105,0,3,0,
1.000000,-2088.853027,-737.514282,-2826.367188,420.292145,0,-0.000000,2078,1134,1296,1400,1439,933,170,125,115,110,105,0,3,0,
1.000000,-2100.901367,-732.125122,-2833.026367,421.044617,0,-0.000000,1832,991,1151,1254,1303,843,170,125,115,110,105,0,3,0,
1.000000,-2091.598877,-808.963196,-2900.562012,414.577362,0,-0.000000,2263,1090,1327,1471,1472,878,170,125,115,110,105,0,3,-2145114248,
1.000000,-2077.387207,-819.285767,-2896.672852,408.288422,0,-0.000000,2399,1153,1387,1489,1508,889,170,125,115,110,105,0,3,1,
1.000000,-2129.065430,-742.329956,-2871.395508,402.858490,0,-0.000000,2490,1187,1397,1526,1559,897,170,125,115,110,105,0,3,0,
1.000000,-2117.833252,-747.354004,-2865.187256,397.993652,0,-0.000000,2467,1163,1396,1526,1578,877,170,125,115,110,105,0,3,0,
1.000000,-2129.065430,-742.329956,-2871.395508,391.043945,0,-0.000000,2124,1094,1286,1418,1452,878,170,125,115,110,105,0,3,0,
1.000000,-2079.288330,-817.584106,-2896.872559,386.985046,0,-0.000000,2375,1095,1364,1513,1523,789,170,125,115,110,105,0,3,-2145114248,
1.000000,-2092.683594,-813.158630,-2905.842285,382.828949,0,-0.000000,2333,1091,1344,1492,1476,796,170,125,115,110,105,0,3,1,
1.000000,-2117.996094,-748.743652,-2866.739746,378.448700,0,-0.000000,2312,1101,1331,1459,1458,799,170,125,115,110,105,0,3,0,
1.000000,-2132.567871,-742.225891,-2874.793701,373.779694,0,-0.000000,2266,1081,1302,1420,1432,794,170,125,115,110,105,0,3,0,
1.000000,-2117.996094,-748.743652,-2866.739746,369.869751,0,-0.000000,2423,1115,1364,1526,1555,835,170,125,115,110,105,0,3,0,
2.000000,-2059.215820,-810.768311,-2869.984131,365.881195,0,-0.000000,2220,1013,1265,1400,1407,738,170,125,115,110,105,0,3,-2145114248,
2.000000,-2066.030029,-811.537537,-2877.567627,361.872192,0,-0.000000,2247,1035,1287,1418,1378,745,170,125,115,110,105,0,3,1,
2.000000,-2098.945801,-740.110046,-2839.055908,357.852142,0,-0.000000,2270,1046,1277,1406,1399,748,170,125,115,110,105,0,3,0,
2.000000,-2108.627441,-735.779541,-2844.406982,353.775787,0,-0.000000,2277,1038,1282,1404,1402,757,170,125,115,110,105,0,3,0,
2.000000,-2098.945801,-740.110046,-2839.055908,349.980499,0,-0.000000,2216,1040,1280,1402,1424,760,170,125,115,110,105,0,3,0,
2.000000,-2063.298584,-813.750854,-2877.049316,348.352020,0,-0.000000,2276,1030,1296,1444,1418,742,170,125,115,110,105,0,3,-2145114248,
2.000000,-2068.084473,-812.702759,-2880.787109,346.763092,0,-0.000000,2270,1042,1304,1434,1401,729,170,125,115,110,105,0,3,1,
2.000000,-2104.520508,-740.439392,-2844.959961,344.845886,0,-0.000000,2280,1032,1303,1420,1400,737,170,125,115,110,105,0,3,0,
2.000000,-2110.126953,-737.931580,-2848.058594,342.401978,0,-0.000000,2264,1038,1268,1404,1394,732,170,125,115,110,105,0,3,0,
2.000000,-2104.520508,-740.439392,-2844.959961,341.988007,0,-0.000000,2264,1021,1266,1417,1413,751,170,125,115,110,105,0,3,0,
2.000000,-2063.143066,-811.815430,-2874.958496,340.305511,0,-0.000000,2245,1012,1273,1425,1398,710,170,125,115,110,105,0,3,-2145114248,
2.000000,-2063.064941,-812.839905,-2875.904785,328.110535,0,-0.000000,2261,1007,1283,1415,1396,716,170,125,115,110,105,0,3,1,
2.000000,-2104.407227,-738.428040,-2842.835205,326.213501,0,-0.000000,2262,1028,1272,1405,1377,716,170,125,115,110,105,0,3,0,
2.000000,-2105.072754,-738.130432,-2843.203125,324.216278,0,-0.000000,2262,1023,1256,1402,1397,735,170,125,115,110,105,0,3,0,
2.000000,-2104.407227,-738.428040,-2842.835205,322.474060,0,-0.000000,2246,1017,1268,1411,1404,725,170,125,115,110,105,0,3,0,
2.000000,-2071.968750,-814.031494,-2886.000244,320.665710,0,-0.000000,2300,1022,1295,1450,1422,735,170,125,115,110,105,0,3,-2145114248,
2.000000,-2066.577393,-817.126465,-2883.703857,319.229279,0,-0.000000,2338,1038,1324,1460,1437,734,170,125,115,110,105,0,3,1,
2.000000,-2113.858887,-739.531372,-2853.390137,317.489532,0,-0.000000,2382,1063,1339,1480,1446,745,170,125,115,110,105,0,3,0,
2.000000,-2108.980957,-741.713196,-2850.694092,315.851044,0,-0.000000,2403,1061,1353,1491,1473,759,170,125,115,110,105,0,3,0,
2.000000,-2113.858887,-739.531372,-2853.390137,313.776642,0,-0.000000,2284,1014,1274,1415,1416,734,170,125,115,110,105,0,3,0,
2.000000,-2080.014893,-822.963989,-2902.979004,312.294373,0,-0.000000,2468,1069,1395,1576,1516,746,170,125,115,110,105,0,3,-2145114248,
2.000000,-2086.184326,-821.867004,-2908.051270,311.094299,0,-0.000000,2464,1088,1399,1561,1492,738,170,125,115,110,105,0,3,1,
2.000000,-2122.470215,-747.458557,-2869.928711,309.707428,0,-0.000000,2492,1085,1399,1554,1507,749,170,125,115,110,105,0,3,0,
2.000000,-2129.888428,-744.140381,-2874.028809,308.263977,0,-0.000000,2484,1088,1388,1562,1504,750,170,125,115,110,105,0,3,0,
2.000000,-2122.470215,-747.458557,-2869.928711,306.730682,0,-0.000000,2469,1063,1371,1552,1506,753,170,125,115,110,105,0,3,0,
2.000000,-2082.512939,-823.478210,-2905.991211,305.219879,0,-0.000000,2483,1080,1401,1576,1514,738,170,125,115,110,105,0,3,-2145114248,
2.000000,-2084.631104,-823.811890,-2908.442871,303.948456,0,-0.000000,2494,1087,1416,1574,1504,745,170,125,115,110,105,0,3,1,
2.000000,-2125.611572,-746.829468,-2872.440918,302.420380,0,-0.000000,2503,1100,1418,1564,1496,744,170,125,115,110,105,0,3,0,
2.000000,-2128.691895,-745.451660,-2874.143555,300.956299,0,-0.000000,2506,1108,1398,1574,1509,759,170,125,115,110,105,0,3,0,
2.000000,-2125.611572,-746.829468,-2872.440918,299.515503,0,-0.000000,2483,1087,1391,1569,1518,747,170,125,115,110,105,0,3,0,
2.000000,-2084.027344,-824.068359,-2908.095703,298.042450,0,-0.000000,2497,1092,1410,1596,1526,751,170,125,115,110,105,0,3,-2145114248,
2.000000,-2087.056396,-824.384399,-2911.440918,296.767181,0,-0.000000,2510,1098,1426,1581,1512,741,170,125,115,110,105,0,3,1,
2.000000,-2126.927490,-747.771606,-2874.699219,295.242340,0,-0.000000,2530,1107,1423,1590,1528,762,170,125,115,110,105,0,3,0,
2.000000,-2131.212158,-745.855164,-2877.067383,293.755585,0,-0.000000,2533,1094,1421,1582,1534,764,170,125,115,110,105,0,3,0,
2.000000,-2126.927490,-747.771606,-2874.699219,292.240936,0,-0.000000,2503,1092,1402,1578,1520,754,170,125,115,110,105,0,3,0,
2.000000,-2089.186035,-825.443726,-2914.629883,290.765320,0,-0.000000,2534,1097,1434,1615,1544,751,170,125,115,110,105,0,3,-2145114248,
2.000000,-2090.382324,-825.725769,-2916.108154,289.239594,0,-0.000000,2542,1104,1443,1604,1538,751,170,125,115,110,105,0,3,1,
2.000000,-2132.346436,-748.684875,-2881.031250,287.785522,0,-0.000000,2564,1113,1434,1613,1540,760,170,125,115,110,105,0,3,0,
2.000000,-2134.156250,-747.875305,-2882.031494,286.244049,0,-0.000000,2567,1116,1420,1610,1550,780,170,125,115,110,105,0,3,0,
2.000000,-2132.346436,-748.684875,-2881.031250,284.707581,0,-0.000000,2525,1106,1419,1595,1538,758,170,125,115,110,105,0,3,0,
2.000000,-2096.396484,-827.331238,-2923.727783,283.104126,0,-0.000000,2586,1115,1456,1638,1568,768,170,125,115,110,105,0,3,-2145114248,
2.000000,-2094.277100,-828.344177,-2922.621338,281.610687,0,-0.000000,2599,1135,1469,1640,1575,774,170,125,115,110,105,0,3,1,
2.000000,-2139.982422,-749.814941,-2889.797363,287.894073,0,-0.000000,2616,1142,1458,1645,1566,780,170,125,115,110,105,0,3,0,
2.000000,-2137.911865,-750.741089,-2888.652832,171.414307,0,-0.000000,2614,1140,1464,1650,1579,803,170,125,115,110,105,0,3,0,
2.000000,-2139.982422,-749.814941,-2889.797363,169.847000,0,-0.000000,2572,1119,1434,1623,1564,771,170,125,115,110,105,0,3,0,
2.000000,-2102.891846,-828.610535,-2931.502441,167.409851,0,-0.000000,2626,1134,1494,1684,1598,777,170,125,115,110,105,0,3,-2145114248,
2.000000,-2099.578857,-830.642822,-2930.221680,166.352158,0,-0.000000,2655,1157,1502,1685,1608,790,170,125,115,110,105,0,3,1,
2.000000,-2146.164062,-751.652405,-2897.816406,164.929779,0,-0.000000,2666,1164,1503,1681,1615,814,170,125,115,110,105,0,3,0,
2.000000,-2143.264404,-752.949463,-2896.213867,163.216629,0,-0.000000,2684,1175,1507,1691,1645,835,170,125,115,110,105,0,3,0,
2.000000,-2146.164062,-751.652405,-2897.816406,160.494293,0,-0.000000,2613,1131,1465,1661,1606,787,170,125,115,110,105,0,3,0,
2.000000,-2112.882324,-830.910583,-2943.792969,159.312607,0,-0.000000,2695,1189,1530,1730,1664,834,170,125,115,110,105,0,3,-2145114248,
2.000000,-2113.144775,-831.560425,-2944.705078,157.774597,0,-0.000000,2708,1208,1551,1725,1661,842,170,125,115,110,105,0,3,1,
2.000000,-2154.888184,-756.204468,-2911.092773,156.290176,0,-0.000000,2708,1225,1558,1740,1676,871,170,125,115,110,105,0,3,0,
2.000000,-2155.727295,-755.829163,-2911.556396,154.714569,0,-0.000000,2696,1224,1545,1734,1688,886,170,125,115,110,105,0,3,0,
2.000000,-2154.888184,-756.204468,-2911.092773,153.182297,0,-0.000000,2679,1180,1514,1721,1662,827,170,125,115,110,105,0,3,0,
2.000000,-2122.307129,-830.327820,-2952.635010,151.078156,0,-0.000000,2709,1236,1584,1771,1715,904,170,125,115,110,105,0,3,-2145114248,
2.000000,-2124.419678,-830.189331,-2954.608887,149.612656,0,-0.000000,2712,1270,1599,1768,1705,909,170,125,115,110,105,0,3,1,
2.000000,-2162.134277,-759.496216,-2921.630371,147.886490,0,-0.000000,2740,1287,1610,1765,1709,937,170,125,115,110,105,0,3,0,
2.000000,-2164.853027,-758.280334,-2923.133301,146.241333,0,-0.000000,2731,1297,1593,1791,1756,967,170,125,115,110,105,0,3,0,
2.000000,-2162.134277,-759.496216,-2921.630371,144.695740,0,-0.000000,2701,1223,1558,1756,1687,884,170,125,115,110,105,0,3,0,
2.000000,-2125.181885,-829.555298,-2954.737305,142.844147,0,-0.000000,2702,1300,1634,1844,1747,935,170,125,115,110,105,0,3,-2145114248,
2.000000,-2131.660400,-828.751953,-2960.412354,141.109406,0,-0.000000,2704,1304,1650,1801,1717,927,170,125,115,110,105,0,3,1,
2.000000,-2163.173340,-761.988892,-2925.162109,139.144470,0,-0.000000,2711,1318,1607,1752,1708,954,170,125,115,110,105,0,3,0,
2.000000,-2171.225342,-758.387207,-2929.612549,136.854401,0,-0.000000,2679,1295,1569,1763,1748,959,170,125,115,110,105,0,3,0,
2.000000,-2163.173340,-761.988892,-2925.162109,134.967072,0,-0.000000,2719,1290,1613,1833,1775,963,170,125,115,110,105,0,3,0,
2.000000,-2114.753174,-826.837830,-2941.591064,131.777435,0,-0.000000,2624,1247,1587,1749,1691,901,170,125,115,110,105,0,3,-2145114248,
2.000000,-2121.837158,-826.061462,-2947.898682,129.251053,0,-0.000000,2628,1271,1549,1716,1659,891,170,125,115,110,105,0,3,1,
2.000000,-2153.031006,-758.762085,-2911.792969,126.376549,0,-0.000000,2610,1241,1539,1646,1617,877,170,125,115,110,105,0,3,0,
2.000000,-2161.912109,-754.789612,-2916.701660,122.932388,0,-0.000000,2582,1213,1454,1664,1637,897,170,125,115,110,105,0,3,0,
2.000000,-2153.031006,-758.762085,-2911.792969,120.066376,0,-0.000000,2635,1243,1569,1781,1725,922,170,125,115,110,105,0,3,0,
2.000000,-2092.855225,-825.322632,-2918.177734,157.959610,0,-0.000000,2541,1163,1488,1654,1612,813,170,125,115,110,105,0,3,-2145114248,
2.000000,-2106.560059,-823.624634,-2930.184570,149.642227,0,-0.000000,2545,1191,1500,1610,1554,792,170,125,115,110,105,0,3,1,
2.000000,-2132.500977,-754.814026,-2887.314941,132.544113,0,-0.000000,2556,1169,1414,1577,1557,849,170,125,115,110,105,0,3,0,
2.000000,-2149.534912,-747.194885,-2896.729736,122.415436,0,-0.000000,2462,1095,1383,1564,1556,848,170,125,115,110,105,0,3,0,
2.000000,-2132.500977,-754.814026,-2887.314941,117.659416,0,-0.000000,2542,1139,1460,1682,1623,834,170,125,115,110,105,0,3,0,
2.000000,-2074.210205,-821.563843,-2895.773926,111.056450,0,-0.000000,2430,1087,1413,1595,1529,728,170,125,115,110,105,0,3,-2145114248,
2.000000,-2088.600342,-822.854065,-2911.454346,106.666656,0,-0.000000,2487,1096,1448,1564,1464,752,170,125,115,110,105,0,3,1,
2.000000,-2114.570068,-749.785522,-2864.355469,101.784950,0,-0.000000,2479,1090,1392,1523,1490,810,170,125,115,110,105,0,3,0,
2.000000,-2134.764404,-740.752686,-2875.517090,96.870987,0,-0.000000,2427,1077,1369,1551,1548,781,170,125,115,110,105,0,3,0,
2.000000,-2114.570068,-749.785522,-2864.355469,87.215668,0,-0.000000,2458,1078,1399,1624,1586,755,170,125,115,110,105,0,3,0,
2.000000,-2070.430664,-820.202271,-2890.632812,82.044334,0,-0.000000,2398,1032,1390,1580,1453,680,170,125,115,110,105,0,3,-2145114248,
2.000000,-2071.253906,-822.154602,-2893.408447,76.805038,0,-0.000000,2433,1047,1364,1528,1445,689,170,125,115,110,105,0,3,1,
2.000000,-2114.076904,-742.578613,-2856.655518,72.446159,0,-0.000000,2420,1068,1317,1463,1414,709,170,125,115,110,105,0,3,0,
2.000000,-2116.643799,-741.430542,-2858.074219,68.502724,0,-0.000000,2400,1027,1289,1469,1466,709,170,125,115,110,105,0,3,0,
2.000000,-2114.076904,-742.578613,-2856.655518,64.746964,0,-0.000000,2403,1025,1363,1572,1543,721,170,125,115,110,105,0,3,0,
2.000000,-2047.231079,-820.753174,-2867.984375,57.262928,0,-0.000000,2353,988,1328,1479,1400,623,170,125,115,110,105,0,3,-2145114248,
2.000000,-2060.687500,-817.952759,-2878.640137,52.000759,0,-0.000000,2338,982,1272,1401,1353,595,170,125,115,110,105,0,3,1,
2.000000,-2092.464355,-740.307556,-2832.771973,47.215641,0,-0.000000,2329,968,1211,1366,1329,592,170,125,115,110,105,0,3,0,
2.000000,-2108.338379,-733.207153,-2841.545410,31.418655,0,-0.000000,2285,928,1184,1364,1346,590,170,125,115,110,105,0,3,0,
2.000000,-2092.464355,-740.307556,-2832.771973,27.236820,0,-0.000000,2362,991,1302,1517,1454,637,170,125,115,110,105,0,3,0,
3.000000,-2048.135254,-817.312988,-2865.448242,29.204342,0,-0.000000,2299,946,1272,1445,1337,599,170,125,115,110,105,0,3,-2145114248,
3.000000,-2043.034180,-820.856018,-2863.890137,30.877769,0,-0.000000,2345,980,1299,1422,1349,640,170,125,115,110,105,0,3,1,
3.000000,-2095.357422,-733.330566,-2828.687988,31.762346,0,-0.000000,2348,1011,1250,1430,1391,688,170,125,115,110,105,0,3,0,
3.000000,-2091.203613,-735.188416,-2826.392090,32.446445,0,-0.000000,2304,974,1277,1456,1440,690,170,125,115,110,105,0,3,0,
3.000000,-2095.357422,-733.330566,-2828.687988,35.298622,0,-0.000000,2290,916,1224,1427,1371,585,170,125,115,110,105,0,3,0,
3.000000,-2063.113037,-814.963257,-2878.076172,35.717857,0,-0.000000,2295,1005,1339,1496,1397,659,170,125,115,110,105,0,3,-2145114248,
3.000000,-2059.914551,-818.000122,-2877.914551,36.016514,0,-0.000000,2337,1033,1352,1464,1403,697,170,125,115,110,105,0,3,1,
3.000000,-2106.358887,-738.052185,-2844.411133,36.460209,0,-0.000000,2350,1070,1316,1453,1409,713,170,125,115,110,105,0,3,0,
3.000000,-2104.366699,-738.943237,-2843.310059,37.330109,0,-0.000000,2329,1040,1309,1479,1449,740,170,125,115,110,105,0,3,0,
3.000000,-2106.358887,-738.052185,-2844.411133,37.853291,0,-0.000000,2305,974,1298,1496,1415,689,170,125,115,110,105,0,3,0,
3.000000,-2070.014893,-816.644165,-2886.659180,38.482357,0,-0.000000,2338,1060,1388,1517,1444,722,170,125,115,110,105,0,3,-2145114248,
3.000000,-2071.634521,-817.632690,-2889.267090,38.951496,0,-0.000000,2358,1100,1364,1488,1435,745,170,125,115,110,105,0,3,1,
3.000000,-2111.994873,-741.983887,-2853.978760,39.401520,0,-0.000000,2365,1082,1350,1499,1457,778,170,125,115,110,105,0,3,0,
3.000000,-2114.901611,-740.683838,-2855.585449,40.190796,0,-0.000000,2336,1047,1339,1510,1487,763,170,125,115,110,105,0,3,0,
3.000000,-2111.994873,-741.983887,-2853.978760,40.881477,0,-0.000000,2316,1020,1324,1509,1451,738,170,125,115,110,105,0,3,0,
3.000000,-2069.383789,-817.766663,-2887.150391,41.384781,0,-0.000000,2355,1057,1380,1549,1467,728,170,125,115,110,105,0,3,-2145114248,
3.000000,-2076.247314,-819.207458,-2895.454834,41.763443,0,-0.000000,2395,1098,1392,1528,1435,731,170,125,115,110,105,0,3,1,
3.000000,-2110.618408,-744.432190,-2855.050537,42.069248,0,-0.000000,2416,1097,1380,1516,1479,776,170,125,115,110,105,0,3,0,
3.000000,-2120.870850,-739.846436,-2860.717285,42.514214,0,-0.000000,2375,1067,1352,1524,1493,783,170,125,115,110,105,0,3,0,
3.000000,-2110.618408,-744.432190,-2855.050537,43.261356,0,-0.000000,2333,1071,1370,1541,1489,729,170,125,115,110,105,0,3,0,
3.000000,-2073.415283,-820.436646,-2893.852051,43.655964,0,-0.000000,2409,1066,1393,1558,1478,725,170,125,115,110,105,0,3,-2145114248,
3.000000,-2077.198242,-822.139648,-2899.337891,43.964230,0,-0.000000,2447,1101,1397,1528,1458,744,170,125,115,110,105,0,3,1,
3.000000,-2115.974121,-744.747009,-2860.721191,44.291451,0,-0.000000,2447,1104,1367,1505,1479,746,170,125,115,110,105,0,3,0,
3.000000,-2122.307617,-741.914124,-2864.221680,44.896385,0,-0.000000,2427,1066,1354,1531,1483,744,170,125,115,110,105,0,3,0,
3.000000,-2115.974121,-744.747009,-2860.721191,45.396049,0,-0.000000,2379,1043,1355,1540,1504,736,170,125,115,110,105,0,3,0,
3.000000,-2069.487549,-823.163025,-2892.650635,45.780937,0,-0.000000,2446,1063,1389,1540,1467,710,170,125,115,110,105,0,3,-2145114248,
3.000000,-2074.305176,-822.661987,-2896.967285,46.066654,0,-0.000000,2449,1065,1403,1523,1448,710,170,125,115,110,105,0,3,1,
3.000000,-2114.025146,-743.954346,-2857.979492,46.206532,0,-0.000000,2461,1086,1367,1505,1469,727,170,125,115,110,105,0,3,0,
3.000000,-2120.085205,-741.243713,-2861.328857,46.417301,0,-0.000000,2452,1068,1367,1539,1504,755,170,125,115,110,105,0,3,0,
3.000000,-2114.025146,-743.954346,-2857.979492,47.064468,0,-0.000000,2418,1054,1373,1558,1481,721,170,125,115,110,105,0,3,0,
3.000000,-2079.451904,-823.965149,-2903.416992,47.117905,0,-0.000000,2484,1060,1398,1577,1504,720,170,125,115,110,105,0,3,-2145114248,
3.000000,-2080.913818,-826.322388,-2907.236328,47.095234,0,-0.000000,2529,1099,1429,1573,1492,743,170,125,115,110,105,0,3,1,
3.000000,-2123.162598,-746.227295,-2869.389893,47.088112,0,-0.000000,2515,1091,1385,1550,1503,740,170,125,115,110,105,0,3,0,
3.000000,-2126.886475,-744.561584,-2871.447998,47.124718,0,-0.000000,2439,1040,1360,1534,1497,713,170,125,115,110,105,0,3,0,
3.000000,-2123.162598,-746.227295,-2869.389893,47.251507,0,-0.000000,2451,1039,1370,1561,1503,723,170,125,115,110,105,0,3,0,
3.000000,-2059.262695,-824.012634,-2883.275391,47.384975,0,-0.000000,2436,977,1328,1511,1410,606,170,125,115,110,105,0,3,-2145114248,
3.000000,-2058.415283,-826.398376,-2884.813721,47.453354,0,-0.000000,2475,979,1318,1493,1408,617,170,125,115,110,105,0,3,1,
3.000000,-2106.895752,-739.298706,-2846.194336,47.470409,0,-0.000000,2495,995,1324,1489,1414,644,170,125,115,110,105,0,3,0,
3.000000,-2107.555664,-739.003540,-2846.559082,47.503727,0,-0.000000,2514,997,1332,1517,1461,671,170,125,115,110,105,0,3,0,
3.000000,-2106.895752,-739.298706,-2846.194336,47.575558,0,-0.000000,2429,991,1310,1505,1459,648,170,125,115,110,105,0,3,0,
3.000000,-2066.846924,-829.139709,-2895.986572,47.688133,0,-0.000000,2544,1000,1367,1562,1440,642,170,125,115,110,105,0,3,-2145114248,
3.000000,-2062.849609,-831.539795,-2894.389404,47.714584,0,-0.000000,2577,1033,1389,1532,1451,646,170,125,115,110,105,0,3,1,
3.000000,-2116.425293,-740.966492,-2857.391846,47.734035,0,-0.000000,2594,1046,1370,1546,1467,680,170,125,115,110,105,0,3,0,
3.000000,-2112.887695,-742.548767,-2855.436523,47.775055,0,-0.000000,2610,1050,1364,1551,1497,687,170,125,115,110,105,0,3,0,
3.000000,-2116.425293,-740.966492,-2857.391846,47.899960,0,-0.000000,2510,998,1338,1535,1470,637,170,125,115,110,105,0,3,0,
3.000000,-2073.144043,-831.856934,-2905.000977,47.957371,0,-0.000000,2609,1054,1410,1594,1496,671,170,125,115,110,105,0,3,-2145114248,
3.000000,-2075.620361,-832.436462,-2908.056885,47.990379,0,-0.000000,2626,1064,1408,1583,1484,686,170,125,115,110,105,0,3,1,
3.000000,-2121.596436,-745.685791,-2867.282227,47.971542,0,-0.000000,2628,1066,1395,1573,1489,698,170,125,115,110,105,0,3,0,
3.000000,-2125.340332,-744.011230,-2869.351562,48.051521,0,-0.000000,2614,1056,1392,1580,1519,692,170,125,115,110,105,0,3,0,
3.000000,-2121.596436,-745.685791,-2867.282227,48.137074,0,-0.000000,2601,1041,1400,1586,1501,685,170,125,115,110,105,0,3,0,
3.000000,-2075.467285,-832.294739,-2907.761963,48.193626,0,-0.000000,2623,1062,1413,1594,1494,672,170,125,115,110,105,0,3,-2145114248,
3.000000,-2074.717773,-833.213684,-2907.931396,48.196022,0,-0.000000,2638,1074,1427,1587,1495,695,170,125,115,110,105,0,3,1,
3.000000,-2124.502441,-745.087219,-2869.589600,48.122204,0,-0.000000,2644,1090,1407,1571,1502,707,170,125,115,110,105,0,3,0,
3.000000,-2124.191406,-745.226440,-2869.417969,48.107639,0,-0.000000,2649,1079,1401,1586,1519,716,170,125,115,110,105,0,3,0,
3.000000,-2124.502441,-745.087219,-2869.589600,48.162868,0,-0.000000,2621,1055,1398,1590,1518,686,170,125,115,110,105,0,3,0,
3.000000,-2079.430908,-833.469299,-2912.900146,48.114170,0,-0.000000,2655,1072,1423,1608,1518,695,170,125,115,110,105,0,3,-2145114248,
3.000000,-2079.916016,-833.830566,-2913.746582,48.062534,0,-0.000000,2663,1100,1438,1604,1515,710,170,125,115,110,105,0,3,1,
3.000000,-2128.134277,-746.852173,-2874.986328,48.023636,0,-0.000000,2684,1107,1431,1605,1525,729,170,125,115,110,105,0,3,0,
3.000000,-2129.053955,-746.440796,-2875.494629,48.044983,0,-0.000000,2673,1107,1435,1613,1538,730,170,125,115,110,105,0,3,0,
3.000000,-2128.134277,-746.852173,-2874.986328,48.009918,0,-0.000000,2639,1068,1419,1591,1520,707,170,125,115,110,105,0,3,0,
3.000000,-2083.477295,-835.194519,-2918.671875,47.979465,0,-0.000000,2698,1114,1458,1627,1534,719,170,125,115,110,105,0,3,-2145114248,
3.000000,-2082.352539,-835.985657,-2918.338135,47.931110,0,-0.000000,2710,1120,1457,1623,1537,735,170,125,115,110,105,0,3,1,
3.000000,-2132.666748,-747.712585,-2880.379395,47.884018,0,-0.000000,2719,1115,1452,1617,1546,731,170,125,115,110,105,0,3,0,
3.000000,-2131.758301,-748.118958,-2879.877197,47.882858,0,-0.000000,2701,1116,1446,1631,1557,754,170,125,115,110,105,0,3,0,
3.000000,-2132.666748,-747.712585,-2880.379395,47.829639,0,-0.000000,2684,1104,1442,1626,1544,733,170,125,115,110,105,0,3,0,
3.000000,-2089.823242,-838.628479,-2928.451660,47.891708,0,-0.000000,2781,1132,1489,1674,1565,727,170,125,115,110,105,0,3,-2145114248,
3.000000,-2087.157227,-839.821167,-2926.978516,47.925232,0,-0.000000,2797,1137,1493,1667,1574,737,170,125,115,110,105,0,3,1,
3.000000,-2139.909424,-749.551819,-2889.461182,48.027054,0,-0.000000,2807,1158,1487,1670,1586,753,170,125,115,110,105,0,3,0,
3.000000,-2137.243652,-750.744202,-2887.987793,48.114021,0,-0.000000,2812,1154,1491,1686,1610,771,170,125,115,110,105,0,3,0,
3.000000,-2139.909424,-749.551819,-2889.461182,48.170944,0,-0.000000,2774,1123,1476,1675,1572,726,170,125,115,110,105,0,3,0,
3.000000,-2096.148438,-840.988159,-2937.136719,48.072651,0,-0.000000,2845,1166,1529,1711,1619,765,170,125,115,110,105,0,3,-2145114248,
3.000000,-2098.366699,-840.877441,-2939.244141,48.032928,0,-0.000000,2849,1188,1519,1699,1609,767,170,125,115,110,105,0,3,1,
3.000000,-2145.261475,-753.642334,-2898.903809,48.191113,0,-0.000000,2862,1189,1519,1703,1622,790,170,125,115,110,105,0,3,0,
3.000000,-2148.141846,-752.354004,-2900.495850,48.319839,0,-0.000000,2869,1168,1512,1708,1637,778,170,125,115,110,105,0,3,0,
3.000000,-2145.261475,-753.642334,-2898.903809,48.321342,0,-0.000000,2833,1148,1502,1705,1618,759,170,125,115,110,105,0,3,0,
3.000000,-2100.858154,-841.774841,-2942.633057,48.376259,0,-0.000000,2874,1188,1556,1733,1635,773,170,125,115,110,105,0,3,-2145114248,
3.000000,-2100.445557,-843.265503,-2943.710938,48.467392,0,-0.000000,2903,1194,1555,1725,1633,780,170,125,115,110,105,0,3,1,
3.000000,-2149.997803,-754.381287,-2904.379150,48.746704,0,-0.000000,2888,1197,1536,1719,1651,794,170,125,115,110,105,0,3,0,
3.000000,-2150.566650,-754.126892,-2904.693604,49.029915,0,-0.000000,2894,1192,1541,1737,1665,791,170,125,115,110,105,0,3,0,
3.000000,-2149.997803,-754.381287,-2904.379150,49.061405,0,-0.000000,2870,1170,1539,1741,1654,774,170,125,115,110,105,0,3,0,
4.000000,-2102.918701,-843.016907,-2945.935547,49.133873,0,-0.000000,2905,1200,1572,1740,1650,777,170,125,115,110,105,0,3,-2145114248,
4.000000,-2103.446289,-843.580139,-2947.026367,49.267906,0,-0.000000,2918,1207,1548,1736,1646,786,170,125,115,110,105,0,3,1,
4.000000,-2152.197510,-755.376099,-2907.573730,49.771477,0,-0.000000,2916,1204,1541,1724,1655,789,170,125,115,110,105,0,3,0,
4.000000,-2153.325928,-754.871460,-2908.197266,50.258018,0,-0.000000,2906,1192,1548,1744,1685,795,170,125,115,110,105,0,3,0,
4.000000,-2152.197510,-755.376099,-2907.573730,50.320526,0,-0.000000,2890,1185,1544,1750,1656,776,170,125,115,110,105,0,3,0,
4.000000,-2102.419434,-843.528381,-2945.947754,50.366127,0,-0.000000,2914,1195,1567,1767,1648,770,170,125,115,110,105,0,3,-2145114248,
4.000000,-2102.958252,-843.697449,-2946.655762,50.490112,0,-0.000000,2919,1213,1583,1731,1645,789,170,125,115,110,105,0,3,1,
4.000000,-2152.073486,-755.220337,-2907.293945,51.070339,0,-0.000000,2937,1218,1560,1737,1671,815,170,125,115,110,105,0,3,0,
4.000000,-2152.920410,-754.841492,-2907.761963,51.245358,0,-0.000000,2917,1190,1546,1746,1687,823,170,125,115,110,105,0,3,0,
4.000000,-2152.073486,-755.220337,-2907.293945,51.294388,0,-0.000000,2898,1185,1563,1772,1669,781,170,125,115,110,105,0,3,0,
4.000000,-2107.878418,-843.153870,-2951.032227,51.250069,0,-0.000000,2922,1202,1587,1786,1667,782,170,125,115,110,105,0,3,-2145114248,
4.000000,-2106.368164,-844.726746,-2951.094971,51.300343,0,-0.000000,2950,1234,1598,1759,1670,806,170,125,115,110,105,0,3,1,
4.000000,-2156.772705,-756.197083,-2912.969727,51.643173,0,-0.000000,2942,1222,1571,1769,1701,853,170,125,115,110,105,0,3,0,
4.000000,-2155.936523,-756.571045,-2912.507568,51.981018,0,-0.000000,2913,1215,1576,1787,1723,830,170,125,115,110,105,0,3,0,
4.000000,-2156.772705,-756.197083,-2912.969727,52.050724,0,-0.000000,2906,1180,1571,1777,1696,786,170,125,115,110,105,0,3,0,
4.000000,-2106.585693,-843.968689,-2950.554443,52.153469,0,-0.000000,2935,1229,1602,1801,1668,801,170,125,115,110,105,0,3,-2145114248,
4.000000,-2106.624512,-844.642517,-2951.267090,52.267754,0,-0.000000,2949,1260,1584,1750,1666,826,170,125,115,110,105,0,3,1,
4.000000,-2155.814453,-756.417114,-2912.231445,52.493855,0,-0.000000,2893,1220,1556,1750,1686,851,170,125,115,110,105,0,3,0,
4.000000,-2156.372314,-756.167664,-2912.540039,52.759659,0,-0.000000,2856,1185,1541,1745,1696,802,170,125,115,110,105,0,3,0,
4.000000,-2155.814453,-756.417114,-2912.231445,52.751282,0,-0.000000,2920,1206,1589,1787,1721,809,170,125,115,110,105,0,3,0,
4.000000,-2096.082031,-842.643372,-2938.725342,52.817444,0,-0.000000,2878,1185,1555,1735,1619,747,170,125,115,110,105,0,3,-2145114248,
4.000000,-2097.454102,-842.500427,-2939.954590,52.981903,0,-0.000000,2879,1212,1550,1679,1613,768,170,125,115,110,105,0,3,1,
4.000000,-2146.199707,-753.510742,-2899.710449,53.353806,0,-0.000000,2860,1188,1496,1706,1635,783,170,125,115,110,105,0,3,0,
4.000000,-2147.925781,-752.738647,-2900.664551,53.623436,0,-0.000000,2819,1150,1506,1711,1646,741,170,125,115,110,105,0,3,0,
4.000000,-2146.199707,-753.510742,-2899.710449,53.743114,0,-0.000000,2858,1161,1547,1756,1676,756,170,125,115,110,105,0,3,0,
4.000000,-2081.405762,-841.289917,-2922.695801,53.743431,0,-0.000000,2810,1124,1497,1644,1550,675,170,125,115,110,105,0,3,-2145114248,
4.000000,-2082.713135,-841.765015,-2924.478027,53.943970,0,-0.000000,2823,1123,1448,1617,1543,688,170,125,115,110,105,0,3,1,
4.000000,-2133.234619,-749.113770,-2882.348389,54.300045,0,-0.000000,2787,1077,1416,1611,1542,685,170,125,115,110,105,0,3,0,
4.000000,-2135.338379,-748.172729,-2883.511230,54.683086,0,-0.000000,2742,1057,1405,1618,1552,646,170,125,115,110,105,0,3,0,
4.000000,-2133.234619,-749.113770,-2882.348389,54.876694,0,-0.000000,2809,1123,1503,1717,1592,702,170,125,115,110,105,0,3,0,
4.000000,-2066.369629,-841.816040,-2908.185547,55.101276,0,-0.000000,2779,1032,1421,1615,1483,591,170,125,115,110,105,0,3,-2145114248,
4.000000,-2066.765137,-842.783936,-2909.549072,55.448593,0,-0.000000,2799,1056,1392,1563,1479,603,170,125,115,110,105,0,3,1,
4.000000,-2121.081787,-744.512451,-2865.594238,55.865013,0,-0.000000,2787,1024,1381,1553,1489,615,170,125,115,110,105,0,3,0,
4.000000,-2122.337402,-743.950867,-2866.288330,56.204220,0,-0.000000,2772,1011,1386,1604,1512,607,170,125,115,110,105,0,3,0,
4.000000,-2121.081787,-744.512451,-2865.594238,56.467350,0,-0.000000,2760,1018,1396,1615,1527,603,170,125,115,110,105,0,3,0,
4.000000,-2069.678223,-841.762085,-2911.440430,56.557800,0,-0.000000,2787,1052,1431,1608,1488,614,170,125,115,110,105,0,3,-2145114248,
4.000000,-2067.757080,-843.103027,-2910.860107,56.717518,0,-0.000000,2808,1061,1426,1592,1493,619,170,125,115,110,105,0,3,1,
4.000000,-2124.347412,-744.534607,-2868.882080,57.103352,0,-0.000000,2792,1051,1400,1596,1509,647,170,125,115,110,105,0,3,0,
4.000000,-2122.788086,-745.232178,-2868.020264,57.453716,0,-0.000000,2790,1052,1416,1625,1536,664,170,125,115,110,105,0,3,0,
4.000000,-2124.347412,-744.534607,-2868.882080,57.599575,0,-0.000000,2785,1024,1417,1627,1507,612,170,125,115,110,105,0,3,0,
4.000000,-2081.346924,-840.993042,-2922.339844,57.716751,0,-0.000000,2804,1094,1469,1655,1528,661,170,125,115,110,105,0,3,-2145114248,
4.000000,-2078.026123,-841.255066,-2919.281250,57.990219,0,-0.000000,2800,1096,1465,1650,1542,691,170,125,115,110,105,0,3,1,
4.000000,-2134.235107,-746.933350,-2881.168457,58.348240,0,-0.000000,2795,1109,1465,1650,1557,701,170,125,115,110,105,0,3,0,
4.000000,-2129.995117,-748.829773,-2878.824951,58.533489,0,-0.000000,2779,1095,1455,1639,1567,705,170,125,115,110,105,0,3,0,
4.000000,-2134.235107,-746.933350,-2881.168457,58.695328,0,-0.000000,2796,1054,1439,1640,1536,657,170,125,115,110,105,0,3,0,
4.000000,-2082.266113,-838.555176,-2920.821289,58.806911,0,-0.000000,2759,1100,1472,1644,1545,695,170,125,115,110,105,0,3,-2145114248,
4.000000,-2083.711914,-837.989685,-2921.701660,58.894978,0,-0.000000,2752,1120,1474,1623,1540,717,170,125,115,110,105,0,3,1,
4.000000,-2132.780762,-748.716370,-2881.497070,59.118046,0,-0.000000,2742,1119,1463,1625,1544,725,170,125,115,110,105,0,3,0,
4.000000,-2134.287598,-748.042358,-2882.330078,59.329330,0,-0.000000,2721,1122,1458,1637,1557,720,170,125,115,110,105,0,3,0,
4.000000,-2132.780762,-748.716370,-2881.497070,59.409515,0,-0.000000,2757,1110,1468,1650,1551,688,170,125,115,110,105,0,3,0,
4.000000,-2082.363770,-835.562134,-2917.925781,59.402611,0,-0.000000,2702,1124,1466,1623,1527,718,170,125,115,110,105,0,3,-2145114248,
4.000000,-2081.076172,-835.425537,-2916.501709,59.431801,0,-0.000000,2696,1141,1470,1612,1533,734,170,125,115,110,105,0,3,1,
4.000000,-2132.080566,-747.142151,-2879.222656,59.478439,0,-0.000000,2675,1127,1451,1597,1532,740,170,125,115,110,105,0,3,0,
4.000000,-2130.257812,-747.957520,-2878.215332,59.493980,0,-0.000000,2648,1120,1449,1608,1535,743,170,125,115,110,105,0,3,0,
4.000000,-2132.080566,-747.142151,-2879.222656,59.569214,0,-0.000000,2706,1119,1468,1645,1548,719,170,125,115,110,105,0,3,0,
4.000000,-2077.583008,-831.834595,-2909.417480,59.465923,0,-0.000000,2620,1134,1464,1600,1500,718,170,125,115,110,105,0,3,-2145114248,
4.000000,-2077.194824,-831.288635,-2908.483398,59.363735,0,-0.000000,2609,1127,1454,1582,1503,735,170,125,115,110,105,0,3,1,
4.000000,-2126.169434,-745.425415,-2871.594727,59.343536,0,-0.000000,2589,1133,1439,1582,1514,744,170,125,115,110,105,0,3,0,
4.000000,-2125.240479,-745.840820,-2871.081299,59.266144,0,-0.000000,2577,1116,1434,1571,1504,750,170,125,115,110,105,0,3,0,
4.000000,-2126.169434,-745.425415,-2871.594727,59.255760,0,-0.000000,2631,1118,1450,1604,1526,724,170,125,115,110,105,0,3,0,
4.000000,-2078.730713,-828.144287,-2906.875000,59.055042,0,-0.000000,2556,1129,1437,1571,1497,736,170,125,115,110,105,0,3,-2145114248,
4.000000,-2077.750488,-829.061218,-2906.811768,58.910168,0,-0.000000,2570,1132,1427,1567,1499,748,170,125,115,110,105,0,3,1,
4.000000,-2125.337158,-745.256409,-2870.593506,58.770226,0,-0.000000,2548,1123,1423,1560,1503,758,170,125,115,110,105,0,3,0,
4.000000,-2124.716553,-745.534058,-2870.250488,58.703857,0,-0.000000,2524,1124,1435,1570,1499,759,170,125,115,110,105,0,3,0,
4.000000,-2125.337158,-745.256409,-2870.593506,58.621201,0,-0.000000,2562,1112,1437,1583,1509,727,170,125,115,110,105,0,3,0,
4.000000,-2076.400146,-826.899048,-2903.299316,58.488815,0,-0.000000,2528,1125,1430,1573,1477,733,170,125,115,110,105,0,3,-2145114248,
4.000000,-2073.658447,-828.015686,-2901.674072,58.266285,0,-0.000000,2541,1124,1429,1555,1486,754,170,125,115,110,105,0,3,1,
4.000000,-2123.218506,-743.634033,-2866.852539,58.088257,0,-0.000000,2513,1129,1416,1555,1497,766,170,125,115,110,105,0,3,0,
4.000000,-2120.394531,-744.897217,-2865.291748,57.944889,0,-0.000000,2512,1108,1421,1560,1504,753,170,125,115,110,105,0,3,0,
4.000000,-2123.218506,-743.634033,-2866.852539,57.782726,0,-0.000000,2533,1118,1423,1567,1498,748,170,125,115,110,105,0,3,0,
4.000000,-2076.120605,-826.145813,-2902.266357,57.554371,0,-0.000000,2514,1124,1428,1557,1483,750,170,125,115,110,105,0,3,-2145114248,
4.000000,-2076.085938,-826.207458,-2902.293457,57.287189,0,-0.000000,2515,1138,1428,1545,1483,764,170,125,115,110,105,0,3,1,
4.000000,-2122.102051,-744.369263,-2866.471191,57.078350,0,-0.000000,2511,1119,1413,1542,1483,767,170,125,115,110,105,0,3,0,
4.000000,-2122.102051,-744.369263,-2866.471191,56.951565,0,-0.000000,2490,1115,1415,1551,1499,759,170,125,115,110,105,0,3,0,
4.000000,-2122.102051,-744.369263,-2866.471191,56.838871,0,-0.000000,2507,1121,1433,1568,1492,743,170,125,115,110,105,0,3,0,
4.000000,-2074.168213,-825.850891,-2900.019043,56.588326,0,-0.000000,2504,1123,1422,1543,1480,750,170,125,115,110,105,0,3,-2145114248,
4.000000,-2075.703125,-825.635620,-2901.338867,56.332394,0,-0.000000,2504,1128,1413,1543,1474,761,170,125,115,110,105,0,3,1,
4.000000,-2119.979004,-744.378113,-2864.357178,56.065220,0,-0.000000,2485,1115,1412,1532,1471,767,170,125,115,110,105,0,3,0,
4.000000,-2121.867676,-743.533447,-2865.401123,55.861713,0,-0.000000,2482,1116,1412,1541,1487,760,170,125,115,110,105,0,3,0,
4.000000,-2119.979004,-744.378113,-2864.357178,55.696285,0,-0.000000,2493,1112,1417,1543,1485,747,170,125,115,110,105,0,3,0,
4.000000,-2073.033691,-824.923035,-2897.956787,55.466579,0,-0.000000,2485,1122,1431,1542,1471,753,170,125,115,110,105,0,3,-2145114248,
4.000000,-2073.747559,-825.338867,-2899.086426,55.181702,0,-0.000000,2494,1138,1414,1530,1467,761,170,125,115,110,105,0,3,1,
4.000000,-2118.712158,-743.685364,-2862.397461,54.942627,0,-0.000000,2479,1127,1402,1539,1472,769,170,125,115,110,105,0,3,0,
4.000000,-2119.978027,-743.119080,-2863.097168,54.704994,0,-0.000000,2481,1121,1401,1533,1480,763,170,125,115,110,105,0,3,0,
4.000000,-2118.712158,-743.685364,-2862.397461,54.514027,0,-0.000000,2488,1116,1419,1546,1467,753,170,125,115,110,105,0,3,0,
5.000000,-2073.257568,-823.680420,-2896.937988,54.120411,0,-0.000000,2464,1127,1406,1514,1467,752,170,125,115,110,105,0,3,-2145114248,
5.000000,-2073.631592,-823.859497,-2897.491211,53.698250,0,-0.000000,2468,1132,1403,1511,1465,762,170,125,115,110,105,0,3,1,
5.000000,-2118.434082,-743.335693,-2861.769775,53.315060,0,-0.000000,2460,1125,1390,1508,1464,759,170,125,115,110,105,0,3,0,
5.000000,-2119.068359,-743.052124,-2862.120605,52.998756,0,-0.000000,2459,1118,1396,1521,1476,762,170,125,115,110,105,0,3,0,
5.000000,-2118.434082,-743.335693,-2861.769775,52.732994,0,-0.000000,2473,1115,1411,1539,1481,748,170,125,115,110,105,0,3,0,
5.000000,-2071.284180,-823.376953,-2894.661133,52.408283,0,-0.000000,2454,1118,1415,1524,1460,754,170,125,115,110,105,0,3,-2145114248,
5.000000,-2072.320557,-823.231628,-2895.552246,51.971680,0,-0.000000,2454,1139,1402,1502,1456,758,170,125,115,110,105,0,3,1,
5.000000,-2116.523193,-742.921265,-2859.444336,51.560287,0,-0.000000,2463,1125,1399,1509,1465,768,170,125,115,110,105,0,3,0,
5.000000,-2117.798340,-742.350769,-2860.149170,51.216927,0,-0.000000,2457,1120,1401,1518,1469,762,170,125,115,110,105,0,3,0,
5.000000,-2116.523193,-742.921265,-2859.444336,50.922791,0,-0.000000,2446,1123,1405,1526,1466,752,170,125,115,110,105,0,3,0,
5.000000,-2071.166748,-823.160645,-2894.327393,50.525551,0,-0.000000,2450,1125,1404,1511,1455,751,170,125,115,110,105,0,3,-2145114248,
5.000000,-2070.670410,-824.043396,-2894.713867,49.987171,0,-0.000000,2464,1124,1394,1502,1455,770,170,125,115,110,105,0,3,1,
5.000000,-2116.562500,-742.426086,-2858.988525,49.558350,0,-0.000000,2457,1115,1392,1505,1465,766,170,125,115,110,105,0,3,0,
5.000000,-2116.562500,-742.426086,-2858.988525,49.155205,0,-0.000000,2444,1108,1394,1508,1470,761,170,125,115,110,105,0,3,0,
5.000000,-2116.562500,-742.426086,-2858.988525,48.760433,0,-0.000000,2453,1118,1394,1518,1466,757,170,125,115,110,105,0,3,0,
5.000000,-2073.229004,-822.462952,-2895.691895,48.363644,0,-0.000000,2443,1125,1400,1513,1462,758,170,125,115,110,105,0,3,-2145114248,
5.000000,-2072.908691,-823.032654,-2895.941406,47.906288,0,-0.000000,2452,1128,1397,1505,1462,764,170,125,115,110,105,0,3,1,
5.000000,-2117.957275,-742.915466,-2860.872803,47.459240,0,-0.000000,2461,1122,1389,1499,1467,762,170,125,115,110,105,0,3,0,
5.000000,-2117.957275,-742.915466,-2860.872803,47.057129,0,-0.000000,2454,1114,1393,1515,1475,767,170,125,115,110,105,0,3,0,
5.000000,-2117.957275,-742.915466,-2860.872803,46.681393,0,-0.000000,2453,1120,1400,1521,1468,755,170,125,115,110,105,0,3,0,
5.000000,-2071.497559,-822.997681,-2894.495117,46.232819,0,-0.000000,2448,1128,1399,1508,1453,747,170,125,115,110,105,0,3,-2145114248,
5.000000,-2070.576172,-823.359863,-2893.936035,45.790470,0,-0.000000,2452,1133,1406,1502,1456,760,170,125,115,110,105,0,3,1,
5.000000,-2116.941895,-742.176697,-2859.118652,45.390549,0,-0.000000,2461,1117,1374,1508,1477,770,170,125,115,110,105,0,3,0,
5.000000,-2115.982910,-742.605469,-2858.588379,45.058815,0,-0.000000,2450,1119,1391,1517,1482,767,170,125,115,110,105,0,3,0,
5.000000,-2116.941895,-742.176697,-2859.118652,44.647297,0,-0.000000,2440,1107,1393,1519,1475,758,170,125,115,110,105,0,3,0,
5.000000,-2073.166992,-822.996399,-2896.163330,44.191521,0,-0.000000,2452,1126,1404,1514,1468,754,170,125,115,110,105,0,3,-2145114248,
5.000000,-2073.818604,-823.948975,-2897.767578,43.726181,0,-0.000000,2470,1132,1388,1499,1463,756,170,125,115,110,105,0,3,1,
5.000000,-2117.858643,-743.513794,-2861.372559,43.311413,0,-0.000000,2463,1124,1391,1507,1471,769,170,125,115,110,105,0,3,0,
5.000000,-2119.444580,-742.804382,-2862.249023,43.006031,0,-0.000000,2463,1121,1395,1533,1480,758,170,125,115,110,105,0,3,0,
5.000000,-2117.858643,-743.513794,-2861.372559,42.531887,0,-0.000000,2451,1119,1406,1514,1460,762,170,125,115,110,105,0,3,0,
5.000000,-2073.677734,-824.199463,-2897.877197,42.073288,0,-0.000000,2474,1127,1416,1515,1459,748,170,125,115,110,105,0,3,-2145114248,
5.000000,-2071.495605,-824.274719,-2895.770264,41.751968,0,-0.000000,2470,1129,1408,1520,1468,762,170,125,115,110,105,0,3,1,
5.000000,-2119.683105,-742.380127,-2862.063232,41.432335,0,-0.000000,2494,1124,1387,1514,1470,755,170,125,115,110,105,0,3,0,
5.000000,-2116.824463,-743.658752,-2860.483154,41.112988,0,-0.000000,2483,1127,1397,1527,1486,755,170,125,115,110,105,0,3,0,
5.000000,-2119.683105,-742.380127,-2862.063232,40.740753,0,-0.000000,2468,1118,1410,1524,1465,754,170,125,115,110,105,0,3,0,
5.000000,-2075.554932,-824.224365,-2899.779297,40.381477,0,-0.000000,2479,1126,1414,1534,1467,753,170,125,115,110,105,0,3,-2145114248,
5.000000,-2072.544189,-825.793457,-2898.337646,40.018719,0,-0.000000,2499,1135,1405,1504,1476,755,170,125,115,110,105,0,3,1,
5.000000,-2121.259766,-742.939392,-2864.199219,39.669662,0,-0.000000,2502,1124,1398,1528,1489,769,170,125,115,110,105,0,3,0,
5.000000,-2118.416504,-744.211121,-2862.627686,39.318550,0,-0.000000,2508,1122,1411,1534,1488,754,170,125,115,110,105,0,3,0,
5.000000,-2121.259766,-742.939392,-2864.199219,38.973343,0,-0.000000,2476,1121,1407,1530,1483,744,170,125,115,110,105,0,3,0,
5.000000,-2076.791992,-825.368713,-2902.160645,38.651569,0,-0.000000,2502,1131,1421,1537,1484,755,170,125,115,110,105,0,3,-2145114248,
5.000000,-2076.305908,-826.233276,-2902.539062,38.330826,0,-0.000000,2516,1139,1416,1517,1484,751,170,125,115,110,105,0,3,1,
5.000000,-2122.297852,-744.437988,-2866.735840,38.009079,0,-0.000000,2524,1128,1411,1530,1495,763,170,125,115,110,105,0,3,0,
5.000000,-2122.297852,-744.437988,-2866.735840,37.709003,0,-0.000000,2530,1130,1416,1545,1497,750,170,125,115,110,105,0,3,0,
5.000000,-2122.297852,-744.437988,-2866.735840,37.239239,0,-0.000000,2504,1112,1411,1531,1488,759,170,125,115,110,105,0,3,0,
5.000000,-2078.153076,-827.104187,-2905.257324,36.797306,0,-0.000000,2536,1136,1427,1541,1490,760,170,125,115,110,105,0,3,-2145114248,
5.000000,-2076.729248,-827.977539,-2904.706787,36.510326,0,-0.000000,2548,1141,1426,1547,1494,760,170,125,115,110,105,0,3,1,
5.000000,-2124.483398,-744.707336,-2869.190674,36.200203,0,-0.000000,2555,1133,1420,1543,1501,770,170,125,115,110,105,0,3,0,
5.000000,-2123.237305,-745.264709,-2868.501953,35.870907,0,-0.000000,2554,1129,1423,1552,1508,755,170,125,115,110,105,0,3,0,
5.000000,-2124.483398,-744.707336,-2869.190674,35.543808,0,-0.000000,2523,1128,1432,1553,1494,755,170,125,115,110,105,0,3,0,
5.000000,-2079.601318,-828.245239,-2907.846680,35.232925,0,-0.000000,2560,1138,1434,1562,1491,757,170,125,115,110,105,0,3,-2145114248,
5.000000,-2076.098145,-829.514954,-2905.613037,34.882751,0,-0.000000,2574,1145,1426,1542,1503,757,170,125,115,110,105,0,3,1,
5.000000,-2126.693848,-744.492981,-2871.186768,34.615578,0,-0.000000,2583,1139,1432,1567,1507,770,170,125,115,110,105,0,3,0,
5.000000,-2122.967041,-746.159729,-2869.126709,34.375244,0,-0.000000,2572,1126,1436,1565,1523,755,170,125,115,110,105,0,3,0,
5.000000,-2126.693848,-744.492981,-2871.186768,34.042583,0,-0.000000,2546,1128,1427,1559,1506,755,170,125,115,110,105,0,3,0,
5.000000,-2080.610840,-829.324829,-2909.935547,33.685928,0,-0.000000,2582,1147,1448,1556,1505,754,170,125,115,110,105,0,3,-2145114248,
5.000000,-2079.122314,-829.919983,-2909.042236,33.373322,0,-0.000000,2589,1152,1433,1560,1510,761,170,125,115,110,105,0,3,1,
5.000000,-2127.634521,-745.694824,-2873.329346,33.050774,0,-0.000000,2611,1141,1432,1560,1515,764,170,125,115,110,105,0,3,0,
5.000000,-2126.093018,-746.384338,-2872.477295,32.803062,0,-0.000000,2601,1132,1436,1570,1521,766,170,125,115,110,105,0,3,0,
5.000000,-2127.634521,-745.694824,-2873.329346,32.600681,0,-0.000000,2582,1140,1444,1583,1509,748,170,125,115,110,105,0,3,0,
5.000000,-2084.555176,-830.856506,-2915.411621,32.340744,0,-0.000000,2620,1159,1457,1577,1514,759,170,125,115,110,105,0,3,-2145114248,
5.000000,-2080.104980,-831.861511,-2911.966553,32.098125,0,-0.000000,2627,1160,1460,1568,1531,769,170,125,115,110,105,0,3,1,
5.000000,-2132.332520,-745.886597,-2878.219238,31.917873,0,-0.000000,2630,1150,1455,1583,1539,770,170,125,115,110,105,0,3,0,
5.000000,-2127.141846,-748.208313,-2875.350098,31.740826,0,-0.000000,2636,1151,1461,1591,1544,761,170,125,115,110,105,0,3,0,
5.000000,-2132.332520,-745.886597,-2878.219238,31.491110,0,-0.000000,2608,1147,1447,1579,1525,755,170,125,115,110,105,0,3,0,
5.000000,-2091.335938,-832.389160,-2923.725098,31.317009,0,-0.000000,2666,1175,1479,1601,1543,769,170,125,115,110,105,0,3,-2145114248,
5.000000,-2085.434814,-834.124268,-2919.559082,31.136600,0,-0.000000,2683,1186,1480,1603,1565,791,170,125,115,110,105,0,3,1,
5.000000,-2138.976562,-747.662415,-2886.638916,31.052176,0,-0.000000,2699,1182,1473,1615,1571,787,170,125,115,110,105,0,3,0,
5.000000,-2132.395508,-750.605957,-2883.001465,30.965738,0,-0.000000,2693,1180,1502,1639,1585,803,170,125,115,110,105,0,3,0,
5.000000,-2138.976562,-747.662415,-2886.638916,30.779072,0,-0.000000,2651,1156,1471,1602,1548,762,170,125,115,110,105,0,3,0,
5.000000,-2095.575928,-834.656128,-2930.231934,30.663849,0,-0.000000,2720,1196,1505,1647,1572,795,170,125,115,110,105,0,3,-2145114248,
5.000000,-2091.371094,-835.088562,-2926.459717,30.580559,0,-0.000000,2717,1199,1509,1649,1590,820,170,125,115,110,105,0,3,1,
5.000000,-2143.341309,-749.707336,-2893.048584,30.503876,0,-0.000000,2747,1203,1504,1647,1599,812,170,125,115,110,105,0,3,0,
5.000000,-2138.048584,-752.074768,-2890.123291,30.536983,0,-0.000000,2744,1199,1503,1669,1623,819,170,125,115,110,105,0,3,0,
5.000000,-2143.341309,-749.707336,-2893.048584,30.439817,0,-0.000000,2705,1181,1503,1639,1581,788,170,125,115,110,105,0,3,0,
5.000000,-2102.253418,-835.492249,-2937.745605,30.430912,0,-0.000000,2754,1227,1540,1677,1604,820,170,125,115,110,105,0,3,-2145114248,
5.000000,-2096.986328,-837.572266,-2934.558594,30.393187,0,-0.000000,2780,1215,1528,1673,1623,841,170,125,115,110,105,0,3,1,
5.000000,-2149.345215,-751.740967,-2901.086182,30.455402,0,-0.000000,2783,1228,1531,1686,1645,837,170,125,115,110,105,0,3,0,
5.000000,-2143.870850,-754.189636,-2898.060547,30.483522,0,-0.000000,2769,1204,1534,1693,1650,840,170,125,115,110,105,0,3,0,
5.000000,-2149.345215,-751.740967,-2901.086182,30.421194,0,-0.000000,2738,1198,1531,1676,1619,821,170,125,115,110,105,0,3,0,
5.000000,-2105.852051,-835.917175,-2941.769287,30.381008,0,-0.000000,2772,1256,1562,1698,1632,838,170,125,115,110,105,0,3,-2145114248,
5.000000,-2103.086182,-837.433350,-2940.519531,30.383308,0,-0.000000,2794,1252,1552,1701,1641,874,170,125,115,110,105,0,3,1,
5.000000,-2152.003906,-753.837830,-2905.841797,30.405449,0,-0.000000,2797,1225,1545,1700,1657,872,170,125,115,110,105,0,3,0,
5.000000,-2149.447266,-754.981323,-2904.428711,30.531088,0,-0.000000,2771,1227,1551,1731,1671,850,170,125,115,110,105,0,3,0,
5.000000,-2152.003906,-753.837830,-2905.841797,30.667332,0,-0.000000,2754,1226,1560,1722,1639,829,170,125,115,110,105,0,3,0,
5.000000,-2102.560303,-835.708130,-2938.268555,30.743076,0,-0.000000,2759,1238,1577,1701,1629,841,170,125,115,110,105,0,3,-2145114248,
5.000000,-2103.299805,-835.914429,-2939.214355,30.780928,0,-0.000000,2765,1255,1551,1679,1625,862,170,125,115,110,105,0,3,1,
5.000000,-2148.462891,-754.072021,-2902.534912,30.888401,0,-0.000000,2753,1234,1529,1678,1637,851,170,125,115,110,105,0,3,0,
5.000000,-2149.605713,-753.560730,-2903.166504,31.008862,0,-0.000000,2725,1211,1521,1696,1635,838,170,125,115,110,105,0,3,0,
5.000000,-2148.462891,-754.072021,-2902.534912,31.137253,0,-0.000000,2753,1228,1561,1740,1641,839,170,125,115,110,105,0,3,0,
5.000000,-2101.692871,-831.896606,-2933.589355,31.240694,0,-0.000000,2684,1214,1534,1669,1575,830,170,125,115,110,105,0,3,-2145114248,
5.000000,-2093.058594,-833.267334,-2926.325928,31.233473,0,-0.000000,2687,1206,1519,1649,1611,855,170,125,115,110,105,0,3,1,
5.000000,-2148.131104,-749.307434,-2897.438477,31.290844,0,-0.000000,2700,1202,1484,1652,1608,855,170,125,115,110,105,0,3,0,
5.000000,-2137.625488,-754.006531,-2891.632080,31.435753,0,-0.000000,2651,1179,1488,1662,1614,823,170,125,115,110,105,0,3,0,
5.000000,-2148.131104,-749.307434,-2897.438477,31.551043,0,-0.000000,2704,1208,1533,1683,1611,829,170,125,115,110,105,0,3,0,
6.000000,-2088.638916,-830.827332,-2919.466309,31.575947,0,-0.000000,2630,1202,1487,1623,1550,811,170,125,115,110,105,0,3,-2145114248,
6.000000,-2089.015137,-830.557251,-2919.572266,31.561703,0,-0.000000,2626,1200,1454,1590,1549,812,170,125,115,110,105,0,3,1,
6.000000,-2134.700684,-748.908142,-2883.608887,31.471552,0,-0.000000,2627,1167,1423,1595,1560,829,170,125,115,110,105,0,3,0,
6.000000,-2135.000488,-748.773926,-2883.774414,31.549673,0,-0.000000,2589,1119,1429,1601,1558,803,170,125,115,110,105,0,3,0,
6.000000,-2134.700684,-748.908142,-2883.608887,31.679585,0,-0.000000,2637,1181,1502,1654,1569,810,170,125,115,110,105,0,3,0,
6.000000,-2082.854492,-827.788818,-2910.643311,31.835794,0,-0.000000,2560,1141,1450,1572,1514,760,170,125,115,110,105,0,3,-2145114248,
6.000000,-2082.423828,-827.737732,-2910.161621,31.879641,0,-0.000000,2558,1151,1401,1551,1516,785,170,125,115,110,105,0,3,1,
6.000000,-2128.613281,-746.408386,-2875.021729,31.796352,0,-0.000000,2577,1100,1397,1543,1517,796,170,125,115,110,105,0,3,0,
6.000000,-2127.999512,-746.682861,-2874.682373,31.929956,0,-0.000000,2539,1088,1388,1574,1524,775,170,125,115,110,105,0,3,0,
6.000000,-2128.613281,-746.408386,-2875.021729,32.011623,0,-0.000000,2556,1136,1442,1601,1551,779,170,125,115,110,105,0,3,0,
6.000000,-2076.595215,-826.135986,-2902.731201,32.045929,0,-0.000000,2515,1128,1412,1552,1502,768,170,125,115,110,105,0,3,-2145114248,
6.000000,-2080.445801,-826.331543,-2906.777344,32.048004,0,-0.000000,2528,1127,1390,1531,1485,777,170,125,115,110,105,0,3,1,
6.000000,-2121.502197,-746.270264,-2867.772461,32.032749,0,-0.000000,2526,1094,1369,1536,1511,795,170,125,115,110,105,0,3,0,
6.000000,-2126.793457,-743.903564,-2870.697021,32.139870,0,-0.000000,2495,1080,1367,1541,1504,759,170,125,115,110,105,0,3,0,
6.000000,-2121.502197,-746.270264,-2867.772461,32.177357,0,-0.000000,2516,1109,1425,1560,1514,769,170,125,115,110,105,0,3,0,
6.000000,-2074.121094,-825.515076,-2899.636230,32.195442,0,-0.000000,2498,1113,1397,1534,1486,766,170,125,115,110,105,0,3,-2145114248,
6.000000,-2076.745361,-826.284973,-2903.030273,32.212791,0,-0.000000,2518,1122,1380,1522,1473,780,170,125,115,110,105,0,3,1,
6.000000,-2119.370361,-745.040955,-2864.411377,32.130699,0,-0.000000,2528,1081,1354,1519,1502,788,170,125,115,110,105,0,3,0,
6.000000,-2123.454834,-743.213989,-2866.668945,32.328342,0,-0.000000,2491,1067,1371,1548,1528,753,170,125,115,110,105,0,3,0,
6.000000,-2119.370361,-745.040955,-2864.411377,32.542763,0,-0.000000,2481,1085,1392,1564,1511,750,170,125,115,110,105,0,3,0,
6.000000,-2077.265869,-825.359253,-2902.625000,32.608643,0,-0.000000,2503,1113,1418,1541,1474,762,170,125,115,110,105,0,3,-2145114248,
6.000000,-2073.440674,-827.144836,-2900.585449,32.571411,0,-0.000000,2525,1117,1377,1511,1486,767,170,125,115,110,105,0,3,1,
6.000000,-2123.395752,-743.319031,-2866.714844,32.707603,0,-0.000000,2519,1111,1374,1543,1508,776,170,125,115,110,105,0,3,0,
6.000000,-2119.626709,-745.004944,-2864.631592,32.887989,0,-0.000000,2513,1085,1389,1570,1507,777,170,125,115,110,105,0,3,0,
6.000000,-2123.395752,-743.319031,-2866.714844,33.040958,0,-0.000000,2470,1073,1384,1553,1508,751,170,125,115,110,105,0,3,0,
6.000000,-2081.695068,-824.109375,-2905.804443,33.259525,0,-0.000000,2492,1097,1419,1562,1487,746,170,125,115,110,105,0,3,-2145114248,
6.000000,-2077.103516,-826.064697,-2903.168213,33.307186,0,-0.000000,2515,1117,1399,1546,1502,792,170,125,115,110,105,0,3,1,
6.000000,-2126.676270,-744.112061,-2870.788330,33.453743,0,-0.000000,2532,1096,1388,1547,1511,771,170,125,115,110,105,0,3,0,
6.000000,-2122.010498,-746.198975,-2868.209473,33.662529,0,-0.000000,2522,1092,1394,1577,1524,769,170,125,115,110,105,0,3,0,
6.000000,-2126.676270,-744.112061,-2870.788330,33.941437,0,-0.000000,2497,1098,1414,1580,1493,735,170,125,115,110,105,0,3,0,
6.000000,-2081.618408,-823.833557,-2905.451904,34.133606,0,-0.000000,2487,1106,1425,1548,1473,736,170,125,115,110,105,0,3,756,
6.000000,-2073.081055,-827.364746,-2900.445801,34.155121,0,-0.000000,2528,1115,1400,1535,1501,784,170,125,115,110,105,0,3,757,
6.000000,-2127.248779,-742.681763,-2869.930664,34.209599,0,-0.000000,2527,1087,1362,1538,1514,786,170,125,115,110,105,0,3,755,
6.000000,-2118.495117,-746.597046,-2865.092285,34.310112,0,-0.000000,2493,1073,1367,1549,1529,744,170,125,115,110,105,0,3,762,
6.000000,-2127.248779,-742.681763,-2869.930664,34.574520,0,-0.000000,2511,1106,1426,1571,1506,751,170,125,115,110,105,0,3,771,
6.000000,-2073.957275,-824.965698,-2898.922852,34.733044,0,-0.000000,2488,1102,1408,1529,1449,721,170,125,115,110,105,0,3,756,
6.000000,-2068.264893,-825.764160,-2894.029053,34.730572,0,-0.000000,2488,1096,1377,1518,1471,757,170,125,115,110,105,0,3,757,
6.000000,-2121.053467,-741.206360,-2862.259766,34.832008,0,-0.000000,2505,1077,1347,1528,1493,749,170,125,115,110,105,0,3,755,
6.000000,-2114.048828,-744.339600,-2858.388428,34.997211,0,-0.000000,2483,1061,1358,1550,1494,736,170,125,115,110,105,0,3,762,
6.000000,-2121.053467,-741.206360,-2862.259766,35.289921,0,-0.000000,2474,1071,1396,1579,1477,736,170,125,115,110,105,0,3,771,
6.000000,-2074.695801,-823.652344,-2898.348145,35.248493,0,-0.000000,2467,1087,1389,1516,1451,743,170,125,115,110,105,0,3,756,
6.000000,-2068.751221,-825.753296,-2894.504395,35.130135,0,-0.000000,2489,1084,1350,1495,1471,767,170,125,115,110,105,0,3,757,
6.000000,-2120.933594,-741.420044,-2862.353516,35.266335,0,-0.000000,2487,1065,1351,1524,1489,736,170,125,115,110,105,0,3,755,
6.000000,-2114.569824,-744.266479,-2858.836426,35.432083,0,-0.000000,2457,1060,1371,1543,1489,730,170,125,115,110,105,0,3,762,
6.000000,-2120.933594,-741.420044,-2862.353516,35.570248,0,-0.000000,2474,1079,1389,1544,1465,719,170,125,115,110,105,0,3,771,
6.000000,-2072.741699,-823.752869,-2896.494629,35.594364,0,-0.000000,2464,1095,1373,1517,1460,733,170,125,115,110,105,0,3,756,
6.000000,-2071.613525,-824.489136,-2896.102539,35.487984,0,-0.000000,2474,1090,1344,1493,1463,752,170,125,115,110,105,0,3,757,
6.000000,-2118.334717,-742.667114,-2861.001953,35.468204,0,-0.000000,2473,1067,1337,1505,1470,748,170,125,115,110,105,0,3,755,
6.000000,-2117.380615,-743.093811,-2860.474365,35.536354,0,-0.000000,2444,1048,1355,1529,1470,732,170,125,115,110,105,0,3,762,
6.000000,-2118.334717,-742.667114,-2861.001953,35.699535,0,-0.000000,2434,1060,1366,1522,1475,721,170,125,115,110,105,0,3,771,
6.000000,-2069.487549,-823.163025,-2892.650635,35.691940,0,-0.000000,2446,1089,1374,1492,1439,722,170,125,115,110,105,0,3,756,
6.000000,-2067.167969,-823.429993,-2890.597900,35.512421,0,-0.000000,2445,1102,1351,1490,1448,751,170,125,115,110,105,0,3,757,
6.000000,-2115.703857,-740.968567,-2856.672363,35.538906,0,-0.000000,2450,1075,1356,1512,1491,754,170,125,115,110,105,0,3,755,
6.000000,-2112.805664,-742.264893,-2855.070557,35.627289,0,-0.000000,2426,1063,1364,1528,1484,732,170,125,115,110,105,0,3,762,
6.000000,-2115.703857,-740.968567,-2856.672363,35.741848,0,-0.000000,2421,1062,1378,1532,1462,721,170,125,115,110,105,0,3,771,
6.000000,-2071.594727,-822.399780,-2893.994629,35.561100,0,-0.000000,2438,1106,1379,1495,1446,746,170,125,115,110,105,0,3,756,
6.000000,-2068.362061,-824.309326,-2892.671387,35.259327,0,-0.000000,2463,1112,1358,1477,1455,760,170,125,115,110,105,0,3,757,
6.000000,-2117.103027,-741.464783,-2858.567871,35.005291,0,-0.000000,2459,1075,1332,1503,1482,778,170,125,115,110,105,0,3,755,
6.000000,-2114.218506,-742.754944,-2856.973389,35.112255,0,-0.000000,2436,1069,1365,1540,1489,724,170,125,115,110,105,0,3,762,
6.000000,-2117.103027,-741.464783,-2858.567871,35.115810,0,-0.000000,2425,1081,1397,1518,1455,733,170,125,115,110,105,0,3,771,
6.000000,-2072.954102,-821.681335,-2894.635498,35.128639,0,-0.000000,2429,1098,1394,1507,1434,725,170,125,115,110,105,0,3,756,
6.000000,-2065.320312,-824.562073,-2889.882324,34.919670,0,-0.000000,2460,1094,1370,1504,1459,765,170,125,115,110,105,0,3,757,
6.000000,-2118.866211,-740.028137,-2858.894287,34.886284,0,-0.000000,2473,1077,1360,1512,1480,747,170,125,115,110,105,0,3,755,
6.000000,-2110.831543,-743.621948,-2854.453613,35.026028,0,-0.000000,2450,1073,1381,1544,1488,729,170,125,115,110,105,0,3,762,
6.000000,-2118.866211,-740.028137,-2858.894287,35.090607,0,-0.000000,2409,1065,1382,1540,1456,721,170,125,115,110,105,0,3,771,
6.000000,-2076.395264,-822.310547,-2898.705811,34.976837,0,-0.000000,2448,1098,1410,1504,1455,740,170,125,115,110,105,0,3,756,
6.000000,-2069.755859,-825.669678,-2895.425537,34.756153,0,-0.000000,2490,1103,1364,1507