1.000000,-2040.241577,-787.641357,-2827.882812,554.892029,0,-0.000000,1853,991,1181,1229,1260,787,170,125,115,110,105,0,3,-2145114248,
1.000000,-2041.945068,-786.087158,-2828.032227,605.403198,0,-0.000000,1836,984,1181,1233,1257,778,170,125,115,110,105,0,3,1,
1.000000,-2073.842529,-727.883423,-2801.726074,682.282104,0,-0.000000,1846,995,1187,1239,1252,765,170,125,115,110,105,0,3,0,
1.000000,-2074.950684,-727.387878,-2802.338623,644.756531,0,-0.000000,1844,997,1172,1227,1242,770,170,125,115,110,105,0,3,0,
1.000000,-2073.842529,-727.883423,-2801.726074,462.053833,0,-0.000000,1960,1018,1232,1310,1326,771,170,125,115,110,105,0,3,0,
1.000000,-2039.065918,-787.266235,-2826.332031,480.705017,0,-0.000000,1846,975,1170,1218,1248,773,170,125,115,110,105,0,3,-2145114248,
1.000000,-2038.520264,-786.256287,-2824.776611,533.538086,0,-0.000000,1832,972,1164,1228,1252,765,170,125,115,110,105,0,3,1,
1.000000,-2073.170898,-726.612061,-2799.782959,575.910522,0,-0.000000,1835,985,1187,1228,1243,755,170,125,115,110,105,0,3,0,
1.000000,-2071.683105,-727.277466,-2798.960449,583.834717,0,-0.000000,1834,977,1168,1215,1235,755,170,125,115,110,105,0,3,0,
1.000000,-2073.170898,-726.612061,-2799.782959,587.889038,0,-0.000000,1854,989,1175,1227,1251,772,170,125,115,110,105,0,3,0,
1.000000,-2037.003906,-786.469055,-2823.472900,592.192505,0,-0.000000,1832,974,1161,1213,1238,759,170,125,115,110,105,0,3,-2145114248,
1.000000,-2035.767212,-786.174316,-2821.941406,624.389221,0,-0.000000,1826,968,1161,1214,1243,752,170,125,115,110,105,0,3,1,
1.000000,-2071.146240,-725.747864,-2796.894043,618.547241,0,-0.000000,1840,979,1173,1216,1230,756,170,125,115,110,105,0,3,0,
1.000000,-2069.272705,-726.585938,-2795.858643,617.163940,0,-0.000000,1843,992,1169,1224,1230,752,170,125,115,110,105,0,3,0,
1.000000,-2071.146240,-725.747864,-2796.894043,610.530090,0,-0.000000,1841,978,1159,1214,1232,761,170,125,115,110,105,0,3,0,
1.000000,-2037.345703,-787.352844,-2824.698486,606.607788,0,-0.000000,1844,978,1170,1232,1247,774,170,125,115,110,105,0,3,-2145114248,
1.000000,-2037.601440,-787.394348,-2824.995850,603.124878,0,-0.000000,1845,989,1172,1226,1246,773,170,125,115,110,105,0,3,1,
1.000000,-2071.425781,-726.742432,-2798.168213,610.338928,0,-0.000000,1845,987,1177,1228,1249,765,170,125,115,110,105,0,3,0,
1.000000,-2071.798828,-726.575623,-2798.374512,614.740662,0,-0.000000,1840,988,1179,1232,1242,760,170,125,115,110,105,0,3,0,
1.000000,-2071.425781,-726.742432,-2798.168213,607.837830,0,-0.000000,1848,993,1174,1227,1238,771,170,125,115,110,105,0,3,0,
1.000000,-2040.401245,-787.849915,-2828.251221,602.491882,0,-0.000000,1856,995,1182,1235,1247,778,170,125,115,110,105,0,3,-2145114248,
1.000000,-2037.412842,-787.729919,-2825.142822,604.198730,0,-0.000000,1849,991,1177,1236,1258,779,170,125,115,110,105,0,3,1,
1.000000,-2075.046387,-726.234558,-2801.281006,604.339844,0,-0.000000,1857,999,1187,1244,1251,773,170,125,115,110,105,0,3,0,
1.000000,-2070.963867,-728.060608,-2799.024414,604.365051,0,-0.000000,1865,1008,1188,1249,1257,779,170,125,115,110,105,0,3,0,
1.000000,-2075.046387,-726.234558,-2801.281006,603.860657,0,-0.000000,1846,991,1177,1231,1240,763,170,125,115,110,105,0,3,0,
1.000000,-2039.259888,-789.387451,-2828.647461,611.394653,0,-0.000000,1874,1007,1190,1240,1260,772,170,125,115,110,105,0,3,-2145114248,
1.000000,-2040.113770,-789.343811,-2829.457520,614.007874,0,-0.000000,1875,998,1189,1248,1257,774,170,125,115,110,105,0,3,1,
1.000000,-2073.842529,-727.883423,-2801.726074,619.652954,0,-0.000000,1891,1002,1196,1246,1262,774,170,125,115,110,105,0,3,0,
1.000000,-2074.950684,-727.387878,-2802.338623,622.394958,0,-0.000000,1893,1008,1197,1244,1266,781,170,125,115,110,105,0,3,0,
1.000000,-2073.842529,-727.883423,-2801.726074,621.502563,0,-0.000000,1870,995,1191,1242,1254,776,170,125,115,110,105,0,3,0,
1.000000,-2045.107056,-792.621399,-2837.728516,648.408752,0,-0.000000,1928,1002,1204,1258,1278,775,170,125,115,110,105,0,3,-2145114248,
1.000000,-2041.787720,-795.144775,-2836.932617,2539.764648,0,-0.000000,1956,1004,1208,1267,1285,768,170,125,115,110,105,0,3,1,
1.000000,-2080.928711,-728.913757,-2809.842529,2650.326172,0,-0.000000,1980,1009,1215,1273,1288,772,170,125,115,110,105,0,3,0,
1.000000,-2078.389648,-730.049500,-2808.439209,2533.701904,0,-0.000000,2014,1024,1222,1277,1299,764,170,125,115,110,105,0,3,0,
1.000000,-2080.928711,-728.913757,-2809.842529,2482.672119,0,-0.000000,1904,1007,1200,1249,1260,772,170,125,115,110,105,0,3,0,
1.000000,-2049.185059,-802.466858,-2851.651855,2390.452148,0,-0.000000,2074,1021,1230,1285,1312,764,170,125,115,110,105,0,3,-2145114248,
1.000000,-2045.227417,-805.274963,-2850.502441,2312.501221,0,-0.000000,2107,1026,1239,1297,1321,760,170,125,115,110,105,0,3,1,
1.000000,-2089.078613,-731.517578,-2820.596191,2243.269775,0,-0.000000,2146,1017,1236,1308,1328,752,170,125,115,110,105,0,3,0,
1.000000,-2085.900635,-732.939026,-2818.839600,2178.643066,0,-0.000000,2180,1025,1248,1311,1336,750,170,125,115,110,105,0,3,0,
1.000000,-2089.078613,-731.517578,-2820.596191,2101.365479,0,-0.000000,2040,1022,1226,1280,1305,762,170,125,115,110,105,0,3,0,
1.000000,-2059.266357,-813.813965,-2873.080322,2046.647583,0,-0.000000,2268,1039,1271,1333,1366,741,170,125,115,110,105,0,3,-2145114248,
1.000000,-2052.148926,-817.924500,-2870.073486,1994.987671,0,-0.000000,2318,1049,1292,1343,1385,744,170,125,115,110,105,0,3,1,
1.000000,-2103.436035,-735.259705,-2838.695801,1946.428345,0,-0.000000,2351,1066,1299,1367,1405,751,170,125,115,110,105,0,3,0,
1.000000,-2097.014893,-738.131836,-2835.146729,1900.146240,0,-0.000000,2390,1061,1305,1384,1416,760,170,125,115,110,105,0,3,0,
1.000000,-2103.436035,-735.259705,-2838.695801,1853.659180,0,-0.000000,2227,1035,1258,1318,1356,746,170,125,115,110,105,0,3,0,
1.000000,-2071.945068,-823.051453,-2894.996582,1812.047363,0,-0.000000,2450,1076,1328,1400,1438,754,170,125,115,110,105,0,3,-2145114248,
1.000000,-2065.807617,-825.418945,-2891.226562,1772.347412,0,-0.000000,2476,1084,1331,1410,1458,761,170,125,115,110,105,0,3,1,
1.000000,-2118.364502,-740.496094,-2858.860596,1734.450195,0,-0.000000,2506,1092,1341,1423,1464,762,170,125,115,110,105,0,3,0,
1.000000,-2111.943604,-743.368042,-2855.311523,1698.214111,0,-0.000000,2545,1101,1346,1429,1471,758,170,125,115,110,105,0,3,0,
1.000000,-2118.364502,-740.496094,-2858.860596,1662.821411,0,-0.000000,2426,1075,1317,1385,1435,754,170,125,115,110,105,0,3,0,
1.000000,-2082.145264,-831.901001,-2914.046387,1629.855957,0,-0.000000,2633,1111,1369,1455,1496,747,170,125,115,110,105,0,3,-2145114248,
1.000000,-2073.490234,-836.224854,-2909.715088,1598.330200,0,-0.000000,2691,1118,1389,1472,1523,747,170,125,115,110,105,0,3,1,
1.000000,-2131.395264,-744.311218,-2875.706543,1568.139648,0,-0.000000,2785,1134,1411,1498,1544,746,170,125,115,110,105,0,3,0,
1.000000,-2123.080566,-748.030457,-2871.111084,1539.275269,0,-0.000000,2910,1149,1461,1534,1592,745,170,125,115,110,105,0,3,0,
1.000000,-2131.395264,-744.311218,-2875.706543,1510.774170,0,-0.000000,2575,1107,1363,1437,1480,749,170,125,115,110,105,0,3,0,
1.000000,-2118.770020,-852.031067,-2970.801025,1484.404907,0,-0.000000,3143,1200,1538,1627,1707,730,170,125,115,110,105,0,3,-2145114248,
1.000000,-2110.249023,-852.498230,-2962.747314,1459.140625,0,-0.000000,3127,1195,1523,1663,1748,722,170,125,115,110,105,0,3,1,
1.000000,-2171.950439,-757.451843,-2929.402344,1434.803467,0,-0.000000,2903,1146,1438,1632,1707,717,170,125,115,110,105,0,3,0,
1.000000,-2160.916748,-762.387146,-2923.303955,1411.007690,0,-0.000000,2651,1098,1334,1530,1550,723,170,125,115,110,105,0,3,0,
1.000000,-2171.950439,-757.451843,-2929.402344,1387.823120,0,-0.000000,3043,1186,1502,1568,1635,733,170,125,115,110,105,0,3,0,
1.000000,-2055.460449,-816.099060,-2871.559570,1363.226440,0,-0.000000,2296,1064,1295,1377,1364,750,170,125,115,110,105,0,3,-2145114248,
1.000000,-2052.236816,-816.861694,-2869.098633,1339.446655,0,-0.000000,2301,1074,1296,1382,1375,758,170,125,115,110,105,0,3,1,
1.000000,-2100.826660,-735.416626,-2836.243164,1316.898804,0,-0.000000,2326,1071,1308,1388,1378,747,170,125,115,110,105,0,3,0,
1.000000,-2097.092773,-737.086731,-2834.179443,1295.419312,0,-0.000000,2532,1102,1423,1395,1410,723,170,125,115,110,105,0,3,0,
1.000000,-2100.826660,-735.416626,-2836.243164,1275.017212,0,-0.000000,2324,1055,1299,1411,1411,746,170,125,115,110,105,0,3,0,
1.000000,-2121.195312,-859.638672,-2980.833984,1256.396484,0,-0.000000,3323,1227,1574,1702,1788,715,170,125,115,110,105,0,3,-2145114248,
1.000000,-2123.281738,-858.008362,-2981.290039,1238.285522,0,-0.000000,3292,1222,1559,1698,1782,737,170,125,115,110,105,0,3,1,
1.000000,-2175.188477,-763.613892,-2938.802246,1220.708252,0,-0.000000,3101,1203,1526,1684,1750,761,170,125,115,110,105,0,3,0,
1.000000,-2176.750977,-762.914978,-2939.666016,1203.631592,0,-0.000000,2852,1167,1449,1650,1695,780,170,125,115,110,105,0,3,0,
1.000000,-2175.188477,-763.613892,-2938.802246,1186.714355,0,-0.000000,3136,1195,1551,1570,1650,723,170,125,115,110,105,0,3,0,
1.000000,-2077.157959,-834.645569,-2911.803467,1170.284668,0,-0.000000,2671,1107,1397,1536,1567,759,170,125,115,110,105,0,3,-2145114248,
1.000000,-2095.762695,-825.307373,-2921.070068,1154.145874,0,-0.000000,2548,1094,1347,1484,1508,747,170,125,115,110,105,0,3,1,
1.000000,-2123.617188,-752.019775,-2875.636963,1138.065308,0,-0.000000,2455,1086,1332,1443,1473,761,170,125,115,110,105,0,3,0,
1.000000,-2141.458008,-744.039734,-2885.497803,1122.041992,0,-0.000000,2355,1083,1319,1412,1439,768,170,125,115,110,105,0,3,0,
1.000000,-2123.617188,-752.019775,-2875.636963,1107.321411,0,-0.000000,2701,1145,1428,1555,1598,784,170,125,115,110,105,0,3,0,
1.000000,-2063.064941,-812.839905,-2875.904785,1091.582642,0,-0.000000,2261,1060,1300,1381,1405,771,170,125,115,110,105,0,3,-2145114248,
1.000000,-2065.959229,-810.783264,-2876.742432,1076.089233,0,-0.000000,2235,1057,1279,1368,1398,769,170,125,115,110,105,0,3,1,
1.000000,-2104.512939,-739.126038,-2843.638916,1060.680908,0,-0.000000,2240,1059,1288,1363,1388,769,170,125,115,110,105,0,3,0,
1.000000,-2106.834717,-738.087463,-2844.922119,1045.520874,0,-0.000000,2240,1064,1291,1361,1387,771,170,125,115,110,105,0,3,0,
1.000000,-2104.512939,-739.126038,-2843.638916,1031.609009,0,-0.000000,2301,1068,1305,1396,1423,772,170,125,115,110,105,0,3,0,
1.000000,-2062.794189,-812.435425,-2875.229492,1017.470032,0,-0.000000,2254,1065,1301,1372,1392,770,170,125,115,110,105,0,3,-2145114248,
1.000000,-2061.748779,-812.518677,-2874.267578,1003.699646,0,-0.000000,2253,1065,1293,1376,1396,774,170,125,115,110,105,0,3,1,
1.000000,-2104.782227,-737.761719,-2842.543945,990.350464,0,-0.000000,2273,1069,1302,1369,1405,769,170,125,115,110,105,0,3,0,
1.000000,-2103.447998,-738.358276,-2841.806152,977.287537,0,-0.000000,2305,1069,1308,1380,1407,773,170,125,115,110,105,0,3,0,
1.000000,-2104.782227,-737.761719,-2842.543945,964.171387,0,-0.000000,2243,1069,1292,1360,1400,778,170,125,115,110,105,0,3,0,
1.000000,-2072.755859,-817.777649,-2890.533447,952.195618,0,-0.000000,2363,1078,1332,1408,1425,770,170,125,115,110,105,0,3,-2145114248,
1.000000,-2064.586670,-821.971130,-2886.557861,940.595825,0,-0.000000,2414,1085,1341,1413,1449,771,170,125,115,110,105,0,3,1,
1.000000,-2116.816406,-739.417175,-2856.233643,929.513184,0,-0.000000,2464,1098,1353,1433,1465,765,170,125,115,110,105,0,3,0,
1.000000,-2109.052490,-742.889954,-2851.942383,918.648071,0,-0.000000,2551,1108,1370,1441,1480,766,170,125,115,110,105,0,3,0,
1.000000,-2116.816406,-739.417175,-2856.233643,907.441162,0,-0.000000,2326,1070,1320,1383,1422,772,170,125,115,110,105,0,3,0,
1.000000,-2093.813965,-837.399841,-2931.213867,897.538208,0,-0.000000,2768,1129,1426,1515,1556,751,170,125,115,110,105,0,3,-2145114248,
1.000000,-2082.703857,-844.172668,-2926.876465,887.970215,0,-0.000000,2871,1145,1460,1544,1589,740,170,125,115,110,105,0,3,1,
1.000000,-2143.994629,-748.155579,-2892.150146,878.727356,0,-0.000000,2988,1164,1484,1591,1632,737,170,125,115,110,105,0,3,0,
1.000000,-2134.238770,-752.519348,-2886.758057,869.728088,0,-0.000000,3090,1181,1509,1614,1666,728,170,125,115,110,105,0,3,0,
1.000000,-2143.994629,-748.155579,-2892.150146,860.423584,0,-0.000000,2648,1116,1397,1475,1511,760,170,125,115,110,105,0,3,0,
2.000000,-2120.366455,-858.677185,-2979.043701,851.906982,0,-0.000000,3298,1204,1564,1684,1748,719,170,125,115,110,105,0,3,-2145114248,
2.000000,-2112.102295,-863.889404,-2975.991699,843.595398,0,-0.000000,3393,1224,1585,1719,1775,723,170,125,115,110,105,0,3,1,
2.000000,-2175.672852,-760.317017,-2935.989746,835.466187,0,-0.000000,3451,1231,1591,1733,1793,719,170,125,115,110,105,0,3,0,
2.000000,-2168.547363,-763.504150,-2932.051514,827.507202,0,-0.000000,3482,1232,1600,1746,1800,724,170,125,115,110,105,0,3,0,
2.000000,-2175.672852,-760.317017,-2935.989746,819.611694,0,-0.000000,3197,1191,1532,1647,1702,722,170,125,115,110,105,0,3,0,
2.000000,-2114.168213,-866.555115,-2980.723389,814.520630,0,-0.000000,3464,1229,1579,1737,1787,729,170,125,115,110,105,0,3,-2145114248,
2.000000,-2119.188477,-864.941589,-2984.130127,808.412598,0,-0.000000,3442,1222,1570,1727,1766,726,170,125,115,110,105,0,3,1,
2.000000,-2171.830078,-764.005249,-2935.835449,800.500122,0,-0.000000,3393,1211,1551,1711,1750,719,170,125,115,110,105,0,3,0,
2.000000,-2177.325439,-761.547241,-2938.872559,795.608032,0,-0.000000,3351,1205,1546,1704,1723,730,170,125,115,110,105,0,3,0,
2.000000,-2171.830078,-764.005249,-2935.835449,798.765198,0,-0.000000,3492,1234,1591,1742,1795,721,170,125,115,110,105,0,3,0,
2.000000,-2107.933350,-861.670776,-2969.604004,793.418823,0,-0.000000,3327,1202,1546,1680,1718,727,170,125,115,110,105,0,3,-2145114248,
2.000000,-2106.778320,-862.645508,-2969.423828,785.309448,0,-0.000000,3346,1203,1550,1681,1721,723,170,125,115,110,105,0,3,1,
2.000000,-2165.510254,-759.272034,-2924.782227,776.989990,0,-0.000000,3383,1215,1557,1698,1726,730,170,125,115,110,105,0,3,0,
2.000000,-2164.699463,-759.634827,-2924.334229,770.925293,0,-0.000000,3436,1220,1568,1712,1738,735,170,125,115,110,105,0,3,0,
2.000000,-2165.510254,-759.272034,-2924.782227,765.092957,0,-0.000000,3323,1194,1536,1682,1714,720,170,125,115,110,105,0,3,0,
2.000000,-2119.225342,-871.420776,-2990.645996,759.175598,0,-0.000000,3602,1253,1614,1743,1783,723,170,125,115,110,105,0,3,-2145114248,
2.000000,-2112.186523,-876.007629,-2988.194092,749.870789,0,-0.000000,3694,1261,1634,1780,1806,717,170,125,115,110,105,0,3,1,
2.000000,-2180.486084,-762.471069,-2942.957031,744.903259,0,-0.000000,3758,1263,1655,1810,1822,712,170,125,115,110,105,0,3,0,
2.000000,-2174.527832,-765.136169,-2939.664062,739.463684,0,-0.000000,3740,1262,1633,1827,1829,707,170,125,115,110,105,0,3,0,
2.000000,-2180.486084,-762.471069,-2942.957031,734.725159,0,-0.000000,3509,1235,1588,1732,1744,726,170,125,115,110,105,0,3,0,
2.000000,-2099.178955,-869.643188,-2968.822266,729.766724,0,-0.000000,3488,1211,1576,1763,1739,715,170,125,115,110,105,0,3,-2145114248,
2.000000,-2110.615723,-863.338745,-2973.954590,724.794617,0,-0.000000,3375,1193,1560,1731,1700,714,170,125,115,110,105,0,3,1,
2.000000,-2159.814453,-761.804932,-2921.619385,717.939941,0,-0.000000,3392,1204,1557,1726,1690,721,170,125,115,110,105,0,3,0,
2.000000,-2170.358398,-757.088806,-2927.447266,711.497925,0,-0.000000,3370,1193,1553,1733,1686,721,170,125,115,110,105,0,3,0,
2.000000,-2159.814453,-761.804932,-2921.619385,707.273438,0,-0.000000,3634,1225,1600,1798,1793,705,170,125,115,110,105,0,3,0,
2.000000,-2098.873047,-863.967712,-2962.840820,702.770081,0,-0.000000,3351,1191,1547,1717,1671,732,170,125,115,110,105,0,3,-2145114248,
2.000000,-2095.858887,-864.900696,-2960.759521,696.854980,0,-0.000000,3363,1190,1548,1728,1683,724,170,125,115,110,105,0,3,1,
2.000000,-2159.492920,-756.157471,-2915.650391,691.242432,0,-0.000000,3358,1197,1553,1716,1682,724,170,125,115,110,105,0,3,0,
2.000000,-2156.166504,-757.645386,-2913.812012,685.675293,0,-0.000000,3357,1182,1554,1722,1669,720,170,125,115,110,105,0,3,0,
2.000000,-2159.492920,-756.157471,-2915.650391,680.221680,0,-0.000000,3351,1188,1545,1719,1686,728,170,125,115,110,105,0,3,0,
2.000000,-2095.009766,-863.440918,-2958.450684,672.718506,0,-0.000000,3326,1180,1537,1723,1674,721,170,125,115,110,105,0,3,-2145114248,
2.000000,-2097.920166,-862.344543,-2960.264648,666.380859,0,-0.000000,3310,1184,1534,1718,1663,726,170,125,115,110,105,0,3,1,
2.000000,-2154.820801,-757.068970,-2911.889648,659.139404,0,-0.000000,3243,1174,1522,1702,1652,723,170,125,115,110,105,0,3,0,
2.000000,-2157.885498,-755.698181,-2913.583740,652.582642,0,-0.000000,3250,1174,1519,1689,1648,729,170,125,115,110,105,0,3,0,
2.000000,-2154.820801,-757.068970,-2911.889648,647.109680,0,-0.000000,3359,1193,1542,1727,1678,725,170,125,115,110,105,0,3,0,
2.000000,-2093.733887,-859.351807,-2953.085693,632.964233,0,-0.000000,3228,1167,1515,1671,1636,724,170,125,115,110,105,0,3,-2145114248,
2.000000,-2091.377930,-859.770569,-2951.148438,21.670692,0,-0.000000,3230,1172,1521,1681,1646,729,170,125,115,110,105,0,3,1,
2.000000,-2152.939941,-754.055908,-2906.995850,-39.788830,0,-0.000000,3212,1181,1523,1674,1643,725,170,125,115,110,105,0,3,0,
2.000000,-2150.106934,-755.322998,-2905.429932,-26.235212,0,-0.000000,3195,1172,1516,1666,1638,728,170,125,115,110,105,0,3,0,
2.000000,-2152.939941,-754.055908,-2906.995850,-33.275375,0,-0.000000,3227,1166,1506,1684,1634,727,170,125,115,110,105,0,3,0,
2.000000,-2095.823975,-858.260437,-2954.084473,-24.519867,0,-0.000000,3210,1176,1512,1662,1636,730,170,125,115,110,105,0,3,-2145114248,
2.000000,-2090.279297,-861.724854,-2952.004150,-19.177641,0,-0.000000,3271,1180,1532,1674,1653,722,170,125,115,110,105,0,3,1,
2.000000,-2154.542725,-753.830994,-2908.373779,-15.536144,0,-0.000000,3304,1185,1534,1708,1674,728,170,125,115,110,105,0,3,0,
2.000000,-2149.737305,-755.980469,-2905.717773,-12.311938,0,-0.000000,3209,1180,1503,1684,1654,723,170,125,115,110,105,0,3,0,
2.000000,-2154.542725,-753.830994,-2908.373779,-2.786876,0,-0.000000,3200,1181,1512,1667,1637,730,170,125,115,110,105,0,3,0,
2.000000,-2101.188965,-863.515015,-2964.704102,-0.934352,0,-0.000000,3348,1194,1548,1702,1682,726,170,125,115,110,105,0,3,-2145114248,
2.000000,-2098.830811,-863.675110,-2962.505859,0.753821,0,-0.000000,3344,1191,1556,1709,1693,721,170,125,115,110,105,0,3,1,
2.000000,-2161.159180,-756.860107,-2918.019287,2.169591,0,-0.000000,3386,1195,1547,1726,1697,716,170,125,115,110,105,0,3,0,
2.000000,-2158.128662,-758.215576,-2916.344238,3.546251,0,-0.000000,3301,1180,1530,1704,1685,713,170,125,115,110,105,0,3,0,
2.000000,-2161.159180,-756.860107,-2918.019287,5.835864,0,-0.000000,3198,1175,1533,1649,1639,723,170,125,115,110,105,0,3,0,
2.000000,-2095.021973,-857.436279,-2952.458252,6.855093,0,-0.000000,3189,1172,1502,1665,1649,724,170,125,115,110,105,0,3,-2145114248,
2.000000,-2095.946045,-856.543823,-2952.489746,7.775734,0,-0.000000,3172,1167,1497,1654,1647,730,170,125,115,110,105,0,3,1,
2.000000,-2152.479736,-755.249939,-2907.729736,8.647848,0,-0.000000,3150,1168,1487,1656,1640,726,170,125,115,110,105,0,3,0,
2.000000,-2153.043701,-754.997620,-2908.041260,9.445597,0,-0.000000,3127,1162,1499,1654,1626,736,170,125,115,110,105,0,3,0,
2.000000,-2152.479736,-755.249939,-2907.729736,10.592801,0,-0.000000,3241,1178,1510,1682,1664,724,170,125,115,110,105,0,3,0,
2.000000,-2091.513672,-854.210876,-2945.724609,11.150929,0,-0.000000,3107,1160,1489,1645,1621,735,170,125,115,110,105,0,3,-2145114248,
2.000000,-2091.028809,-854.691589,-2945.720459,11.617146,0,-0.000000,3116,1159,1493,1643,1622,732,170,125,115,110,105,0,3,1,
2.000000,-2148.193848,-753.407166,-2901.601074,12.038550,0,-0.000000,3092,1160,1492,1651,1616,732,170,125,115,110,105,0,3,0,
2.000000,-2147.907227,-753.535339,-2901.442627,12.389261,0,-0.000000,3061,1148,1478,1657,1615,727,170,125,115,110,105,0,3,0,
2.000000,-2148.193848,-753.407166,-2901.601074,13.037797,0,-0.000000,3114,1166,1485,1640,1617,731,170,125,115,110,105,0,3,0,
2.000000,-2076.011963,-841.588623,-2917.600586,13.009096,0,-0.000000,2801,1112,1411,1576,1530,736,170,125,115,110,105,0,3,-2145114248,
2.000000,-2078.644531,-840.964294,-2919.608887,12.804465,0,-0.000000,2796,1111,1404,1568,1520,747,170,125,115,110,105,0,3,1,
2.000000,-2128.692871,-747.897461,-2876.590332,12.569566,0,-0.000000,2754,1110,1403,1562,1520,749,170,125,115,110,105,0,3,0,
2.000000,-2131.741211,-746.533997,-2878.275146,12.506369,0,-0.000000,2746,1112,1406,1567,1511,753,170,125,115,110,105,0,3,0,
2.000000,-2128.692871,-747.897461,-2876.590332,12.613496,0,-0.000000,2862,1126,1421,1589,1547,741,170,125,115,110,105,0,3,0,
2.000000,-2071.109375,-837.140930,-2908.250244,13.851587,0,-0.000000,2702,1110,1382,1538,1499,759,170,125,115,110,105,0,3,-2145114248,
2.000000,-2074.831543,-835.078796,-2909.910400,15.079858,0,-0.000000,2673,1106,1382,1535,1488,758,170,125,115,110,105,0,3,1,
2.000000,-2122.438721,-745.853516,-2868.292236,15.905957,0,-0.000000,2663,1098,1369,1522,1487,765,170,125,115,110,105,0,3,0,
2.000000,-2125.862549,-744.322144,-2870.184570,16.529716,0,-0.000000,2639,1095,1371,1515,1479,756,170,125,115,110,105,0,3,0,
2.000000,-2122.438721,-745.853516,-2868.292236,16.965361,0,-0.000000,2726,1114,1398,1543,1503,757,170,125,115,110,105,0,3,0,
2.000000,-2067.335205,-832.945129,-2900.280273,16.476473,0,-0.000000,2614,1100,1360,1511,1463,763,170,125,115,110,105,0,3,-2145114248,
2.000000,-2068.027588,-832.136353,-2900.164062,15.980244,0,-0.000000,2601,1094,1347,1505,1462,765,170,125,115,110,105,0,3,1,
2.000000,-2117.897705,-743.021362,-2860.918945,15.384544,0,-0.000000,2593,1084,1354,1496,1457,769,170,125,115,110,105,0,3,0,
2.000000,-2118.215332,-742.879150,-2861.094482,14.916151,0,-0.000000,2579,1091,1350,1497,1458,758,170,125,115,110,105,0,3,0,
2.000000,-2117.897705,-743.021362,-2860.918945,14.785097,0,-0.000000,2617,1099,1368,1517,1465,755,170,125,115,110,105,0,3,0,
2.000000,-2065.599121,-830.932434,-2896.531494,14.406259,0,-0.000000,2573,1095,1355,1491,1450,767,170,125,115,110,105,0,3,-2145114248,
2.000000,-2065.768555,-830.630981,-2896.399414,14.078173,0,-0.000000,2568,1086,1345,1486,1450,771,170,125,115,110,105,0,3,1,
2.000000,-2115.562012,-742.075195,-2857.637207,14.092297,0,-0.000000,2560,1093,1344,1495,1450,773,170,125,115,110,105,0,3,0,
2.000000,-2115.562012,-742.075195,-2857.637207,14.355898,0,-0.000000,2551,1087,1343,1488,1452,773,170,125,115,110,105,0,3,0,
2.000000,-2115.562012,-742.075195,-2857.637207,14.049402,0,-0.000000,2578,1092,1359,1495,1448,763,170,125,115,110,105,0,3,0,
2.000000,-2064.303467,-829.384338,-2893.687744,14.738907,0,-0.000000,2542,1097,1342,1482,1431,760,170,125,115,110,105,0,3,-2145114248,
2.000000,-2061.501465,-830.057800,-2891.559326,15.406086,0,-0.000000,2547,1090,1332,1474,1441,771,170,125,115,110,105,0,3,1,
2.000000,-2114.359131,-740.361633,-2854.720703,16.321854,0,-0.000000,2550,1080,1341,1477,1436,770,170,125,115,110,105,0,3,0,
2.000000,-2111.121826,-741.809509,-2852.931396,17.368437,0,-0.000000,2544,1085,1338,1478,1438,771,170,125,115,110,105,0,3,0,
2.000000,-2114.359131,-740.361633,-2854.720703,17.921556,0,-0.000000,2550,1089,1346,1491,1445,763,170,125,115,110,105,0,3,0,
2.000000,-2062.795410,-829.483521,-2892.278809,18.779968,0,-0.000000,2540,1093,1330,1478,1434,766,170,125,115,110,105,0,3,-2145114248,
2.000000,-2062.292480,-829.946899,-2892.239258,19.525883,0,-0.000000,2547,1083,1339,1475,1435,771,170,125,115,110,105,0,3,1,
2.000000,-2112.600586,-740.907166,-2853.507812,20.242943,0,-0.000000,2535,1071,1334,1472,1444,771,170,125,115,110,105,0,3,0,
2.000000,-2112.276367,-741.052124,-2853.328613,21.034367,0,-0.000000,2536,1085,1342,1475,1440,767,170,125,115,110,105,0,3,0,
2.000000,-2112.600586,-740.907166,-2853.507812,22.218843,0,-0.000000,2545,1091,1344,1481,1436,760,170,125,115,110,105,0,3,0,
2.000000,-2063.058594,-829.446594,-2892.505127,22.509296,0,-0.000000,2540,1088,1336,1478,1433,773,170,125,115,110,105,0,3,-2145114248,
2.000000,-2062.577881,-829.007507,-2891.585449,22.624676,0,-0.000000,2531,1092,1349,1479,1436,783,170,125,115,110,105,0,3,1,
2.000000,-2112.924316,-740.762146,-2853.686523,22.613733,0,-0.000000,2530,1091,1334,1475,1438,774,170,125,115,110,105,0,3,0,
2.000000,-2111.952148,-741.196960,-2853.149170,22.784531,0,-0.000000,2522,1090,1340,1476,1440,763,170,125,115,110,105,0,3,0,
2.000000,-2112.924316,-740.762146,-2853.686523,23.426691,0,-0.000000,2536,1091,1339,1485,1434,770,170,125,115,110,105,0,3,0,
2.000000,-2064.556396,-828.504150,-2893.060547,22.932512,0,-0.000000,2527,1090,1344,1475,1427,775,170,125,115,110,105,0,3,-2145114248,
2.000000,-2061.130615,-828.984863,-2890.115479,22.150921,0,-0.000000,2527,1096,1349,1472,1440,791,170,125,115,110,105,0,3,1,
2.000000,-2114.340820,-739.964600,-2854.305420,21.360178,0,-0.000000,2538,1103,1347,1486,1448,796,170,125,115,110,105,0,3,0,
2.000000,-2110.125000,-741.850281,-2851.975342,20.728542,0,-0.000000,2514,1104,1348,1485,1444,782,170,125,115,110,105,0,3,0,
2.000000,-2114.340820,-739.964600,-2854.305420,20.503227,0,-0.000000,2519,1096,1346,1483,1431,779,170,125,115,110,105,0,3,0,
3.000000,-2065.149902,-828.307922,-2893.457764,19.524963,0,-0.000000,2525,1096,1332,1471,1430,782,170,125,115,110,105,0,3,-2145114248,
3.000000,-2062.234863,-828.320679,-2890.555664,18.558508,0,-0.000000,2518,1098,1334,1472,1442,787,170,125,115,110,105,0,3,1,
3.000000,-2114.682129,-740.216431,-2854.898438,17.750015,0,-0.000000,2503,1087,1327,1477,1444,781,170,125,115,110,105,0,3,0,
3.000000,-2110.797363,-741.954163,-2852.751465,16.599037,0,-0.000000,2501,1092,1341,1460,1430,786,170,125,115,110,105,0,3,0,
3.000000,-2114.682129,-740.216431,-2854.898438,15.778961,0,-0.000000,2522,1103,1344,1479,1433,782,170,125,115,110,105,0,3,0,
3.000000,-2063.622559,-828.012573,-2891.635254,14.660638,0,-0.000000,2516,1092,1335,1461,1427,782,170,125,115,110,105,0,3,-2145114248,
3.000000,-2060.649414,-829.840759,-2890.490234,13.816316,0,-0.000000,2541,1107,1349,1474,1435,773,170,125,115,110,105,0,3,1,
3.000000,-2113.026855,-740.149048,-2853.175781,12.797768,0,-0.000000,2594,1105,1356,1474,1444,782,170,125,115,110,105,0,3,0,
3.000000,-2110.427979,-741.311401,-2851.739258,12.154081,0,-0.000000,2640,1094,1359,1491,1463,765,170,125,115,110,105,0,3,0,
3.000000,-2113.026855,-740.149048,-2853.175781,11.298862,0,-0.000000,2502,1098,1337,1471,1436,777,170,125,115,110,105,0,3,0,
3.000000,-2067.985840,-840.195923,-2908.181641,10.777701,0,-0.000000,2752,1122,1379,1509,1464,751,170,125,115,110,105,0,3,-2145114248,
3.000000,-2061.801025,-843.633301,-2905.434326,10.211313,0,-0.000000,2802,1119,1395,1510,1482,756,170,125,115,110,105,0,3,1,
3.000000,-2122.970703,-742.407166,-2865.377930,9.612780,0,-0.000000,2819,1128,1386,1519,1487,765,170,125,115,110,105,0,3,0,
3.000000,-2117.290039,-744.948181,-2862.238281,9.026708,0,-0.000000,2813,1111,1385,1514,1481,758,170,125,115,110,105,0,3,0,
3.000000,-2122.970703,-742.407166,-2865.377930,8.481628,0,-0.000000,2700,1100,1373,1500,1469,755,170,125,115,110,105,0,3,0,
3.000000,-2062.716797,-845.376953,-2908.093750,8.038156,0,-0.000000,2839,1109,1401,1525,1476,737,170,125,115,110,105,0,3,-2145114248,
3.000000,-2061.949951,-848.420044,-2910.370117,7.480513,0,-0.000000,2898,1135,1405,1527,1472,738,170,125,115,110,105,0,3,1,
3.000000,-2119.701904,-744.030762,-2863.732666,6.734552,0,-0.000000,2932,1138,1414,1528,1489,760,170,125,115,110,105,0,3,0,
3.000000,-2120.963379,-743.466553,-2864.429932,6.025578,0,-0.000000,2967,1142,1425,1550,1506,769,170,125,115,110,105,0,3,0,
3.000000,-2119.701904,-744.030762,-2863.732666,5.517583,0,-0.000000,2832,1099,1389,1519,1486,746,170,125,115,110,105,0,3,0,
3.000000,-2071.957275,-851.237366,-2923.194580,4.974390,0,-0.000000,2985,1190,1460,1585,1538,786,170,125,115,110,105,0,3,-2145114248,
3.000000,-2074.683105,-851.237000,-2925.920166,4.381502,0,-0.000000,2993,1195,1459,1584,1526,790,170,125,115,110,105,0,3,1,
3.000000,-2129.726562,-748.496765,-2878.223389,3.731772,0,-0.000000,3008,1190,1450,1577,1522,792,170,125,115,110,105,0,3,0,
3.000000,-2133.367920,-746.868042,-2880.235840,2.998163,0,-0.000000,3036,1185,1444,1571,1522,791,170,125,115,110,105,0,3,0,
3.000000,-2129.726562,-748.496765,-2878.223389,2.404050,0,-0.000000,2983,1166,1458,1574,1524,777,170,125,115,110,105,0,3,0,
3.000000,-2069.647217,-857.370117,-2927.017334,1.972422,0,-0.000000,3109,1176,1481,1592,1524,760,170,125,115,110,105,0,3,-2145114248,
3.000000,-2066.196045,-860.672363,-2926.868408,1.560098,0,-0.000000,3171,1203,1482,1602,1531,751,170,125,115,110,105,0,3,1,
3.000000,-2131.758789,-746.906616,-2878.665527,1.034434,0,-0.000000,3218,1203,1465,1590,1529,758,170,125,115,110,105,0,3,0,
3.000000,-2129.628662,-747.859497,-2877.488281,0.489199,0,-0.000000,3223,1175,1459,1588,1542,760,170,125,115,110,105,0,3,0,
3.000000,-2131.758789,-746.906616,-2878.665527,-0.187823,0,-0.000000,3053,1177,1463,1578,1522,791,170,125,115,110,105,0,3,0,
3.000000,-2071.819580,-863.131714,-2934.951172,-0.437221,0,-0.000000,3244,1196,1497,1629,1550,727,170,125,115,110,105,0,3,-2145114248,
3.000000,-2069.429443,-865.389709,-2934.819092,-0.707676,0,-0.000000,3288,1216,1496,1623,1555,724,170,125,115,110,105,0,3,1,
3.000000,-2136.160645,-748.703308,-2884.864014,-1.029296,0,-0.000000,3330,1204,1500,1622,1557,731,170,125,115,110,105,0,3,0,
3.000000,-2134.663818,-749.372986,-2884.036865,-1.287764,0,-0.000000,3344,1208,1502,1642,1599,752,170,125,115,110,105,0,3,0,
3.000000,-2136.160645,-748.703308,-2884.864014,-1.684569,0,-0.000000,3231,1181,1479,1605,1555,748,170,125,115,110,105,0,3,0,
3.000000,-2084.854980,-868.717834,-2953.572754,-1.747789,0,-0.000000,3417,1250,1558,1694,1627,739,170,125,115,110,105,0,3,-2145114248,
3.000000,-2083.629395,-870.137329,-2953.766602,-1.861955,0,-0.000000,3447,1254,1565,1693,1629,747,170,125,115,110,105,0,3,1,
3.000000,-2149.498535,-753.751343,-2903.250000,-2.053303,0,-0.000000,3442,1252,1554,1687,1626,768,170,125,115,110,105,0,3,0,
3.000000,-2148.927734,-754.006775,-2902.934570,-2.288905,0,-0.000000,3413,1242,1541,1686,1630,791,170,125,115,110,105,0,3,0,
3.000000,-2149.498535,-753.751343,-2903.250000,-2.487855,0,-0.000000,3391,1221,1536,1661,1613,747,170,125,115,110,105,0,3,0,
3.000000,-2075.044678,-862.942993,-2937.987793,-2.559445,0,-0.000000,3250,1242,1537,1687,1608,774,170,125,115,110,105,0,3,-2145114248,
3.000000,-2086.462891,-857.829102,-2944.291992,-2.806098,0,-0.000000,3171,1238,1510,1652,1569,788,170,125,115,110,105,0,3,1,
3.000000,-2136.346191,-753.920044,-2890.266113,-3.325901,0,-0.000000,3085,1216,1473,1611,1537,797,170,125,115,110,105,0,3,0,
3.000000,-2147.759521,-748.814941,-2896.574463,-3.996276,0,-0.000000,3013,1181,1446,1580,1525,800,170,125,115,110,105,0,3,0,
3.000000,-2136.346191,-753.920044,-2890.266113,-4.132497,0,-0.000000,3337,1241,1542,1696,1631,786,170,125,115,110,105,0,3,0,
3.000000,-2057.372803,-850.239197,-2907.612061,-4.576016,0,-0.000000,2922,1160,1439,1569,1472,759,170,125,115,110,105,0,3,-2145114248,
3.000000,-2060.744629,-848.884399,-2909.628906,-5.216962,0,-0.000000,2904,1167,1414,1538,1461,755,170,125,115,110,105,0,3,1,
3.000000,-2117.104980,-744.007874,-2861.112793,-6.389778,0,-0.000000,2870,1146,1384,1510,1447,776,170,125,115,110,105,0,3,0,
3.000000,-2120.592041,-742.448120,-2863.040039,-7.391162,0,-0.000000,2827,1137,1377,1495,1461,768,170,125,115,110,105,0,3,0,
3.000000,-2117.104980,-744.007874,-2861.112793,-7.841054,0,-0.000000,2962,1163,1435,1570,1507,775,170,125,115,110,105,0,3,0,
3.000000,-2051.432129,-843.190796,-2894.623047,-8.803309,0,-0.000000,2765,1146,1393,1496,1431,764,170,125,115,110,105,0,3,-2145114248,
3.000000,-2054.631104,-842.276733,-2896.907715,-10.069275,0,-0.000000,2756,1150,1378,1470,1420,763,170,125,115,110,105,0,3,1,
3.000000,-2108.813965,-741.139587,-2849.953613,-11.901544,0,-0.000000,2722,1157,1360,1474,1414,786,170,125,115,110,105,0,3,0,
3.000000,-2112.400879,-739.535095,-2851.936035,-14.364583,0,-0.000000,2732,1131,1345,1456,1405,786,170,125,115,110,105,0,3,0,
3.000000,-2108.813965,-741.139587,-2849.953613,-15.230268,0,-0.000000,2788,1128,1385,1499,1447,762,170,125,115,110,105,0,3,0,
3.000000,-2053.953857,-841.748901,-2895.702637,-16.952993,0,-0.000000,2744,1124,1375,1461,1421,779,170,125,115,110,105,0,3,-2145114248,
3.000000,-2052.076904,-842.479614,-2894.556641,-17.713911,0,-0.000000,2753,1137,1385,1487,1427,746,170,125,115,110,105,0,3,1,
3.000000,-2111.282227,-739.792480,-2851.074707,-18.929976,0,-0.000000,2819,1147,1379,1489,1421,763,170,125,115,110,105,0,3,0,
3.000000,-2109.323486,-740.668518,-2849.991943,-20.409586,0,-0.000000,2840,1145,1363,1484,1433,775,170,125,115,110,105,0,3,0,
3.000000,-2111.282227,-739.792480,-2851.074707,-22.845726,0,-0.000000,2724,1115,1344,1448,1418,792,170,125,115,110,105,0,3,0,
3.000000,-2062.331299,-846.482727,-2908.813965,-23.526834,0,-0.000000,2860,1159,1415,1509,1480,768,170,125,115,110,105,0,3,-2145114248,
3.000000,-2063.213379,-847.848206,-2911.061523,-24.078899,0,-0.000000,2890,1178,1428,1523,1473,765,170,125,115,110,105,0,3,1,
3.000000,-2119.722656,-744.414124,-2864.136719,-24.892046,0,-0.000000,2915,1189,1427,1524,1472,784,170,125,115,110,105,0,3,0,
3.000000,-2121.926758,-743.428345,-2865.354980,-26.084253,0,-0.000000,2907,1184,1427,1530,1487,819,170,125,115,110,105,0,3,0,
3.000000,-2119.722656,-744.414124,-2864.136719,-27.430786,0,-0.000000,2867,1138,1382,1483,1460,787,170,125,115,110,105,0,3,0,
3.000000,-2061.861816,-846.897583,-2908.759277,-27.669897,0,-0.000000,2867,1169,1438,1557,1501,784,170,125,115,110,105,0,3,-2145114248,
3.000000,-2069.353027,-845.647461,-2915.000488,-28.138851,0,-0.000000,2863,1194,1458,1559,1472,797,170,125,115,110,105,0,3,1,
3.000000,-2118.238525,-746.633118,-2864.871582,-28.986729,0,-0.000000,2886,1220,1425,1521,1468,800,170,125,115,110,105,0,3,0,
3.000000,-2127.307861,-742.576538,-2869.884277,-30.139149,0,-0.000000,2890,1180,1404,1526,1485,825,170,125,115,110,105,0,3,0,
3.000000,-2118.238525,-746.633118,-2864.871582,-30.942686,0,-0.000000,2892,1167,1422,1533,1512,820,170,125,115,110,105,0,3,0,
3.000000,-2069.306885,-844.904114,-2914.210938,-31.349283,0,-0.000000,2848,1195,1470,1571,1515,834,170,125,115,110,105,0,3,-2145114248,
3.000000,-2073.195312,-844.558899,-2917.754150,-31.710966,0,-0.000000,2852,1217,1442,1560,1499,818,170,125,115,110,105,0,3,1,
3.000000,-2124.295898,-747.108276,-2871.404297,-32.121155,0,-0.000000,2888,1206,1420,1545,1494,812,170,125,115,110,105,0,3,0,
3.000000,-2129.231445,-744.900635,-2874.132080,-33.687283,0,-0.000000,2887,1173,1419,1523,1497,849,170,125,115,110,105,0,3,0,
3.000000,-2124.295898,-747.108276,-2871.404297,-34.920601,0,-0.000000,2863,1173,1432,1530,1504,844,170,125,115,110,105,0,3,0,
3.000000,-2071.724365,-846.357727,-2918.082031,-34.908882,0,-0.000000,2884,1183,1462,1582,1521,813,170,125,115,110,105,0,3,-2145114248,
3.000000,-2072.695312,-847.894165,-2920.589355,-34.669491,0,-0.000000,2918,1208,1467,1578,1513,780,170,125,115,110,105,0,3,1,
3.000000,-2127.463135,-747.227966,-2874.691162,-34.820637,0,-0.000000,2970,1203,1449,1572,1500,802,170,125,115,110,105,0,3,0,
3.000000,-2129.914551,-746.131531,-2876.046143,-35.405468,0,-0.000000,2977,1208,1455,1561,1540,849,170,125,115,110,105,0,3,0,
3.000000,-2127.463135,-747.227966,-2874.691162,-35.545303,0,-0.000000,2873,1171,1436,1561,1537,817,170,125,115,110,105,0,3,0,
3.000000,-2076.854980,-849.783325,-2926.638184,-35.185040,0,-0.000000,2969,1216,1511,1636,1576,810,170,125,115,110,105,0,3,-2145114248,
3.000000,-2084.574707,-848.748413,-2933.323242,-34.727001,0,-0.000000,2970,1247,1502,1630,1544,806,170,125,115,110,105,0,3,1,
3.000000,-2132.030029,-751.656860,-2883.687012,-34.571667,0,-0.000000,3003,1239,1451,1600,1546,821,170,125,115,110,105,0,3,0,
3.000000,-2141.565918,-747.391541,-2888.957520,-34.610519,0,-0.000000,2993,1167,1452,1573,1547,823,170,125,115,110,105,0,3,0,
3.000000,-2132.030029,-751.656860,-2883.687012,-34.654293,0,-0.000000,2964,1205,1479,1612,1584,848,170,125,115,110,105,0,3,0,
3.000000,-2080.018799,-847.354858,-2927.373535,-34.117153,0,-0.000000,2928,1167,1487,1626,1568,783,170,125,115,110,105,0,3,-2145114248,
3.000000,-2084.370605,-845.962402,-2930.333008,-33.398605,0,-0.000000,2912,1177,1489,1621,1552,753,170,125,115,110,105,0,3,1,
3.000000,-2134.425293,-750.594543,-2885.019775,-32.851662,0,-0.000000,2900,1157,1447,1569,1511,730,170,125,115,110,105,0,3,0,
3.000000,-2139.193359,-748.461914,-2887.655273,-32.552696,0,-0.000000,2897,1131,1387,1546,1520,754,170,125,115,110,105,0,3,0,
3.000000,-2134.425293,-750.594543,-2885.019775,-32.599365,0,-0.000000,2956,1145,1443,1584,1573,833,170,125,115,110,105,0,3,0,
4.000000,-2072.594727,-843.991211,-2916.585938,-31.850124,0,-0.000000,2839,1101,1456,1599,1530,731,170,125,115,110,105,0,3,-2145114248,
4.000000,-2077.345703,-843.274414,-2920.620117,-31.020508,0,-0.000000,2838,1131,1429,1578,1511,708,170,125,115,110,105,0,3,1,
4.000000,-2126.449707,-748.212219,-2874.661865,-30.472996,0,-0.000000,2878,1113,1400,1555,1497,725,170,125,115,110,105,0,3,0,
4.000000,-2132.258301,-745.613892,-2877.872070,-30.170023,0,-0.000000,2862,1095,1388,1553,1515,750,170,125,115,110,105,0,3,0,
4.000000,-2126.449707,-748.212219,-2874.661865,-29.666246,0,-0.000000,2862,1106,1413,1566,1560,737,170,125,115,110,105,0,3,0,
4.000000,-2069.965576,-842.079712,-2912.045410,-28.792116,0,-0.000000,2794,1085,1422,1586,1542,704,170,125,115,110,105,0,3,-2145114248,
4.000000,-2081.284668,-841.103455,-2922.388184,-27.663935,0,-0.000000,2806,1123,1449,1606,1495,695,170,125,115,110,105,0,3,1,
4.000000,-2121.747803,-749.986816,-2871.734619,-26.893555,0,-0.000000,2845,1143,1407,1557,1484,713,170,125,115,110,105,0,3,0,
4.000000,-2136.136963,-743.550537,-2879.687500,-26.455185,0,-0.000000,2870,1104,1385,1550,1490,732,170,125,115,110,105,0,3,0,
4.000000,-2121.747803,-749.986816,-2871.734619,-25.929918,0,-0.000000,2804,1070,1382,1569,1529,767,170,125,115,110,105,0,3,0,
4.000000,-2074.114502,-842.515686,-2916.630127,-25.012297,0,-0.000000,2814,1110,1451,1590,1538,732,170,125,115,110,105,0,3,-2145114248,
4.000000,-2079.192871,-843.216248,-2922.409180,-24.068457,0,-0.000000,2842,1143,1468,1604,1514,717,170,125,115,110,105,0,3,1,
4.000000,-2126.744385,-748.915100,-2875.659424,-23.425825,0,-0.000000,2864,1159,1413,1579,1493,723,170,125,115,110,105,0,3,0,
4.000000,-2134.055420,-745.644836,-2879.700195,-22.359802,0,-0.000000,2875,1128,1416,1603,1494,722,170,125,115,110,105,0,3,0,
4.000000,-2126.744385,-748.915100,-2875.659424,-21.777517,0,-0.000000,2823,1082,1395,1570,1522,766,170,125,115,110,105,0,3,0,
4.000000,-2082.067383,-842.913452,-2924.980957,-20.786240,0,-0.000000,2844,1096,1424,1597,1555,747,170,125,115,110,105,0,3,-2145114248,
4.000000,-2083.775635,-841.868591,-2925.644287,-19.924578,0,-0.000000,2828,1101,1453,1616,1550,722,170,125,115,110,105,0,3,1,
4.000000,-2134.663818,-749.372986,-2884.036865,-18.758331,0,-0.000000,2838,1117,1443,1643,1508,700,170,125,115,110,105,0,3,0,
4.000000,-2136.160645,-748.703308,-2884.864014,-18.168268,0,-0.000000,2871,1156,1427,1612,1511,739,170,125,115,110,105,0,3,0,
4.000000,-2134.663818,-749.372986,-2884.036865,-17.600143,0,-0.000000,2873,1102,1421,1588,1509,762,170,125,115,110,105,0,3,0,
4.000000,-2076.573730,-843.432983,-2920.006836,-17.161909,0,-0.000000,2839,1112,1436,1596,1545,752,170,125,115,110,105,0,3,-2145114248,
4.000000,-2082.019043,-841.000488,-2923.019531,-16.458027,0,-0.000000,2806,1111,1445,1639,1527,731,170,125,115,110,105,0,3,1,
4.000000,-2129.578613,-749.165588,-2878.744141,-15.674455,0,-0.000000,2808,1123,1460,1636,1494,704,170,125,115,110,105,0,3,0,
4.000000,-2135.026123,-746.728882,-2881.754883,-15.189527,0,-0.000000,2832,1144,1427,1589,1489,739,170,125,115,110,105,0,3,0,
4.000000,-2129.578613,-749.165588,-2878.744141,-14.875634,0,-0.000000,2867,1118,1412,1587,1519,765,170,125,115,110,105,0,3,0,
4.000000,-2082.321289,-841.262939,-2923.584229,-14.573784,0,-0.000000,2812,1107,1426,1607,1530,772,170,125,115,110,105,0,3,-2145114248,
4.000000,-2078.675781,-840.908936,-2919.584717,-14.017508,0,-0.000000,2795,1104,1448,1620,1547,731,170,125,115,110,105,0,3,1,
4.000000,-2135.343750,-746.964478,-2882.308105,-13.260785,0,-0.000000,2831,1150,1463,1639,1523,727,170,125,115,110,105,0,3,0,
4.000000,-2130.207275,-749.262024,-2879.469238,-12.713270,0,-0.000000,2875,1140,1441,1624,1506,747,170,125,115,110,105,0,3,0,
4.000000,-2135.343750,-746.964478,-2882.308105,-12.467608,0,-0.000000,2841,1114,1410,1591,1520,775,170,125,115,110,105,0,3,0,
4.000000,-2081.365479,-843.362793,-2924.728271,-12.056155,0,-0.000000,2851,1126,1458,1622,1557,755,170,125,115,110,105,0,3,-2145114248,
4.000000,-2083.555420,-843.055542,-2926.610840,-11.476060,0,-0.000000,2851,1132,1480,1653,1548,755,170,125,115,110,105,0,3,1,
4.000000,-2134.063965,-749.640564,-2883.704590,-10.855443,0,-0.000000,2869,1184,1492,1625,1526,732,170,125,115,110,105,0,3,0,
4.000000,-2136.759033,-748.435059,-2885.194092,-10.231188,0,-0.000000,2907,1170,1446,1624,1527,742,170,125,115,110,105,0,3,0,
4.000000,-2134.063965,-749.640564,-2883.704590,-9.851985,0,-0.000000,2870,1146,1433,1617,1514,759,170,125,115,110,105,0,3,0,
4.000000,-2086.715332,-844.155579,-2930.870850,-9.641251,0,-0.000000,2882,1120,1452,1622,1552,792,170,125,115,110,105,0,3,-2145114248,
4.000000,-2081.458740,-844.794006,-2926.252686,-9.208912,0,-0.000000,2880,1143,1502,1650,1574,735,170,125,115,110,105,0,3,1,
4.000000,-2140.635986,-748.259521,-2888.895508,-8.520115,0,-0.000000,2894,1168,1518,1685,1524,728,170,125,115,110,105,0,3,0,
4.000000,-2134.092773,-751.186279,-2885.279053,-8.023093,0,-0.000000,2954,1175,1495,1643,1530,738,170,125,115,110,105,0,3,0,
4.000000,-2140.635986,-748.259521,-2888.895508,-7.554237,0,-0.000000,2915,1141,1449,1628,1538,783,170,125,115,110,105,0,3,0,
4.000000,-2087.521484,-847.031616,-2934.553223,-7.363276,0,-0.000000,2943,1147,1494,1652,1575,752,170,125,115,110,105,0,3,-2145114248,
4.000000,-2085.694824,-846.363647,-2932.058594,-6.978271,0,-0.000000,2924,1144,1493,1685,1585,721,170,125,115,110,105,0,3,1,
4.000000,-2141.985107,-750.169678,-2892.154785,-6.468350,0,-0.000000,2955,1159,1522,1701,1539,703,170,125,115,110,105,0,3,0,
4.000000,-2139.042969,-751.485657,-2890.528564,-6.137628,0,-0.000000,2985,1162,1481,1637,1506,694,170,125,115,110,105,0,3,0,
4.000000,-2141.985107,-750.169678,-2892.154785,-5.934753,0,-0.000000,2970,1137,1468,1643,1550,781,170,125,115,110,105,0,3,0,
4.000000,-2072.495117,-851.496338,-2923.991455,-5.873840,0,-0.000000,2992,1076,1439,1613,1525,703,170,125,115,110,105,0,3,-2145114248,
4.000000,-2071.622070,-851.427856,-2923.049805,-5.549129,0,-0.000000,2988,1075,1442,1645,1529,627,170,125,115,110,105,0,3,1,
4.000000,-2131.208008,-747.077454,-2878.285400,-5.097192,0,-0.000000,3015,1094,1470,1646,1464,605,170,125,115,110,105,0,3,0,
4.000000,-2129.990234,-747.622192,-2877.612305,-4.648004,0,-0.000000,3041,1094,1424,1617,1450,600,170,125,115,110,105,0,3,0,
4.000000,-2131.208008,-747.077454,-2878.285400,-4.477982,0,-0.000000,3013,1096,1436,1626,1529,714,170,125,115,110,105,0,3,0,
4.000000,-2055.186279,-855.819702,-2911.005859,-4.192305,0,-0.000000,3032,1032,1397,1596,1479,578,170,125,115,110,105,0,3,-2145114248,
4.000000,-2058.206299,-856.334290,-2914.540527,-3.699750,0,-0.000000,3052,1020,1415,1602,1465,545,170,125,115,110,105,0,3,1,
4.000000,-2117.724365,-744.598022,-2862.322266,-2.926036,0,-0.000000,3072,1035,1422,1612,1424,518,170,125,115,110,105,0,3,0,
4.000000,-2122.145752,-742.620422,-2864.766113,-2.097038,0,-0.000000,3106,1033,1389,1576,1423,530,170,125,115,110,105,0,3,0,
4.000000,-2117.724365,-744.598022,-2862.322266,-1.851027,0,-0.000000,3054,1049,1409,1586,1465,611,170,125,115,110,105,0,3,0,
4.000000,-2057.193115,-861.890320,-2919.083496,-1.254360,0,-0.000000,3170,1018,1430,1598,1462,555,170,125,115,110,105,0,3,-2145114248,
4.000000,-2049.659424,-864.380737,-2914.040039,-0.417851,0,-0.000000,3202,1057,1475,1635,1488,544,170,125,115,110,105,0,3,1,
4.000000,-2124.615967,-741.981201,-2866.597168,0.958252,0,-0.000000,3241,1095,1505,1669,1493,555,170,125,115,110,105,0,3,0,
4.000000,-2116.421387,-745.646545,-2862.067871,2.139933,0,-0.000000,3316,1122,1527,1690,1516,587,170,125,115,110,105,0,3,0,
4.000000,-2124.615967,-741.981201,-2866.597168,2.789124,0,-0.000000,3148,1022,1413,1573,1445,537,170,125,115,110,105,0,3,0,
4.000000,-2075.448486,-867.721680,-2943.170166,3.988137,0,-0.000000,3362,1139,1536,1723,1562,617,170,125,115,110,105,0,3,-2145114248,
4.000000,-2069.450195,-870.125122,-2939.575195,5.566806,0,-0.000000,3399,1147,1568,1751,1583,603,170,125,115,110,105,0,3,1,
4.000000,-2142.230225,-748.952515,-2891.182617,7.704625,0,-0.000000,3442,1165,1595,1776,1587,615,170,125,115,110,105,0,3,0,
4.000000,-2136.021973,-751.729309,-2887.751221,10.481794,0,-0.000000,3480,1188,1596,1789,1601,630,170,125,115,110,105,0,3,0,
4.000000,-2142.230225,-748.952515,-2891.182617,11.555631,0,-0.000000,3346,1115,1526,1703,1540,605,170,125,115,110,105,0,3,0,
4.000000,-2086.023926,-873.439514,-2959.463379,13.619722,0,-0.000000,3536,1194,1622,1827,1639,646,170,125,115,110,105,0,3,-2145114248,
4.000000,-2083.107178,-875.613403,-2958.720703,14.731023,0,-0.000000,3580,1206,1649,1838,1647,640,170,125,115,110,105,0,3,1,
4.000000,-2153.009521,-754.307495,-2907.316895,16.296551,0,-0.000000,3596,1219,1672,1864,1652,641,170,125,115,110,105,0,3,0,
4.000000,-2150.746094,-755.319946,-2906.065918,18.063656,0,-0.000000,3640,1241,1665,1867,1661,653,170,125,115,110,105,0,3,0,
4.000000,-2153.009521,-754.307495,-2907.316895,20.824488,0,-0.000000,3524,1191,1612,1802,1619,642,170,125,115,110,105,0,3,0,
4.000000,-2092.316406,-878.563110,-2970.879395,21.931995,0,-0.000000,3688,1238,1688,1899,1688,675,170,125,115,110,105,0,3,-2145114248,
4.000000,-2091.645508,-878.657227,-2970.302734,23.002768,0,-0.000000,3688,1251,1705,1909,1691,667,170,125,115,110,105,0,3,1,
4.000000,-2160.402588,-757.474487,-2917.876953,24.337452,0,-0.000000,3709,1267,1712,1914,1696,659,170,125,115,110,105,0,3,0,
4.000000,-2159.576904,-757.843750,-2917.420654,26.032085,0,-0.000000,3725,1275,1716,1910,1697,666,170,125,115,110,105,0,3,0,
4.000000,-2160.402588,-757.474487,-2917.876953,27.808647,0,-0.000000,3655,1243,1685,1877,1665,660,170,125,115,110,105,0,3,0,
4.000000,-2096.442139,-880.667786,-2977.109863,28.687664,0,-0.000000,3758,1275,1718,1928,1703,680,170,125,115,110,105,0,3,-2145114248,
4.000000,-2093.418945,-880.977905,-2974.396973,29.815435,0,-0.000000,3755,1268,1733,1946,1717,673,170,125,115,110,105,0,3,1,
4.000000,-2165.395508,-758.036682,-2923.432129,31.424314,0,-0.000000,3775,1283,1735,1948,1713,672,170,125,115,110,105,0,3,0,
4.000000,-2161.589355,-759.738953,-2921.328369,33.304092,0,-0.000000,3788,1284,1738,1950,1712,677,170,125,115,110,105,0,3,0,
4.000000,-2165.395508,-758.036682,-2923.432129,34.740170,0,-0.000000,3746,1267,1713,1931,1707,675,170,125,115,110,105,0,3,0,
5.000000,-2104.246826,-886.648010,-2990.894775,35.997749,0,-0.000000,3949,1315,1806,2051,1790,684,170,125,115,110,105,0,3,-2145114248,
5.000000,-2107.939453,-885.985352,-2993.924805,37.265785,0,-0.000000,3945,1314,1816,2052,1773,668,170,125,115,110,105,0,3,1,
5.000000,-2173.178223,-764.055420,-2937.233643,38.686310,0,-0.000000,3945,1324,1811,2059,1773,674,170,125,115,110,105,0,3,0,
5.000000,-2177.614502,-762.071167,-2939.685547,41.124458,0,-0.000000,3942,1311,1811,2040,1771,668,170,125,115,110,105,0,3,0,
5.000000,-2173.178223,-764.055420,-2937.233643,43.118595,0,-0.000000,3944,1314,1815,2039,1770,674,170,125,115,110,105,0,3,0,
5.000000,-2102.766602,-886.130981,-2988.897461,44.097000,0,-0.000000,3929,1312,1804,2033,1775,683,170,125,115,110,105,0,3,-2145114248,
5.000000,-2105.114990,-885.801697,-2990.916748,44.926247,0,-0.000000,3929,1322,1806,2035,1764,678,170,125,115,110,105,0,3,1,
5.000000,-2171.989258,-763.021301,-2935.010498,46.093403,0,-0.000000,3898,1316,1800,2028,1748,671,170,125,115,110,105,0,3,0,
5.000000,-2174.878906,-761.728699,-2936.607666,47.714611,0,-0.000000,3906,1313,1790,2030,1753,687,170,125,115,110,105,0,3,0,
5.000000,-2171.989258,-763.021301,-2935.010498,48.801960,0,-0.000000,3942,1315,1804,2039,1768,683,170,125,115,110,105,0,3,0,
5.000000,-2098.812744,-885.041687,-2983.854492,49.451042,0,-0.000000,3884,1306,1780,2012,1745,686,170,125,115,110,105,0,3,-2145114248,
5.000000,-2100.332520,-883.758911,-2984.091309,50.172436,0,-0.000000,3855,1300,1791,2023,1741,686,170,125,115,110,105,0,3,1,
5.000000,-2168.516602,-761.075745,-2929.592285,51.184711,0,-0.000000,3831,1298,1779,2006,1736,673,170,125,115,110,105,0,3,0,
5.000000,-2169.583252,-760.598633,-2930.181885,52.345936,0,-0.000000,3825,1306,1766,1988,1734,685,170,125,115,110,105,0,3,0,
5.000000,-2168.516602,-761.075745,-2929.592285,53.329052,0,-0.000000,3893,1310,1788,2014,1736,681,170,125,115,110,105,0,3,0,
5.000000,-2095.493408,-881.633972,-2977.127441,53.853054,0,-0.000000,3780,1292,1762,1969,1728,693,170,125,115,110,105,0,3,-2145114248,
5.000000,-2099.156250,-879.792480,-2978.948730,54.299450,0,-0.000000,3745,1285,1755,1962,1715,684,170,125,115,110,105,0,3,1,
5.000000,-2163.685547,-760.356323,-2924.041992,54.870052,0,-0.000000,3714,1301,1741,1956,1706,694,170,125,115,110,105,0,3,0,
5.000000,-2167.196045,-758.786133,-2925.982178,55.636887,0,-0.000000,3693,1292,1741,1941,1688,690,170,125,115,110,105,0,3,0,
5.000000,-2163.685547,-760.356323,-2924.041992,56.675842,0,-0.000000,3802,1297,1770,1981,1722,686,170,125,115,110,105,0,3,0,
5.000000,-2089.976562,-876.471924,-2966.448486,57.058533,0,-0.000000,3626,1282,1716,1918,1682,704,170,125,115,110,105,0,3,-2145114248,
5.000000,-2092.235107,-875.405212,-2967.640381,57.432697,0,-0.000000,3607,1291,1720,1898,1674,696,170,125,115,110,105,0,3,1,
5.000000,-2156.895752,-757.458252,-2914.354004,57.995884,0,-0.000000,3597,1287,1701,1894,1666,692,170,125,115,110,105,0,3,0,
5.000000,-2159.112061,-756.466980,-2915.579102,58.643177,0,-0.000000,3572,1281,1713,1882,1659,690,170,125,115,110,105,0,3,0,
5.000000,-2156.895752,-757.458252,-2914.354004,59.175236,0,-0.000000,3658,1283,1723,1930,1688,694,170,125,115,110,105,0,3,0,
5.000000,-2087.780273,-873.314026,-2961.094238,59.448475,0,-0.000000,3539,1287,1697,1860,1643,703,170,125,115,110,105,0,3,-2145114248,
5.000000,-2085.352051,-873.129456,-2958.481445,59.644398,0,-0.000000,3526,1282,1696,1864,1655,709,170,125,115,110,105,0,3,1,
5.000000,-2154.627686,-754.428406,-2909.056152,60.107155,0,-0.000000,3512,1283,1698,1858,1638,700,170,125,115,110,105,0,3,0,
5.000000,-2151.244629,-755.941589,-2907.186279,60.682400,0,-0.000000,3496,1288,1684,1850,1637,708,170,125,115,110,105,0,3,0,
5.000000,-2154.627686,-754.428406,-2909.056152,61.256805,0,-0.000000,3552,1281,1694,1875,1652,704,170,125,115,110,105,0,3,0,
5.000000,-2083.765625,-870.655334,-2954.420898,61.576035,0,-0.000000,3460,1274,1681,1835,1637,715,170,125,115,110,105,0,3,-2145114248,
5.000000,-2085.716797,-870.216553,-2955.933350,61.844421,0,-0.000000,3456,1277,1690,1835,1629,705,170,125,115,110,105,0,3,1,
5.000000,-2148.964844,-754.700684,-2903.665527,62.252644,0,-0.000000,3427,1267,1674,1827,1621,695,170,125,115,110,105,0,3,0,
5.000000,-2151.242188,-753.682068,-2904.924316,62.544476,0,-0.000000,3442,1280,1677,1822,1619,710,170,125,115,110,105,0,3,0,
5.000000,-2148.964844,-754.700684,-2903.665527,63.106262,0,-0.000000,3480,1272,1685,1839,1630,703,170,125,115,110,105,0,3,0,
5.000000,-2082.041016,-869.529602,-2951.570557,63.448868,0,-0.000000,3427,1271,1667,1819,1614,719,170,125,115,110,105,0,3,-2145114248,
5.000000,-2081.309814,-869.298645,-2950.608398,63.657627,0,-0.000000,3419,1277,1670,1818,1618,715,170,125,115,110,105,0,3,1,
5.000000,-2147.638184,-752.867432,-2900.505615,63.737343,0,-0.000000,3416,1273,1673,1817,1615,717,170,125,115,110,105,0,3,0,
5.000000,-2146.487549,-753.382080,-2899.869629,64.043594,0,-0.000000,3421,1272,1666,1813,1609,705,170,125,115,110,105,0,3,0,
5.000000,-2147.638184,-752.867432,-2900.505615,64.528984,0,-0.000000,3433,1266,1667,1811,1612,709,170,125,115,110,105,0,3,0,
5.000000,-2082.397705,-868.895447,-2951.293213,64.886551,0,-0.000000,3413,1280,1672,1809,1614,711,170,125,115,110,105,0,3,-2145114248,
5.000000,-2081.513672,-868.935791,-2950.449463,65.021187,0,-0.000000,3411,1282,1675,1815,1618,720,170,125,115,110,105,0,3,1,
5.000000,-2147.638184,-752.867432,-2900.505615,65.085831,0,-0.000000,3414,1276,1674,1805,1609,716,170,125,115,110,105,0,3,0,
5.000000,-2146.487549,-753.382080,-2899.869629,65.440178,0,-0.000000,3418,1280,1662,1807,1614,712,170,125,115,110,105,0,3,0,
5.000000,-2147.638184,-752.867432,-2900.505615,65.923706,0,-0.000000,3421,1275,1665,1807,1613,709,170,125,115,110,105,0,3,0,
5.000000,-2080.234619,-868.905823,-2949.140381,66.318542,0,-0.000000,3406,1275,1658,1817,1606,713,170,125,115,110,105,0,3,-2145114248,
5.000000,-2079.636719,-869.199097,-2948.835938,66.509277,0,-0.000000,3411,1276,1669,1806,1608,707,170,125,115,110,105,0,3,1,
5.000000,-2145.729248,-752.426086,-2898.155273,66.666695,0,-0.000000,3404,1282,1671,1816,1614,711,170,125,115,110,105,0,3,0,
5.000000,-2145.150635,-752.684814,-2897.835449,66.917053,0,-0.000000,3407,1276,1676,1794,1610,711,170,125,115,110,105,0,3,0,
5.000000,-2145.729248,-752.426086,-2898.155273,67.384087,0,-0.000000,3406,1282,1684,1794,1607,711,170,125,115,110,105,0,3,0,
5.000000,-2082.423340,-868.849976,-2951.273438,67.659554,0,-0.000000,3412,1273,1678,1807,1603,716,170,125,115,110,105,0,3,-2145114248,
5.000000,-2079.109619,-868.979858,-2948.089355,67.808418,0,-0.000000,3404,1278,1673,1801,1618,723,170,125,115,110,105,0,3,1,
5.000000,-2148.233887,-751.807861,-2900.041748,68.038124,0,-0.000000,3414,1276,1676,1812,1602,714,170,125,115,110,105,0,3,0,
5.000000,-2143.904297,-753.744568,-2897.648926,68.308022,0,-0.000000,3419,1277,1672,1810,1616,718,170,125,115,110,105,0,3,0,
5.000000,-2148.233887,-751.807861,-2900.041748,68.639366,0,-0.000000,3414,1280,1673,1806,1609,715,170,125,115,110,105,0,3,0,
5.000000,-2081.833008,-869.517151,-2951.350098,69.082481,0,-0.000000,3426,1271,1675,1820,1619,718,170,125,115,110,105,0,3,-2145114248,
5.000000,-2082.300049,-869.451599,-2951.751709,69.231277,0,-0.000000,3426,1284,1683,1807,1617,714,170,125,115,110,105,0,3,1,
5.000000,-2147.135254,-753.379456,-2900.514648,69.296982,0,-0.000000,3413,1279,1671,1818,1611,708,170,125,115,110,105,0,3,0,
5.000000,-2147.709961,-753.122498,-2900.832520,69.540611,0,-0.000000,3430,1285,1685,1819,1620,712,170,125,115,110,105,0,3,0,
5.000000,-2147.135254,-753.379456,-2900.514648,69.933365,0,-0.000000,3427,1283,1680,1802,1611,712,170,125,115,110,105,0,3,0,
5.000000,-2083.625000,-869.764709,-2953.389648,70.164551,0,-0.000000,3438,1281,1683,1818,1620,717,170,125,115,110,105,0,3,-2145114248,
5.000000,-2082.482422,-869.509399,-2951.991699,70.270493,0,-0.000000,3428,1275,1673,1829,1626,705,170,125,115,110,105,0,3,1,
5.000000,-2149.177979,-753.181030,-2902.358887,70.286644,0,-0.000000,3433,1279,1693,1826,1627,715,170,125,115,110,105,0,3,0,
5.000000,-2147.459473,-753.949646,-2901.409180,70.472397,0,-0.000000,3443,1281,1682,1828,1620,710,170,125,115,110,105,0,3,0,
5.000000,-2149.177979,-753.181030,-2902.358887,70.859200,0,-0.000000,3431,1279,1678,1822,1628,715,170,125,115,110,105,0,3,0,
5.000000,-2083.388428,-869.423889,-2952.812256,71.119553,0,-0.000000,3429,1277,1680,1817,1622,716,170,125,115,110,105,0,3,-2145114248,
5.000000,-2082.795898,-869.715027,-2952.510986,71.163986,0,-0.000000,3434,1282,1681,1825,1624,718,170,125,115,110,105,0,3,1,
5.000000,-2148.605469,-753.437378,-2902.042969,71.153442,0,-0.000000,3423,1287,1679,1816,1627,710,170,125,115,110,105,0,3,0,
5.000000,-2148.032715,-753.693665,-2901.726318,71.225662,0,-0.000000,3422,1278,1677,1824,1622,711,170,125,115,110,105,0,3,0,
5.000000,-2148.605469,-753.437378,-2902.042969,71.496864,0,-0.000000,3432,1276,1681,1823,1626,715,170,125,115,110,105,0,3,0,
5.000000,-2084.541992,-868.133911,-2952.675781,71.584381,0,-0.000000,3402,1266,1672,1819,1624,713,170,125,115,110,105,0,3,-2145114248,
5.000000,-2084.205322,-867.971069,-2952.176270,71.619896,0,-0.000000,3397,1277,1681,1820,1626,714,170,125,115,110,105,0,3,1,
5.000000,-2148.963379,-753.563110,-2902.526367,71.579643,0,-0.000000,3404,1276,1676,1811,1618,712,170,125,115,110,105,0,3,0,
5.000000,-2148.391113,-753.819031,-2902.210205,71.638443,0,-0.000000,3392,1269,1666,1808,1614,714,170,125,115,110,105,0,3,0,
5.000000,-2148.963379,-753.563110,-2902.526367,71.799431,0,-0.000000,3412,1280,1671,1818,1621,721,170,125,115,110,105,0,3,0,
5.000000,-2082.826904,-866.983398,-2949.810303,71.897095,0,-0.000000,3369,1265,1665,1811,1613,716,170,125,115,110,105,0,3,-2145114248,
5.000000,-2082.307129,-867.140991,-2949.448242,71.907074,0,-0.000000,3371,1268,1670,1804,1615,719,170,125,115,110,105,0,3,1,
5.000000,-2146.991211,-752.869751,-2899.860840,71.906944,0,-0.000000,3358,1277,1657,1807,1612,708,170,125,115,110,105,0,3,0,
5.000000,-2146.415039,-753.127441,-2899.542480,71.934761,0,-0.000000,3358,1271,1669,1811,1619,715,170,125,115,110,105,0,3,0,
5.000000,-2146.991211,-752.869751,-2899.860840,72.015091,0,-0.000000,3386,1272,1672,1803,1621,720,170,125,115,110,105,0,3,0,
5.000000,-2084.643799,-865.665405,-2950.309082,72.022278,0,-0.000000,3344,1270,1662,1798,1615,721,170,125,115,110,105,0,3,-2145114248,
5.000000,-2083.501953,-865.783020,-2949.284912,72.000465,0,-0.000000,3343,1265,1662,1799,1620,709,170,125,115,110,105,0,3,1,
5.000000,-2148.050781,-752.897949,-2900.948730,71.953979,0,-0.000000,3337,1268,1668,1798,1614,719,170,125,115,110,105,0,3,0,
5.000000,-2146.613770,-753.540771,-2900.154541,71.917824,0,-0.000000,3350,1269,1661,1798,1610,716,170,125,115,110,105,0,3,0,
5.000000,-2148.050781,-752.897949,-2900.948730,71.930092,0,-0.000000,3347,1269,1658,1797,1619,721,170,125,115,110,105,0,3,0,
5.000000,-2085.419189,-865.812500,-2951.231689,71.868057,0,-0.000000,3350,1281,1666,1803,1631,726,170,125,115,110,105,0,3,-2145114248,
5.000000,-2086.939941,-865.769470,-2952.709473,71.808426,0,-0.000000,3354,1276,1680,1803,1624,720,170,125,115,110,105,0,3,1,
5.000000,-2148.123535,-754.294678,-2902.418213,71.710312,0,-0.000000,3378,1291,1682,1808,1635,723,170,125,115,110,105,0,3,0,
5.000000,-2150.123047,-753.400391,-2903.523438,71.646019,0,-0.000000,3381,1281,1682,1808,1626,714,170,125,115,110,105,0,3,0,
5.000000,-2148.123535,-754.294678,-2902.418213,71.591782,0,-0.000000,3349,1269,1662,1786,1616,717,170,125,115,110,105,0,3,0,
5.000000,-2092.100098,-868.243408,-2960.343506,71.501793,0,-0.000000,3430,1288,1688,1817,1652,722,170,125,115,110,105,0,3,-2145114248,
5.000000,-2089.415039,-869.284180,-2958.699219,71.397209,0,-0.000000,3446,1296,1690,1826,1662,725,170,125,115,110,105,0,3,1,
5.000000,-2155.746338,-755.051147,-2910.797363,71.291603,0,-0.000000,3467,1301,1694,1827,1665,716,170,125,115,110,105,0,3,0,
5.000000,-2152.940674,-756.306030,-2909.246582,71.170349,0,-0.000000,3520,1309,1699,1832,1678,731,170,125,115,110,105,0,3,0,
5.000000,-2155.746338,-755.051147,-2910.797363,71.069984,0,-0.000000,3422,1279,1687,1814,1651,730,170,125,115,110,105,0,3,0,
5.000000,-2105.138184,-874.502197,-2979.640381,70.923874,0,-0.000000,3630,1319,1730,1852,1723,738,170,125,115,110,105,0,3,-2145114248,
5.000000,-2098.950195,-878.365967,-2977.316162,70.772446,0,-0.000000,3707,1337,1747,1872,1743,727,170,125,115,110,105,0,3,1,
5.000000,-2170.055664,-759.049194,-2929.104980,70.637070,0,-0.000000,3775,1360,1760,1897,1763,726,170,125,115,110,105,0,3,0,
5.000000,-2164.690674,-761.448853,-2926.139648,70.490181,0,-0.000000,3855,1366,1777,1902,1788,721,170,125,115,110,105,0,3,0,
5.000000,-2170.055664,-759.049194,-2929.104980,70.350815,0,-0.000000,3558,1320,1718,1839,1691,732,170,125,115,110,105,0,3,0,
6.000000,-2136.353027,-883.653748,-3020.006836,70.199341,0,-0.000000,3991,1386,1841,1981,1901,723,170,125,115,110,105,0,3,-2145114248,
6.000000,-2129.394775,-885.058411,-3014.453125,70.050728,0,-0.000000,4003,1400,1850,1996,1935,704,170,125,115,110,105,0,3,1,
6.000000,-2200.964844,-768.743652,-2969.708496,69.908920,0,-0.000000,4015,1407,1859,2011,1953,700,170,125,115,110,105,0,3,0,
6.000000,-2192.724121,-772.429688,-2965.153809,69.786003,0,-0.000000,4018,1415,1856,2018,1966,703,170,125,115,110,105,0,3,0,
6.000000,-2200.964844,-768.743652,-2969.708496,69.592934,0,-0.000000,3961,1387,1825,1927,1836,715,170,125,115,110,105,0,3,0,
6.000000,-2145.272217,-883.577759,-3028.850098,69.478020,0,-0.000000,4024,1421,1856,2016,1986,701,170,125,115,110,105,0,3,-2145114248,
6.000000,-2145.440918,-883.589539,-3029.030518,69.349022,0,-0.000000,4025,1408,1844,2007,1985,693,170,125,115,110,105,0,3,1,
6.000000,-2206.791016,-774.169006,-2980.959961,69.214447,0,-0.000000,4026,1409,1840,2008,1974,692,170,125,115,110,105,0,3,0,
6.000000,-2207.024902,-774.064331,-2981.089355,69.089745,0,-0.000000,4025,1415,1837,1997,1956,680,170,125,115,110,105,0,3,0,
6.000000,-2206.791016,-774.169006,-2980.959961,68.959396,0,-0.000000,4027,1414,1853,2009,1978,704,170,125,115,110,105,0,3,0,
6.000000,-2135.396973,-885.033997,-3020.430908,68.808174,0,-0.000000,4026,1393,1817,1970,1943,700,170,125,115,110,105,0,3,795,
6.000000,-2137.150879,-884.787964,-3021.938965,68.650703,0,-0.000000,4026,1391,1812,1975,1934,688,170,125,115,110,105,0,3,793,
6.000000,-2198.865723,-772.156921,-2971.022705,68.492569,0,-0.000000,4025,1398,1800,1961,1907,685,170,125,115,110,105,0,3,790,
6.000000,-2201.024170,-771.191467,-2972.215576,68.345528,0,-0.000000,4025,1394,1785,1945,1890,686,170,125,115,110,105,0,3,785,
6.000000,-2198.865723,-772.156921,-2971.022705,68.209114,0,-0.000000,4026,1411,1818,1986,1948,691,170,125,115,110,105,0,3,774,
6.000000,-2122.122070,-886.825378,-3008.947510,68.055153,0,-0.000000,4024,1374,1772,1930,1869,698,170,125,115,110,105,0,3,795,
6.000000,-2122.526123,-886.768738,-3009.294922,67.897377,0,-0.000000,4024,1373,1768,1934,1867,696,170,125,115,110,105,0,3,793,
6.000000,-2188.930176,-768.009155,-2956.939453,67.744019,0,-0.000000,4026,1378,1765,1930,1850,691,170,125,115,110,105,0,3,790,
6.000000,-2189.427734,-767.786621,-2957.214355,67.576607,0,-0.000000,4025,1374,1767,1915,1841,692,170,125,115,110,105,0,3,785,
6.000000,-2188.930176,-768.009155,-2956.939453,67.418457,0,-0.000000,4025,1390,1775,1940,1877,694,170,125,115,110,105,0,3,774,
6.000000,-2117.396240,-887.559204,-3004.955566,67.255226,0,-0.000000,4026,1367,1755,1912,1846,707,170,125,115,110,105,0,3,795,
6.000000,-2117.805664,-887.501831,-3005.307617,67.106056,0,-0.000000,4026,1373,1772,1912,1844,709,170,125,115,110,105,0,3,793,
6.000000,-2185.326416,-766.747620,-2952.073975,66.994331,0,-0.000000,4026,1385,1778,1937,1839,701,170,125,115,110,105,0,3,790,
6.000000,-2185.830322,-766.522217,-2952.352539,66.881683,0,-0.000000,4026,1408,1808,1948,1877,717,170,125,115,110,105,0,3,785,
6.000000,-2185.326416,-766.747620,-2952.073975,66.713730,0,-0.000000,4025,1371,1748,1914,1835,703,170,125,115,110,105,0,3,774,
6.000000,-2123.715332,-886.637390,-3010.352783,66.598930,0,-0.000000,4025,1374,1762,1928,1876,725,170,125,115,110,105,0,3,795,
6.000000,-2123.938477,-886.570618,-3010.509033,66.475159,0,-0.000000,4024,1378,1766,1927,1875,734,170,125,115,110,105,0,3,793,
6.000000,-2190.219727,-768.361816,-2958.581543,66.346741,0,-0.000000,4026,1399,1802,1937,1904,736,170,125,115,110,105,0,3,790,
6.000000,-2190.467529,-768.250916,-2958.718506,66.284256,0,-0.000000,4026,1422,1815,1978,1910,737,170,125,115,110,105,0,3,785,
6.000000,-2190.219727,-768.361816,-2958.581543,66.197449,0,-0.000000,4026,1406,1803,1967,1901,725,170,125,115,110,105,0,3,774,
6.000000,-2128.299072,-886.029724,-3014.328857,66.139359,0,-0.000000,4026,1385,1761,1951,1890,724,170,125,115,110,105,0,3,795,
6.000000,-2126.703613,-886.253540,-3012.957031,66.029335,0,-0.000000,4026,1381,1766,1923,1898,723,170,125,115,110,105,0,3,793,
6.000000,-2194.177246,-768.867615,-2963.044922,65.949142,0,-0.000000,4026,1363,1759,1940,1905,701,170,125,115,110,105,0,3,790,
6.000000,-2192.213867,-769.745911,-2961.959717,65.900787,0,-0.000000,4025,1368,1774,1932,1886,691,170,125,115,110,105,0,3,785,
6.000000,-2194.177246,-768.867615,-2963.044922,65.835022,0,-0.000000,4026,1416,1798,1966,1909,731,170,125,115,110,105,0,3,774,
6.000000,-2123.895020,-886.647583,-3010.542480,65.769379,0,-0.000000,4026,1373,1738,1909,1872,691,170,125,115,110,105,0,3,795,
6.000000,-2123.110596,-886.722168,-3009.832764,65.673004,0,-0.000000,4025,1347,1744,1899,1876,706,170,125,115,110,105,0,3,793,
6.000000,-2190.607178,-768.002808,-2958.609863,65.595924,0,-0.000000,4026,1356,1762,1916,1892,708,170,125,115,110,105,0,3,790,
6.000000,-2189.614746,-768.446655,-2958.061523,65.536186,0,-0.000000,4024,1359,1761,1922,1882,691,170,125,115,110,105,0,3,785,
6.000000,-2190.607178,-768.002808,-2958.609863,65.479950,0,-0.000000,4026,1370,1755,1905,1866,682,170,125,115,110,105,0,3,774,
6.000000,-2122.908691,-886.750610,-3009.659180,65.371658,0,-0.000000,4025,1379,1742,1893,1879,719,170,125,115,110,105,0,3,795,
6.000000,-2124.650146,-886.293213,-3010.943359,65.264137,0,-0.000000,4019,1338,1714,1898,1871,727,170,125,115,110,105,0,3,793,
6.000000,-2189.273682,-768.722534,-2957.996094,65.194817,0,-0.000000,4020,1332,1723,1875,1859,671,170,125,115,110,105,0,3,790,
6.000000,-2191.257080,-767.835449,-2959.092529,65.110268,0,-0.000000,4015,1359,1736,1887,1859,699,170,125,115,110,105,0,3,785,
6.000000,-2189.273682,-768.722534,-2957.996094,65.079102,0,-0.000000,4025,1356,1741,1908,1864,662,170,125,115,110,105,0,3,774,
6.000000,-2117.429443,-887.164124,-3004.593506,64.